Results For: memcpy
length,align1,align2,dst > src, New Time / Old Time
1,0,0,0,2.099
1,0,0,1,2.099
1,32,0,0,2.103
1,32,0,1,2.103
1,0,32,0,2.099
1,0,32,1,2.098
1,32,32,0,2.098
1,32,32,1,2.098
1,2048,0,0,2.098
1,2048,0,1,2.098
2,0,0,0,1.135
2,0,0,1,1.136
2,1,0,0,1.139
2,1,0,1,1.139
2,33,0,0,1.165
2,33,0,1,1.139
2,0,1,0,1.136
2,0,1,1,1.136
2,0,33,0,1.136
2,0,33,1,1.136
2,1,1,0,1.136
2,1,1,1,1.136
2,33,33,0,1.136
2,33,33,1,1.136
2,2048,0,0,1.136
2,2048,0,1,1.136
2,2049,0,0,1.191
2,2049,0,1,1.139
2,2048,1,0,1.136
2,2048,1,1,1.136
2,2049,1,0,1.136
2,2049,1,1,1.136
4,0,0,0,1.074
4,0,0,1,0.962
4,2,0,0,0.973
4,2,0,1,0.989
4,34,0,0,0.991
4,34,0,1,0.991
4,0,2,0,0.962
4,0,2,1,0.962
4,0,34,0,0.962
4,0,34,1,0.962
4,2,2,0,0.962
4,2,2,1,0.962
4,34,34,0,0.962
4,34,34,1,0.962
4,2048,0,0,0.962
4,2048,0,1,0.962
4,2050,0,0,0.977
4,2050,0,1,0.979
4,2048,2,0,0.962
4,2048,2,1,0.962
4,2050,2,0,0.962
4,2050,2,1,0.962
8,0,0,0,0.961
8,0,0,1,0.962
8,3,0,0,1.0
8,3,0,1,1.0
8,35,0,0,1.0
8,35,0,1,1.0
8,0,3,0,0.962
8,0,3,1,0.962
8,0,35,0,0.962
8,0,35,1,0.962
8,3,3,0,0.962
8,3,3,1,0.962
8,35,35,0,0.962
8,35,35,1,0.962
8,2048,0,0,0.962
8,2048,0,1,0.962
8,2051,0,0,1.0
8,2051,0,1,1.0
8,2048,3,0,0.962
8,2048,3,1,0.962
8,2051,3,0,0.962
8,2051,3,1,0.962
16,0,0,0,0.798
16,0,0,1,0.799
16,4,0,0,0.8
16,4,0,1,0.801
16,36,0,0,0.801
16,36,0,1,0.8
16,0,4,0,0.798
16,0,4,1,0.798
16,0,36,0,0.798
16,0,36,1,0.798
16,4,4,0,0.798
16,4,4,1,0.798
16,36,36,0,0.798
16,36,36,1,0.798
16,2048,0,0,0.798
16,2048,0,1,0.799
16,2052,0,0,0.8
16,2052,0,1,0.8
16,2048,4,0,0.798
16,2048,4,1,0.798
16,2052,4,0,0.798
16,2052,4,1,0.798
32,0,0,0,0.471
32,0,0,1,0.471
32,5,0,0,0.471
32,5,0,1,0.471
32,37,0,0,0.961
32,37,0,1,0.961
32,0,5,0,0.471
32,0,5,1,0.471
32,0,37,0,1.021
32,0,37,1,1.021
32,5,5,0,0.471
32,5,5,1,0.471
32,37,37,0,1.011
32,37,37,1,1.011
32,2048,0,0,0.471
32,2048,0,1,0.471
32,2053,0,0,0.471
32,2053,0,1,0.471
32,2048,5,0,0.471
32,2048,5,1,0.471
32,2053,5,0,0.471
32,2053,5,1,0.471
64,0,0,0,1.0
64,0,0,1,1.0
64,6,0,0,0.862
64,6,0,1,0.862
64,38,0,0,0.912
64,38,0,1,0.912
64,0,6,0,0.896
64,0,6,1,0.896
64,0,38,0,0.906
64,0,38,1,0.906
64,6,6,0,0.91
64,6,6,1,0.91
64,38,38,0,0.883
64,38,38,1,0.883
64,2048,0,0,1.0
64,2048,0,1,1.0
64,2054,0,0,0.862
64,2054,0,1,0.862
64,2048,6,0,0.887
64,2048,6,1,0.887
64,2054,6,0,0.887
64,2054,6,1,0.887
128,0,0,0,0.857
128,0,0,1,0.857
128,7,0,0,0.875
128,7,0,1,0.875
128,39,0,0,0.892
128,39,0,1,0.892
128,0,7,0,1.183
128,0,7,1,1.183
128,0,39,0,1.113
128,0,39,1,1.113
128,7,7,0,0.692
128,7,7,1,0.692
128,39,39,0,1.104
128,39,39,1,1.104
128,2048,0,0,0.857
128,2048,0,1,0.857
128,2055,0,0,0.875
128,2055,0,1,0.875
128,2048,7,0,0.959
128,2048,7,1,0.959
128,2055,7,0,1.036
128,2055,7,1,1.036
256,0,0,0,0.889
256,0,0,1,0.889
256,8,0,0,0.966
256,8,0,1,0.966
256,40,0,0,0.983
256,40,0,1,0.983
256,0,8,0,1.29
256,0,8,1,1.29
256,0,40,0,1.274
256,0,40,1,1.274
256,8,8,0,0.865
256,8,8,1,0.865
256,40,40,0,1.477
256,40,40,1,1.477
256,2048,0,0,0.889
256,2048,0,1,0.889
256,2056,0,0,0.966
256,2056,0,1,0.966
256,2048,8,0,0.952
256,2048,8,1,0.952
256,2056,8,0,0.878
256,2056,8,1,0.878
512,0,0,0,1.077
512,0,0,1,1.077
512,9,0,0,1.001
512,9,0,1,1.0
512,41,0,0,0.954
512,41,0,1,0.954
512,0,9,0,1.191
512,0,9,1,1.191
512,0,41,0,1.181
512,0,41,1,1.181
512,9,9,0,0.765
512,9,9,1,0.765
512,41,41,0,0.905
512,41,41,1,0.905
512,2048,0,0,1.077
512,2048,0,1,1.077
512,2057,0,0,1.0
512,2057,0,1,1.0
512,2048,9,0,1.0
512,2048,9,1,1.0
512,2057,9,0,0.733
512,2057,9,1,0.733
1024,0,0,0,1.143
1024,0,0,1,1.143
1024,10,0,0,1.015
1024,10,0,1,1.015
1024,42,0,0,1.045
1024,42,0,1,1.045
1024,0,10,0,1.126
1024,0,10,1,1.126
1024,0,42,0,1.114
1024,0,42,1,1.114
1024,10,10,0,0.89
1024,10,10,1,0.89
1024,42,42,0,0.986
1024,42,42,1,0.986
1024,2048,0,0,1.143
1024,2048,0,1,1.143
1024,2058,0,0,1.015
1024,2058,0,1,1.015
1024,2048,10,0,1.03
1024,2048,10,1,1.03
1024,2058,10,0,0.854
1024,2058,10,1,0.854
2048,0,0,0,1.005
2048,0,0,1,1.005
2048,11,0,0,1.013
2048,11,0,1,1.014
2048,43,0,0,1.044
2048,43,0,1,1.044
2048,0,11,0,1.003
2048,0,11,1,1.003
2048,0,43,0,1.003
2048,0,43,1,1.003
2048,11,11,0,0.92
2048,11,11,1,0.92
2048,43,43,0,1.0
2048,43,43,1,1.0
2048,2048,0,0,1.005
2048,2048,0,1,1.005
2048,2059,0,0,0.904
2048,2059,0,1,0.904
2048,2048,11,0,1.0
2048,2048,11,1,1.0
2048,2059,11,0,0.979
2048,2059,11,1,0.979
4096,0,0,0,1.014
4096,0,0,1,1.014
4096,12,0,0,0.855
4096,12,0,1,0.855
4096,44,0,0,0.857
4096,44,0,1,0.857
4096,0,12,0,0.932
4096,0,12,1,0.932
4096,0,44,0,0.932
4096,0,44,1,0.932
4096,12,12,0,0.999
4096,12,12,1,0.999
4096,44,44,0,1.051
4096,44,44,1,1.051
4096,2048,0,0,1.014
4096,2048,0,1,1.014
4096,2060,0,0,0.98
4096,2060,0,1,0.98
4096,2048,12,0,0.77
4096,2048,12,1,0.77
4096,2060,12,0,0.943
4096,2060,12,1,0.943
8192,0,0,0,1.046
8192,0,0,1,1.046
8192,13,0,0,0.885
8192,13,0,1,0.885
8192,45,0,0,0.887
8192,45,0,1,0.886
8192,0,13,0,0.942
8192,0,13,1,0.942
8192,0,45,0,0.942
8192,0,45,1,0.942
8192,13,13,0,1.03
8192,13,13,1,1.03
8192,45,45,0,1.048
8192,45,45,1,1.048
8192,2048,0,0,1.048
8192,2048,0,1,1.048
8192,2061,0,0,1.011
8192,2061,0,1,1.011
8192,2048,13,0,0.789
8192,2048,13,1,0.789
8192,2061,13,0,0.991
8192,2061,13,1,0.991
16384,0,0,0,1.014
16384,0,0,1,1.008
16384,14,0,0,0.951
16384,14,0,1,0.95
16384,46,0,0,0.874
16384,46,0,1,0.871
16384,0,14,0,0.813
16384,0,14,1,0.81
16384,0,46,0,0.85
16384,0,46,1,0.86
16384,14,14,0,0.985
16384,14,14,1,0.975
16384,46,46,0,1.025
16384,46,46,1,1.027
16384,2048,0,0,1.058
16384,2048,0,1,1.058
16384,2062,0,0,0.849
16384,2062,0,1,0.848
16384,2048,14,0,0.907
16384,2048,14,1,0.907
16384,2062,14,0,0.988
16384,2062,14,1,0.995
32768,0,0,0,0.979
32768,0,0,1,0.979
32768,15,0,0,1.006
32768,15,0,1,1.006
32768,47,0,0,1.004
32768,47,0,1,1.004
32768,0,15,0,1.045
32768,0,15,1,1.045
32768,0,47,0,1.011
32768,0,47,1,1.012
32768,15,15,0,0.977
32768,15,15,1,0.977
32768,47,47,0,0.96
32768,47,47,1,0.96
32768,2048,0,0,0.978
32768,2048,0,1,0.978
32768,2063,0,0,1.004
32768,2063,0,1,1.004
32768,2048,15,0,1.036
32768,2048,15,1,1.036
32768,2063,15,0,0.978
32768,2063,15,1,0.978
65536,0,0,0,0.981
65536,0,0,1,0.981
65536,16,0,0,0.987
65536,16,0,1,0.987
65536,48,0,0,0.968
65536,48,0,1,0.968
65536,0,16,0,1.014
65536,0,16,1,1.014
65536,0,48,0,0.984
65536,0,48,1,0.984
65536,16,16,0,1.01
65536,16,16,1,1.01
65536,48,48,0,0.968
65536,48,48,1,0.968
65536,2048,0,0,0.982
65536,2048,0,1,0.982
65536,2064,0,0,0.987
65536,2064,0,1,0.987
65536,2048,16,0,1.012
65536,2048,16,1,1.012
65536,2064,16,0,1.007
65536,2064,16,1,1.007
0,0,0,0,2.104
0,2048,0,0,2.104
0,4095,0,0,2.109
0,0,4095,0,2.103
1,1,0,0,2.104
1,0,1,0,2.098
1,1,1,0,2.098
1,2049,0,0,2.102
1,2048,1,0,2.098
1,2049,1,0,2.098
1,4095,0,0,2.103
1,0,4095,0,2.098
2,2,0,0,1.139
2,0,2,0,1.136
2,2,2,0,1.136
2,2050,0,0,1.139
2,2048,2,0,1.136
2,2050,2,0,1.136
2,4095,0,0,1.0
2,0,4095,0,1.022
3,0,0,0,0.981
3,3,0,0,0.984
3,0,3,0,0.982
3,3,3,0,0.982
3,2048,0,0,0.982
3,2051,0,0,0.983
3,2048,3,0,0.982
3,2051,3,0,0.982
3,4095,0,0,0.285
3,0,4095,0,0.231
4,4,0,0,1.373
4,0,4,0,1.31
4,4,4,0,1.282
4,2052,0,0,1.264
4,2048,4,0,1.254
4,2052,4,0,1.254
4,4095,0,0,1.971
4,0,4095,0,1.994
5,0,0,0,1.145
5,5,0,0,1.155
5,0,5,0,1.171
5,5,5,0,1.171
5,2048,0,0,1.197
5,2053,0,0,1.173
5,2048,5,0,1.171
5,2053,5,0,1.171
5,4095,0,0,0.935
5,0,4095,0,1.017
6,0,0,0,1.145
6,6,0,0,1.098
6,0,6,0,1.096
6,6,6,0,1.096
6,2048,0,0,1.12
6,2054,0,0,1.122
6,2048,6,0,1.12
6,2054,6,0,1.096
6,4095,0,0,0.935
6,0,4095,0,1.018
7,0,0,0,1.071
7,7,0,0,1.074
7,0,7,0,1.072
7,7,7,0,1.072
7,2048,0,0,1.096
7,2055,0,0,1.098
7,2048,7,0,1.096
7,2055,7,0,1.096
7,4095,0,0,0.935
7,0,4095,0,1.016
8,8,0,0,1.167
8,0,8,0,1.028
8,8,8,0,1.028
8,2056,0,0,1.069
8,2048,8,0,1.028
8,2056,8,0,1.028
8,4095,0,0,1.029
8,0,4095,0,1.043
9,0,0,0,0.799
9,9,0,0,0.801
9,0,9,0,0.799
9,9,9,0,0.799
9,2048,0,0,0.8
9,2057,0,0,0.801
9,2048,9,0,0.8
9,2057,9,0,0.799
9,4095,0,0,0.909
9,0,4095,0,1.0
10,0,0,0,0.799
10,10,0,0,0.801
10,0,10,0,0.8
10,10,10,0,0.8
10,2048,0,0,0.8
10,2058,0,0,0.801
10,2048,10,0,0.8
10,2058,10,0,0.8
10,4095,0,0,0.909
10,0,4095,0,1.0
11,0,0,0,0.799
11,11,0,0,0.801
11,0,11,0,0.8
11,11,11,0,0.8
11,2048,0,0,0.8
11,2059,0,0,0.802
11,2048,11,0,0.8
11,2059,11,0,0.8
11,4095,0,0,0.909
11,0,4095,0,1.0
12,0,0,0,0.799
12,12,0,0,0.801
12,0,12,0,0.8
12,12,12,0,0.8
12,2048,0,0,0.8
12,2060,0,0,0.802
12,2048,12,0,0.8
12,2060,12,0,0.8
12,4095,0,0,0.909
12,0,4095,0,1.0
13,0,0,0,0.798
13,13,0,0,0.801
13,0,13,0,0.799
13,13,13,0,0.799
13,2048,0,0,0.8
13,2061,0,0,0.801
13,2048,13,0,0.8
13,2061,13,0,0.8
13,4095,0,0,0.909
13,0,4095,0,1.0
14,0,0,0,0.799
14,14,0,0,0.801
14,0,14,0,0.8
14,14,14,0,0.8
14,2048,0,0,0.8
14,2062,0,0,0.801
14,2048,14,0,0.8
14,2062,14,0,0.8
14,4095,0,0,0.909
14,0,4095,0,1.0
15,0,0,0,0.799
15,15,0,0,0.801
15,0,15,0,0.8
15,15,15,0,0.8
15,2048,0,0,0.8
15,2063,0,0,0.802
15,2048,15,0,0.8
15,2063,15,0,0.8
15,4095,0,0,0.909
15,0,4095,0,1.0
16,16,0,0,0.801
16,0,16,0,0.799
16,16,16,0,0.799
16,2064,0,0,0.801
16,2048,16,0,0.798
16,2064,16,0,0.798
16,4095,0,0,1.818
16,0,4095,0,1.957
17,0,0,0,0.798
17,17,0,0,0.8
17,0,17,0,0.799
17,17,17,0,0.798
17,2048,0,0,0.798
17,2065,0,0,0.8
17,2048,17,0,0.798
17,2065,17,0,0.799
17,4095,0,0,0.937
17,0,4095,0,1.021
18,0,0,0,0.798
18,18,0,0,0.801
18,0,18,0,0.798
18,18,18,0,0.798
18,2048,0,0,0.799
18,2066,0,0,0.8
18,2048,18,0,0.798
18,2066,18,0,0.798
18,4095,0,0,0.937
18,0,4095,0,1.021
19,0,0,0,0.798
19,19,0,0,0.8
19,0,19,0,0.798
19,19,19,0,0.798
19,2048,0,0,0.798
19,2067,0,0,0.8
19,2048,19,0,0.798
19,2067,19,0,0.798
19,4095,0,0,0.937
19,0,4095,0,1.021
20,0,0,0,0.798
20,20,0,0,0.8
20,0,20,0,0.798
20,20,20,0,0.798
20,2048,0,0,0.798
20,2068,0,0,0.8
20,2048,20,0,0.798
20,2068,20,0,0.798
20,4095,0,0,0.937
20,0,4095,0,1.021
21,0,0,0,0.798
21,21,0,0,0.801
21,0,21,0,0.798
21,21,21,0,0.798
21,2048,0,0,0.798
21,2069,0,0,0.801
21,2048,21,0,0.799
21,2069,21,0,0.798
21,4095,0,0,0.937
21,0,4095,0,1.021
22,0,0,0,0.798
22,22,0,0,0.801
22,0,22,0,0.798
22,22,22,0,0.798
22,2048,0,0,0.798
22,2070,0,0,0.801
22,2048,22,0,0.798
22,2070,22,0,0.798
22,4095,0,0,0.937
22,0,4095,0,1.021
23,0,0,0,0.798
23,23,0,0,0.8
23,0,23,0,0.798
23,23,23,0,0.798
23,2048,0,0,0.798
23,2071,0,0,0.8
23,2048,23,0,0.798
23,2071,23,0,0.798
23,4095,0,0,0.937
23,0,4095,0,1.021
24,0,0,0,0.798
24,24,0,0,0.8
24,0,24,0,0.799
24,24,24,0,0.798
24,2048,0,0,0.798
24,2072,0,0,0.801
24,2048,24,0,0.798
24,2072,24,0,0.798
24,4095,0,0,0.937
24,0,4095,0,1.021
25,0,0,0,0.5
25,25,0,0,0.5
25,0,25,0,0.5
25,25,25,0,0.5
25,2048,0,0,0.5
25,2073,0,0,0.501
25,2048,25,0,0.5
25,2073,25,0,0.5
25,4095,0,0,0.974
25,0,4095,0,0.98
26,0,0,0,0.5
26,26,0,0,0.501
26,0,26,0,0.5
26,26,26,0,0.501
26,2048,0,0,0.5
26,2074,0,0,0.5
26,2048,26,0,0.5
26,2074,26,0,0.5
26,4095,0,0,0.974
26,0,4095,0,1.0
27,0,0,0,0.5
27,27,0,0,0.501
27,0,27,0,0.5
27,27,27,0,0.5
27,2048,0,0,0.5
27,2075,0,0,0.5
27,2048,27,0,0.5
27,2075,27,0,0.5
27,4095,0,0,0.974
27,0,4095,0,1.0
28,0,0,0,0.5
28,28,0,0,0.501
28,0,28,0,0.5
28,28,28,0,0.5
28,2048,0,0,0.5
28,2076,0,0,0.5
28,2048,28,0,0.5
28,2076,28,0,0.5
28,4095,0,0,0.974
28,0,4095,0,1.0
29,0,0,0,0.471
29,29,0,0,0.471
29,0,29,0,0.471
29,29,29,0,0.471
29,2048,0,0,0.471
29,2077,0,0,0.471
29,2048,29,0,0.471
29,2077,29,0,0.471
29,4095,0,0,0.974
29,0,4095,0,1.0
30,0,0,0,0.471
30,30,0,0,0.471
30,0,30,0,0.471
30,30,30,0,0.471
30,2048,0,0,0.471
30,2078,0,0,0.471
30,2048,30,0,0.471
30,2078,30,0,0.471
30,4095,0,0,0.974
30,0,4095,0,1.0
31,0,0,0,0.471
31,31,0,0,0.471
31,0,31,0,0.471
31,31,31,0,0.471
31,2048,0,0,0.471
31,2079,0,0,0.471
31,2048,31,0,0.471
31,2079,31,0,0.471
31,4095,0,0,0.974
31,0,4095,0,1.0
48,0,0,0,1.0
48,0,0,1,1.0
48,3,0,0,1.0
48,3,0,1,1.0
48,0,3,0,1.0
48,0,3,1,1.0
48,3,3,0,1.0
48,3,3,1,1.0
48,2048,0,0,1.0
48,2048,0,1,1.0
48,2051,0,0,1.0
48,2051,0,1,1.0
48,2048,3,0,1.0
48,2048,3,1,1.0
48,2051,3,0,1.0
48,2051,3,1,1.0
80,0,0,0,0.781
80,0,0,1,0.782
80,5,0,0,0.976
80,5,0,1,0.976
80,0,5,0,1.232
80,0,5,1,1.232
80,5,5,0,1.542
80,5,5,1,1.543
80,2048,0,0,0.781
80,2048,0,1,0.782
80,2053,0,0,0.976
80,2053,0,1,0.976
80,2048,5,0,1.093
80,2048,5,1,1.093
80,2053,5,0,1.371
80,2053,5,1,1.371
96,0,0,0,0.758
96,0,0,1,0.758
96,6,0,0,0.929
96,6,0,1,0.929
96,0,6,0,1.204
96,0,6,1,1.204
96,6,6,0,1.562
96,6,6,1,1.562
96,2048,0,0,0.758
96,2048,0,1,0.758
96,2054,0,0,0.929
96,2054,0,1,0.929
96,2048,6,0,1.068
96,2048,6,1,1.068
96,2054,6,0,1.562
96,2054,6,1,1.562
112,0,0,0,0.736
112,0,0,1,0.736
112,7,0,0,0.675
112,7,0,1,0.675
112,0,7,0,0.778
112,0,7,1,0.778
112,7,7,0,0.909
112,7,7,1,0.909
112,2048,0,0,0.736
112,2048,0,1,0.736
112,2055,0,0,0.675
112,2055,0,1,0.675
112,2048,7,0,0.778
112,2048,7,1,0.778
112,2055,7,0,0.909
112,2055,7,1,0.909
144,0,0,0,0.857
144,0,0,1,0.857
144,9,0,0,0.941
144,9,0,1,0.943
144,0,9,0,1.137
144,0,9,1,1.137
144,9,9,0,1.514
144,9,9,1,1.514
144,2048,0,0,0.857
144,2048,0,1,0.857
144,2057,0,0,0.939
144,2057,0,1,0.945
144,2048,9,0,0.922
144,2048,9,1,0.922
144,2057,9,0,1.514
144,2057,9,1,1.514
160,0,0,0,0.698
160,0,0,1,0.698
160,10,0,0,0.91
160,10,0,1,0.91
160,0,10,0,1.211
160,0,10,1,1.212
160,10,10,0,1.357
160,10,10,1,1.357
160,2048,0,0,0.698
160,2048,0,1,0.698
160,2058,0,0,0.91
160,2058,0,1,0.91
160,2048,10,0,0.923
160,2048,10,1,0.923
160,2058,10,0,1.357
160,2058,10,1,1.357
176,0,0,0,0.796
176,0,0,1,0.796
176,11,0,0,0.804
176,11,0,1,0.804
176,0,11,0,0.774
176,0,11,1,0.774
176,11,11,0,0.814
176,11,11,1,0.814
176,2048,0,0,0.796
176,2048,0,1,0.796
176,2059,0,0,0.804
176,2059,0,1,0.804
176,2048,11,0,0.774
176,2048,11,1,0.774
176,2059,11,0,0.814
176,2059,11,1,0.814
192,0,0,0,0.778
192,0,0,1,0.778
192,12,0,0,0.881
192,12,0,1,0.881
192,0,12,0,1.167
192,0,12,1,1.167
192,12,12,0,0.841
192,12,12,1,0.841
192,2048,0,0,0.778
192,2048,0,1,0.778
192,2060,0,0,0.881
192,2060,0,1,0.881
192,2048,12,0,0.889
192,2048,12,1,0.889
192,2060,12,0,0.906
192,2060,12,1,0.906
208,0,0,0,0.833
208,0,0,1,0.833
208,13,0,0,0.921
208,13,0,1,0.921
208,0,13,0,0.835
208,0,13,1,0.833
208,13,13,0,1.333
208,13,13,1,1.333
208,2048,0,0,0.833
208,2048,0,1,0.833
208,2061,0,0,0.921
208,2061,0,1,0.921
208,2048,13,0,0.833
208,2048,13,1,0.833
208,2061,13,0,1.333
208,2061,13,1,1.333
224,0,0,0,0.93
224,0,0,1,0.93
224,14,0,0,1.0
224,14,0,1,1.0
224,0,14,0,1.15
224,0,14,1,1.15
224,14,14,0,1.452
224,14,14,1,1.452
224,2048,0,0,0.93
224,2048,0,1,0.93
224,2062,0,0,1.0
224,2062,0,1,1.0
224,2048,14,0,0.833
224,2048,14,1,0.833
224,2062,14,0,1.452
224,2062,14,1,1.452
240,0,0,0,0.909
240,0,0,1,0.909
240,15,0,0,0.797
240,15,0,1,0.797
240,0,15,0,0.771
240,0,15,1,0.771
240,15,15,0,0.93
240,15,15,1,0.93
240,2048,0,0,0.909
240,2048,0,1,0.909
240,2063,0,0,0.797
240,2063,0,1,0.797
240,2048,15,0,0.771
240,2048,15,1,0.771
240,2063,15,0,0.93
240,2063,15,1,0.93
272,0,0,0,0.9
272,0,0,1,0.9
272,17,0,0,1.015
272,17,0,1,1.015
272,0,17,0,0.926
272,0,17,1,0.927
272,17,17,0,0.892
272,17,17,1,0.892
272,2048,0,0,0.9
272,2048,0,1,0.9
272,2065,0,0,1.015
272,2065,0,1,1.015
272,2048,17,0,0.927
272,2048,17,1,0.927
272,2065,17,0,0.878
272,2065,17,1,0.878
288,0,0,0,0.882
288,0,0,1,0.882
288,18,0,0,0.803
288,18,0,1,0.803
288,0,18,0,0.768
288,0,18,1,0.768
288,18,18,0,0.882
288,18,18,1,0.882
288,2048,0,0,0.882
288,2048,0,1,0.882
288,2066,0,0,0.803
288,2066,0,1,0.803
288,2048,18,0,0.768
288,2048,18,1,0.768
288,2066,18,0,0.882
288,2066,18,1,0.882
304,0,0,0,0.865
304,0,0,1,0.865
304,19,0,0,0.944
304,19,0,1,0.944
304,0,19,0,0.943
304,0,19,1,0.943
304,19,19,0,0.956
304,19,19,1,0.956
304,2048,0,0,0.866
304,2048,0,1,0.865
304,2067,0,0,0.944
304,2067,0,1,0.944
304,2048,19,0,0.943
304,2048,19,1,0.943
304,2067,19,0,0.947
304,2067,19,1,0.947
320,0,0,0,0.944
320,0,0,1,0.944
320,20,0,0,0.962
320,20,0,1,0.962
320,0,20,0,1.214
320,0,20,1,1.214
320,20,20,0,1.365
320,20,20,1,1.365
320,2048,0,0,0.943
320,2048,0,1,0.943
320,2068,0,0,0.962
320,2068,0,1,0.962
320,2048,20,0,0.914
320,2048,20,1,0.914
320,2068,20,0,1.365
320,2068,20,1,1.365
336,0,0,0,1.0
336,0,0,1,1.0
336,21,0,0,0.986
336,21,0,1,0.986
336,0,21,0,0.853
336,0,21,1,0.853
336,21,21,0,0.843
336,21,21,1,0.843
336,2048,0,0,1.0
336,2048,0,1,1.0
336,2069,0,0,0.986
336,2069,0,1,0.986
336,2048,21,0,0.853
336,2048,21,1,0.853
336,2069,21,0,0.831
336,2069,21,1,0.831
352,0,0,0,0.98
352,0,0,1,0.98
352,22,0,0,0.811
352,22,0,1,0.811
352,0,22,0,0.882
352,0,22,1,0.882
352,22,22,0,1.1
352,22,22,1,1.1
352,2048,0,0,0.98
352,2048,0,1,0.98
352,2070,0,0,0.811
352,2070,0,1,0.811
352,2048,22,0,0.882
352,2048,22,1,0.882
352,2070,22,0,1.1
352,2070,22,1,1.1
368,0,0,0,1.058
368,0,0,1,1.058
368,23,0,0,1.0
368,23,0,1,1.0
368,0,23,0,0.948
368,0,23,1,0.948
368,23,23,0,0.723
368,23,23,1,0.723
368,2048,0,0,1.058
368,2048,0,1,1.058
368,2071,0,0,1.0
368,2071,0,1,1.0
368,2048,23,0,0.948
368,2048,23,1,0.948
368,2071,23,0,0.701
368,2071,23,1,0.701
384,0,0,0,1.012
384,0,0,1,1.012
384,24,0,0,1.04
384,24,0,1,1.04
384,0,24,0,1.154
384,0,24,1,1.154
384,24,24,0,1.423
384,24,24,1,1.423
384,2048,0,0,1.012
384,2048,0,1,1.012
384,2072,0,0,1.04
384,2072,0,1,1.04
384,2048,24,0,0.91
384,2048,24,1,0.91
384,2072,24,0,1.423
384,2072,24,1,1.423
400,0,0,0,0.948
400,0,0,1,0.948
400,25,0,0,0.957
400,25,0,1,0.957
400,0,25,0,1.099
400,0,25,1,1.069
400,25,25,0,0.885
400,25,25,1,0.885
400,2048,0,0,0.948
400,2048,0,1,0.948
400,2073,0,0,0.957
400,2073,0,1,0.957
400,2048,25,0,0.94
400,2048,25,1,0.94
400,2073,25,0,0.908
400,2073,25,1,0.908
416,0,0,0,1.017
416,0,0,1,1.017
416,26,0,0,0.903
416,26,0,1,0.903
416,0,26,0,0.881
416,0,26,1,0.881
416,26,26,0,1.035
416,26,26,1,1.035
416,2048,0,0,1.017
416,2048,0,1,1.017
416,2074,0,0,0.903
416,2074,0,1,0.903
416,2048,26,0,0.881
416,2048,26,1,0.881
416,2074,26,0,1.034
416,2074,26,1,1.035
432,0,0,0,1.0
432,0,0,1,1.0
432,27,0,0,0.933
432,27,0,1,0.933
432,0,27,0,0.941
432,0,27,1,0.941
432,27,27,0,0.953
432,27,27,1,0.954
432,2048,0,0,1.0
432,2048,0,1,1.0
432,2075,0,0,0.933
432,2075,0,1,0.933
432,2048,27,0,0.941
432,2048,27,1,0.941
432,2075,27,0,0.93
432,2075,27,1,0.93
448,0,0,0,0.984
448,0,0,1,0.984
448,28,0,0,0.896
448,28,0,1,0.896
448,0,28,0,1.244
448,0,28,1,1.244
448,28,28,0,1.333
448,28,28,1,1.333
448,2048,0,0,0.984
448,2048,0,1,0.984
448,2076,0,0,0.896
448,2076,0,1,0.896
448,2048,28,0,0.988
448,2048,28,1,0.988
448,2076,28,0,1.333
448,2076,28,1,1.333
464,0,0,0,1.083
464,0,0,1,1.083
464,29,0,0,0.978
464,29,0,1,0.978
464,0,29,0,0.924
464,0,29,1,0.924
464,29,29,0,0.901
464,29,29,1,0.901
464,2048,0,0,1.083
464,2048,0,1,1.083
464,2077,0,0,0.978
464,2077,0,1,0.978
464,2048,29,0,0.924
464,2048,29,1,0.924
464,2077,29,0,0.89
464,2077,29,1,0.89
480,0,0,0,1.066
480,0,0,1,1.066
480,30,0,0,0.9
480,30,0,1,0.9
480,0,30,0,0.88
480,0,30,1,0.88
480,30,30,0,1.083
480,30,30,1,1.083
480,2048,0,0,1.066
480,2048,0,1,1.066
480,2078,0,0,0.9
480,2078,0,1,0.9
480,2048,30,0,0.88
480,2048,30,1,0.88
480,2078,30,0,1.083
480,2078,30,1,1.083
496,0,0,0,1.032
496,0,0,1,1.032
496,31,0,0,0.95
496,31,0,1,0.95
496,0,31,0,1.011
496,0,31,1,1.011
496,31,31,0,0.973
496,31,31,1,0.973
496,2048,0,0,1.032
496,2048,0,1,1.032
496,2079,0,0,0.95
496,2079,0,1,0.95
496,2048,31,0,1.011
496,2048,31,1,1.011
496,2079,31,0,0.941
496,2079,31,1,0.941
1024,32,0,0,1.143
1024,32,0,1,1.143
1024,0,32,0,1.143
1024,0,32,1,1.143
1024,32,32,0,1.143
1024,32,32,1,1.143
1024,2080,0,0,1.143
1024,2080,0,1,1.143
1024,2048,32,0,1.143
1024,2048,32,1,1.143
1024,2080,32,0,1.143
1024,2080,32,1,1.143
1056,0,0,0,1.168
1056,0,0,1,1.168
1056,33,0,0,1.067
1056,33,0,1,1.067
1056,0,33,0,0.977
1056,0,33,1,0.977
1056,33,33,0,1.043
1056,33,33,1,1.043
1056,2048,0,0,1.168
1056,2048,0,1,1.168
1056,2081,0,0,1.067
1056,2081,0,1,1.067
1056,2048,33,0,0.977
1056,2048,33,1,0.977
1056,2081,33,0,1.0
1056,2081,33,1,1.0
1088,0,0,0,1.171
1088,0,0,1,1.171
1088,34,0,0,1.041
1088,34,0,1,1.041
1088,0,34,0,1.079
1088,0,34,1,1.079
1088,34,34,0,0.966
1088,34,34,1,0.966
1088,2048,0,0,1.171
1088,2048,0,1,1.171
1088,2082,0,0,1.041
1088,2082,0,1,1.041
1088,2048,34,0,0.994
1088,2048,34,1,0.994
1088,2082,34,0,0.966
1088,2082,34,1,0.966
1120,0,0,0,1.152
1120,0,0,1,1.153
1120,35,0,0,1.051
1120,35,0,1,1.051
1120,0,35,0,1.0
1120,0,35,1,1.0
1120,35,35,0,1.068
1120,35,35,1,1.068
1120,2048,0,0,1.151
1120,2048,0,1,1.151
1120,2083,0,0,1.051
1120,2083,0,1,1.051
1120,2048,35,0,1.0
1120,2048,35,1,1.0
1120,2083,35,0,1.027
1120,2083,35,1,1.027
1152,0,0,0,1.159
1152,0,0,1,1.159
1152,36,0,0,1.034
1152,36,0,1,1.034
1152,0,36,0,1.07
1152,0,36,1,1.07
1152,36,36,0,0.967
1152,36,36,1,0.967
1152,2048,0,0,1.159
1152,2048,0,1,1.159
1152,2084,0,0,1.034
1152,2084,0,1,1.034
1152,2048,36,0,0.984
1152,2048,36,1,0.984
1152,2084,36,0,0.967
1152,2084,36,1,0.967
1184,0,0,0,1.157
1184,0,0,1,1.157
1184,37,0,0,1.067
1184,37,0,1,1.066
1184,0,37,0,0.993
1184,0,37,1,0.993
1184,37,37,0,1.08
1184,37,37,1,1.081
1184,2048,0,0,1.157
1184,2048,0,1,1.157
1184,2085,0,0,1.066
1184,2085,0,1,1.066
1184,2048,37,0,0.993
1184,2048,37,1,0.993
1184,2085,37,0,1.04
1184,2085,37,1,1.04
1216,0,0,0,1.139
1216,0,0,1,1.139
1216,38,0,0,1.024
1216,38,0,1,1.024
1216,0,38,0,1.087
1216,0,38,1,1.087
1216,38,38,0,1.0
1216,38,38,1,1.0
1216,2048,0,0,1.138
1216,2048,0,1,1.138
1216,2086,0,0,1.024
1216,2086,0,1,1.024
1216,2048,38,0,1.01
1216,2048,38,1,1.01
1216,2086,38,0,1.0
1216,2086,38,1,1.0
1248,0,0,0,1.176
1248,0,0,1,1.174
1248,39,0,0,1.074
1248,39,0,1,1.074
1248,0,39,0,0.966
1248,0,39,1,0.985
1248,39,39,0,1.064
1248,39,39,1,1.064
1248,2048,0,0,1.179
1248,2048,0,1,1.179
1248,2087,0,0,1.074
1248,2087,0,1,1.074
1248,2048,39,0,0.985
1248,2048,39,1,0.985
1248,2087,39,0,1.026
1248,2087,39,1,1.026
1280,0,0,0,0.993
1280,0,0,1,0.993
1280,40,0,0,1.051
1280,40,0,1,1.051
1280,0,40,0,1.044
1280,0,40,1,1.045
1280,40,40,0,1.25
1280,40,40,1,1.25
1280,2048,0,0,0.992
1280,2048,0,1,0.992
1280,2088,0,0,1.051
1280,2088,0,1,1.051
1280,2048,40,0,0.946
1280,2048,40,1,0.946
1280,2088,40,0,1.252
1280,2088,40,1,1.252
1312,0,0,0,0.969
1312,0,0,1,0.969
1312,41,0,0,0.991
1312,41,0,1,0.991
1312,0,41,0,0.837
1312,0,41,1,0.837
1312,41,41,0,1.025
1312,41,41,1,1.025
1312,2048,0,0,0.969
1312,2048,0,1,0.969
1312,2089,0,0,0.991
1312,2089,0,1,0.99
1312,2048,41,0,0.837
1312,2048,41,1,0.837
1312,2089,41,0,0.975
1312,2089,41,1,0.975
1344,0,0,0,0.988
1344,0,0,1,0.988
1344,42,0,0,1.031
1344,42,0,1,1.031
1344,0,42,0,1.033
1344,0,42,1,1.033
1344,42,42,0,0.982
1344,42,42,1,0.982
1344,2048,0,0,0.992
1344,2048,0,1,0.992
1344,2090,0,0,1.031
1344,2090,0,1,1.031
1344,2048,42,0,0.943
1344,2048,42,1,0.942
1344,2090,42,0,0.982
1344,2090,42,1,0.982
1376,0,0,0,1.016
1376,0,0,1,1.016
1376,43,0,0,1.01
1376,43,0,1,1.01
1376,0,43,0,0.829
1376,0,43,1,0.829
1376,43,43,0,1.024
1376,43,43,1,1.024
1376,2048,0,0,1.006
1376,2048,0,1,1.015
1376,2091,0,0,1.01
1376,2091,0,1,1.01
1376,2048,43,0,0.829
1376,2048,43,1,0.829
1376,2091,43,0,0.98
1376,2091,43,1,0.98
1408,0,0,0,0.987
1408,0,0,1,0.987
1408,44,0,0,1.015
1408,44,0,1,1.015
1408,0,44,0,1.018
1408,0,44,1,1.014
1408,44,44,0,1.004
1408,44,44,1,0.994
1408,2048,0,0,0.988
1408,2048,0,1,0.988
1408,2092,0,0,1.015
1408,2092,0,1,1.015
1408,2048,44,0,0.955
1408,2048,44,1,0.955
1408,2092,44,0,1.0
1408,2092,44,1,0.994
1440,0,0,0,0.986
1440,0,0,1,0.986
1440,45,0,0,1.013
1440,45,0,1,1.013
1440,0,45,0,0.814
1440,0,45,1,0.814
1440,45,45,0,1.006
1440,45,45,1,1.006
1440,2048,0,0,0.986
1440,2048,0,1,0.986
1440,2093,0,0,1.013
1440,2093,0,1,1.013
1440,2048,45,0,0.814
1440,2048,45,1,0.814
1440,2093,45,0,0.966
1440,2093,45,1,0.966
1472,0,0,0,0.997
1472,0,0,1,0.994
1472,46,0,0,1.045
1472,46,0,1,1.045
1472,0,46,0,1.026
1472,0,46,1,1.026
1472,46,46,0,0.966
1472,46,46,1,0.966
1472,2048,0,0,1.0
1472,2048,0,1,0.996
1472,2094,0,0,1.045
1472,2094,0,1,1.045
1472,2048,46,0,0.939
1472,2048,46,1,0.939
1472,2094,46,0,0.966
1472,2094,46,1,0.966
1504,0,0,0,0.993
1504,0,0,1,0.993
1504,47,0,0,0.999
1504,47,0,1,0.999
1504,0,47,0,0.826
1504,0,47,1,0.826
1504,47,47,0,1.023
1504,47,47,1,1.023
1504,2048,0,0,0.993
1504,2048,0,1,0.993
1504,2095,0,0,0.999
1504,2095,0,1,0.999
1504,2048,47,0,0.826
1504,2048,47,1,0.826
1504,2095,47,0,0.993
1504,2095,47,1,0.993
1536,0,0,0,0.992
1536,0,0,1,0.991
1536,48,0,0,1.019
1536,48,0,1,1.019
1536,0,48,0,1.025
1536,0,48,1,1.024
1536,48,48,0,0.994
1536,48,48,1,0.994
1536,2048,0,0,0.994
1536,2048,0,1,0.994
1536,2096,0,0,1.019
1536,2096,0,1,1.019
1536,2048,48,0,1.025
1536,2048,48,1,1.025
1536,2096,48,0,0.994
1536,2096,48,1,0.994
1568,0,0,0,0.994
1568,0,0,1,0.994
1568,49,0,0,0.903
1568,49,0,1,0.903
1568,0,49,0,1.144
1568,0,49,1,1.144
1568,49,49,0,1.461
1568,49,49,1,1.461
1568,2048,0,0,0.993
1568,2048,0,1,0.993
1568,2097,0,0,0.903
1568,2097,0,1,0.903
1568,2048,49,0,1.09
1568,2048,49,1,1.09
1568,2097,49,0,1.46
1568,2097,49,1,1.46
1600,0,0,0,0.981
1600,0,0,1,0.981
1600,50,0,0,1.022
1600,50,0,1,1.022
1600,0,50,0,1.017
1600,0,50,1,1.017
1600,50,50,0,0.973
1600,50,50,1,0.973
1600,2048,0,0,0.981
1600,2048,0,1,0.981
1600,2098,0,0,1.022
1600,2098,0,1,1.022
1600,2048,50,0,0.961
1600,2048,50,1,0.961
1600,2098,50,0,0.973
1600,2098,50,1,0.973
1632,0,0,0,1.019
1632,0,0,1,1.019
1632,51,0,0,0.893
1632,51,0,1,0.893
1632,0,51,0,1.131
1632,0,51,1,1.131
1632,51,51,0,1.444
1632,51,51,1,1.444
1632,2048,0,0,1.019
1632,2048,0,1,1.019
1632,2099,0,0,0.893
1632,2099,0,1,0.893
1632,2048,51,0,1.079
1632,2048,51,1,1.079
1632,2099,51,0,1.449
1632,2099,51,1,1.449
1664,0,0,0,1.005
1664,0,0,1,1.004
1664,52,0,0,0.986
1664,52,0,1,0.986
1664,0,52,0,1.004
1664,0,52,1,1.004
1664,52,52,0,0.976
1664,52,52,1,0.976
1664,2048,0,0,1.006
1664,2048,0,1,1.006
1664,2100,0,0,0.993
1664,2100,0,1,0.993
1664,2048,52,0,0.946
1664,2048,52,1,0.946
1664,2100,52,0,0.976
1664,2100,52,1,0.976
1696,0,0,0,0.994
1696,0,0,1,0.992
1696,53,0,0,0.884
1696,53,0,1,0.884
1696,0,53,0,1.141
1696,0,53,1,1.141
1696,53,53,0,1.43
1696,53,53,1,1.43
1696,2048,0,0,0.994
1696,2048,0,1,0.994
1696,2101,0,0,0.884
1696,2101,0,1,0.884
1696,2048,53,0,1.088
1696,2048,53,1,1.088
1696,2101,53,0,1.429
1696,2101,53,1,1.429
1728,0,0,0,0.978
1728,0,0,1,0.978
1728,54,0,0,1.031
1728,54,0,1,1.033
1728,0,54,0,1.0
1728,0,54,1,1.0
1728,54,54,0,0.96
1728,54,54,1,0.96
1728,2048,0,0,0.976
1728,2048,0,1,0.976
1728,2102,0,0,1.033
1728,2102,0,1,1.033
1728,2048,54,0,0.947
1728,2048,54,1,0.947
1728,2102,54,0,0.96
1728,2102,54,1,0.96
1760,0,0,0,1.019
1760,0,0,1,1.021
1760,55,0,0,0.9
1760,55,0,1,0.9
1760,0,55,0,1.125
1760,0,55,1,1.125
1760,55,55,0,1.437
1760,55,55,1,1.436
1760,2048,0,0,1.016
1760,2048,0,1,1.015
1760,2103,0,0,0.9
1760,2103,0,1,0.9
1760,2048,55,0,1.073
1760,2048,55,1,1.074
1760,2103,55,0,1.44
1760,2103,55,1,1.44
1792,0,0,0,1.002
1792,0,0,1,1.002
1792,56,0,0,1.028
1792,56,0,1,1.028
1792,0,56,0,1.014
1792,0,56,1,1.015
1792,56,56,0,1.191
1792,56,56,1,1.191
1792,2048,0,0,1.003
1792,2048,0,1,1.003
1792,2104,0,0,1.028
1792,2104,0,1,1.028
1792,2048,56,0,0.963
1792,2048,56,1,0.963
1792,2104,56,0,1.191
1792,2104,56,1,1.191
1824,0,0,0,0.999
1824,0,0,1,1.0
1824,57,0,0,0.891
1824,57,0,1,0.891
1824,0,57,0,1.114
1824,0,57,1,1.114
1824,57,57,0,1.407
1824,57,57,1,1.407
1824,2048,0,0,1.001
1824,2048,0,1,1.001
1824,2105,0,0,0.891
1824,2105,0,1,0.891
1824,2048,57,0,1.064
1824,2048,57,1,1.064
1824,2105,57,0,1.407
1824,2105,57,1,1.407
1856,0,0,0,0.989
1856,0,0,1,0.987
1856,58,0,0,1.042
1856,58,0,1,1.042
1856,0,58,0,1.007
1856,0,58,1,1.007
1856,58,58,0,0.978
1856,58,58,1,0.972
1856,2048,0,0,0.992
1856,2048,0,1,0.992
1856,2106,0,0,1.042
1856,2106,0,1,1.042
1856,2048,58,0,0.954
1856,2048,58,1,0.954
1856,2106,58,0,0.979
1856,2106,58,1,0.972
1888,0,0,0,0.994
1888,0,0,1,0.994
1888,59,0,0,0.883
1888,59,0,1,0.883
1888,0,59,0,1.121
1888,0,59,1,1.123
1888,59,59,0,1.413
1888,59,59,1,1.413
1888,2048,0,0,0.985
1888,2048,0,1,0.994
1888,2107,0,0,0.883
1888,2107,0,1,0.883
1888,2048,59,0,1.076
1888,2048,59,1,1.076
1888,2107,59,0,1.413
1888,2107,59,1,1.413
1920,0,0,0,1.0
1920,0,0,1,0.999
1920,60,0,0,1.033
1920,60,0,1,1.033
1920,0,60,0,0.996
1920,0,60,1,0.997
1920,60,60,0,0.968
1920,60,60,1,0.968
1920,2048,0,0,1.0
1920,2048,0,1,1.0
1920,2108,0,0,1.034
1920,2108,0,1,1.034
1920,2048,60,0,0.949
1920,2048,60,1,0.949
1920,2108,60,0,0.968
1920,2108,60,1,0.968
1952,0,0,0,1.004
1952,0,0,1,1.004
1952,61,0,0,0.898
1952,61,0,1,0.898
1952,0,61,0,1.118
1952,0,61,1,1.118
1952,61,61,0,1.387
1952,61,61,1,1.387
1952,2048,0,0,1.004
1952,2048,0,1,1.004
1952,2109,0,0,0.898
1952,2109,0,1,0.898
1952,2048,61,0,1.071
1952,2048,61,1,1.071
1952,2109,61,0,1.387
1952,2109,61,1,1.387
1984,0,0,0,0.993
1984,0,0,1,0.993
1984,62,0,0,1.025
1984,62,0,1,1.025
1984,0,62,0,1.005
1984,0,62,1,1.007
1984,62,62,0,0.982
1984,62,62,1,0.982
1984,2048,0,0,0.993
1984,2048,0,1,0.993
1984,2110,0,0,1.025
1984,2110,0,1,1.025
1984,2048,62,0,0.96
1984,2048,62,1,0.96
1984,2110,62,0,0.982
1984,2110,62,1,0.982
2016,0,0,0,1.0
2016,0,0,1,0.999
2016,63,0,0,0.889
2016,63,0,1,0.89
2016,0,63,0,1.091
2016,0,63,1,1.092
2016,63,63,0,1.362
2016,63,63,1,1.363
2016,2048,0,0,1.0
2016,2048,0,1,1.0
2016,2111,0,0,0.965
2016,2111,0,1,0.965
2016,2048,63,0,1.049
2016,2048,63,1,1.049
2016,2111,63,0,1.405
2016,2111,63,1,1.405
2048,32,0,0,1.01
2048,32,0,1,1.01
2048,0,32,0,1.005
2048,0,32,1,1.005
2048,32,32,0,1.005
2048,32,32,1,1.005
2048,0,1,0,0.983
2048,0,1,1,0.984
2048,1,0,0,1.039
2048,1,0,1,1.039
2048,32,1,0,1.063
2048,32,1,1,1.063
2048,1,32,0,0.94
2048,1,32,1,0.94
2048,2048,1,0,0.981
2048,2048,1,1,0.981
2048,2049,0,0,0.904
2048,2049,0,1,0.904
2112,0,0,0,0.996
2112,0,0,1,0.995
2112,1,0,0,1.031
2112,1,0,1,1.031
2112,33,0,0,1.01
2112,33,0,1,1.01
2112,0,1,0,0.972
2112,0,1,1,0.972
2112,0,33,0,0.987
2112,0,33,1,0.987
2112,1,1,0,0.914
2112,1,1,1,0.914
2112,33,33,0,0.983
2112,33,33,1,0.983
2112,2048,0,0,0.994
2112,2048,0,1,0.99
2112,2049,0,0,1.031
2112,2049,0,1,1.031
2112,2048,1,0,0.955
2112,2048,1,1,0.955
2112,2049,1,0,0.906
2112,2049,1,1,0.906
2112,33,1,0,1.163
2112,33,1,1,1.164
2112,1,33,0,1.046
2112,1,33,1,1.046
2176,0,0,0,0.984
2176,0,0,1,0.985
2176,2,0,0,1.023
2176,2,0,1,1.023
2176,34,0,0,1.0
2176,34,0,1,1.0
2176,0,2,0,0.985
2176,0,2,1,0.985
2176,0,34,0,0.995
2176,0,34,1,0.982
2176,2,2,0,0.928
2176,2,2,1,0.928
2176,34,34,0,1.004
2176,34,34,1,1.004
2176,2048,0,0,0.985
2176,2048,0,1,0.986
2176,2050,0,0,1.023
2176,2050,0,1,1.023
2176,2048,2,0,0.802
2176,2048,2,1,0.802
2176,2050,2,0,0.894
2176,2050,2,1,0.894
2176,2,1,0,1.068
2176,2,1,1,1.068
2176,1,2,0,0.976
2176,1,2,1,0.976
2176,34,1,0,1.077
2176,34,1,1,1.077
2176,1,34,0,0.978
2176,1,34,1,0.978
2176,2050,1,0,1.061
2176,2050,1,1,1.061
2176,2049,2,0,0.971
2176,2049,2,1,0.971
2240,0,0,0,0.994
2240,0,0,1,0.994
2240,3,0,0,1.038
2240,3,0,1,1.039
2240,35,0,0,1.019
2240,35,0,1,1.019
2240,0,3,0,0.979
2240,0,3,1,0.98
2240,0,35,0,0.991
2240,0,35,1,0.991
2240,3,3,0,0.931
2240,3,3,1,0.931
2240,35,35,0,0.999
2240,35,35,1,0.999
2240,2048,0,0,0.995
2240,2048,0,1,0.995
2240,2051,0,0,1.039
2240,2051,0,1,1.039
2240,2048,3,0,0.799
2240,2048,3,1,0.799
2240,2051,3,0,0.889
2240,2051,3,1,0.889
2240,3,1,0,1.06
2240,3,1,1,1.06
2240,1,3,0,0.968
2240,1,3,1,0.968
2240,35,1,0,1.071
2240,35,1,1,1.071
2240,1,35,0,0.971
2240,1,35,1,0.971
2240,2051,1,0,1.057
2240,2051,1,1,1.057
2240,2049,3,0,0.966
2240,2049,3,1,0.966
2304,0,0,0,0.986
2304,0,0,1,0.986
2304,4,0,0,1.031
2304,4,0,1,1.032
2304,36,0,0,1.011
2304,36,0,1,1.011
2304,0,4,0,0.968
2304,0,4,1,0.969
2304,0,36,0,0.988
2304,0,36,1,0.988
2304,4,4,0,0.93
2304,4,4,1,0.931
2304,36,36,0,0.992
2304,36,36,1,0.992
2304,2048,0,0,0.988
2304,2048,0,1,0.988
2304,2052,0,0,1.032
2304,2052,0,1,1.032
2304,2048,4,0,0.793
2304,2048,4,1,0.793
2304,2052,4,0,0.884
2304,2052,4,1,0.884
2304,4,1,0,0.989
2304,4,1,1,0.989
2304,1,4,0,0.897
2304,1,4,1,0.898
2304,36,1,0,1.057
2304,36,1,1,1.057
2304,1,36,0,0.966
2304,1,36,1,0.966
2304,2052,1,0,1.052
2304,2052,1,1,1.052
2304,2049,4,0,0.955
2304,2049,4,1,0.955
2368,0,0,0,1.0
2368,0,0,1,1.001
2368,5,0,0,1.024
2368,5,0,1,1.025
2368,37,0,0,1.0
2368,37,0,1,1.0
2368,0,5,0,0.98
2368,0,5,1,0.981
2368,0,37,0,0.983
2368,0,37,1,0.98
2368,5,5,0,0.944
2368,5,5,1,0.944
2368,37,37,0,1.003
2368,37,37,1,1.003
2368,2048,0,0,1.002
2368,2048,0,1,1.002
2368,2053,0,0,1.025
2368,2053,0,1,1.025
2368,2048,5,0,0.801
2368,2048,5,1,0.801
2368,2053,5,0,0.907
2368,2053,5,1,0.907
2368,5,1,0,1.071
2368,5,1,1,1.071
2368,1,5,0,0.973
2368,1,5,1,0.973
2368,37,1,0,1.07
2368,37,1,1,1.07
2368,1,37,0,0.974
2368,1,37,1,0.974
2368,2053,1,0,1.065
2368,2053,1,1,1.065
2368,2049,5,0,0.967
2368,2049,5,1,0.967
2432,0,0,0,0.965
2432,0,0,1,1.0
2432,6,0,0,1.038
2432,6,0,1,1.039
2432,38,0,0,1.021
2432,38,0,1,1.021
2432,0,6,0,0.974
2432,0,6,1,0.976
2432,0,38,0,0.986
2432,0,38,1,0.986
2432,6,6,0,0.926
2432,6,6,1,0.926
2432,38,38,0,1.0
2432,38,38,1,1.0
2432,2048,0,0,1.004
2432,2048,0,1,1.004
2432,2054,0,0,1.039
2432,2054,0,1,1.039
2432,2048,6,0,0.797
2432,2048,6,1,0.797
2432,2054,6,0,0.898
2432,2054,6,1,0.898
2432,6,1,0,1.063
2432,6,1,1,1.063
2432,1,6,0,0.965
2432,1,6,1,0.965
2432,38,1,0,1.068
2432,38,1,1,1.068
2432,1,38,0,0.968
2432,1,38,1,0.968
2432,2054,1,0,1.06
2432,2054,1,1,1.06
2432,2049,6,0,0.963
2432,2049,6,1,0.963
2496,0,0,0,1.013
2496,0,0,1,1.013
2496,7,0,0,1.032
2496,7,0,1,1.032
2496,39,0,0,1.013
2496,39,0,1,1.013
2496,0,7,0,0.965
2496,0,7,1,0.965
2496,0,39,0,0.979
2496,0,39,1,0.979
2496,7,7,0,0.925
2496,7,7,1,0.925
2496,39,39,0,0.989
2496,39,39,1,0.989
2496,2048,0,0,1.013
2496,2048,0,1,1.013
2496,2055,0,0,1.032
2496,2055,0,1,1.032
2496,2048,7,0,0.792
2496,2048,7,1,0.792
2496,2055,7,0,0.93
2496,2055,7,1,0.93
2496,7,1,0,0.984
2496,7,1,1,0.984
2496,1,7,0,0.894
2496,1,7,1,0.895
2496,39,1,0,1.054
2496,39,1,1,1.054
2496,1,39,0,0.963
2496,1,39,1,0.963
2496,2055,1,0,1.049
2496,2055,1,1,1.049
2496,2049,7,0,0.953
2496,2049,7,1,0.953
2560,0,0,0,0.991
2560,0,0,1,0.991
2560,8,0,0,1.031
2560,8,0,1,1.032
2560,40,0,0,1.029
2560,40,0,1,1.029
2560,0,8,0,0.992
2560,0,8,1,0.992
2560,0,40,0,0.975
2560,0,40,1,0.984
2560,8,8,0,0.942
2560,8,8,1,0.943
2560,40,40,0,1.139
2560,40,40,1,1.139
2560,2048,0,0,0.993
2560,2048,0,1,0.993
2560,2056,0,0,1.032
2560,2056,0,1,1.032
2560,2048,8,0,0.812
2560,2048,8,1,0.812
2560,2056,8,0,0.912
2560,2056,8,1,0.912
2560,8,1,0,1.068
2560,8,1,1,1.069
2560,1,8,0,0.974
2560,1,8,1,0.974
2560,40,1,0,1.068
2560,40,1,1,1.068
2560,1,40,0,0.996
2560,1,40,1,0.996
2560,2056,1,0,1.063
2560,2056,1,1,1.063
2560,2049,8,0,0.969
2560,2049,8,1,0.969
2624,0,0,0,0.995
2624,0,0,1,0.994
2624,9,0,0,1.015
2624,9,0,1,1.018
2624,41,0,0,1.044
2624,41,0,1,1.044
2624,0,9,0,0.988
2624,0,9,1,0.99
2624,0,41,0,0.989
2624,0,41,1,0.99
2624,9,9,0,0.943
2624,9,9,1,0.943
2624,41,41,0,0.993
2624,41,41,1,0.993
2624,2048,0,0,0.998
2624,2048,0,1,0.998
2624,2057,0,0,1.018
2624,2057,0,1,1.018
2624,2048,9,0,0.81
2624,2048,9,1,0.81
2624,2057,9,0,0.907
2624,2057,9,1,0.907
2624,9,1,0,1.09
2624,9,1,1,1.09
2624,1,9,0,0.967
2624,1,9,1,0.967
2624,41,1,0,1.084
2624,41,1,1,1.085
2624,1,41,0,0.958
2624,1,41,1,0.957
2624,2057,1,0,1.087
2624,2057,1,1,1.087
2624,2049,9,0,0.965
2624,2049,9,1,0.965
2688,0,0,0,0.995
2688,0,0,1,0.995
2688,10,0,0,1.01
2688,10,0,1,1.012
2688,42,0,0,1.036
2688,42,0,1,1.036
2688,0,10,0,0.978
2688,0,10,1,0.979
2688,0,42,0,0.977
2688,0,42,1,0.978
2688,10,10,0,0.942
2688,10,10,1,0.942
2688,42,42,0,0.989
2688,42,42,1,0.989
2688,2048,0,0,0.995
2688,2048,0,1,0.995
2688,2058,0,0,1.012
2688,2058,0,1,1.012
2688,2048,10,0,0.804
2688,2048,10,1,0.804
2688,2058,10,0,0.905
2688,2058,10,1,0.905
2688,10,1,0,0.986
2688,10,1,1,0.987
2688,1,10,0,0.893
2688,1,10,1,0.894
2688,42,1,0,1.054
2688,42,1,1,1.054
2688,1,42,0,0.958
2688,1,42,1,0.958
2688,2058,1,0,1.052
2688,2058,1,1,1.052
2688,2049,10,0,0.954
2688,2049,10,1,0.954
2752,0,0,0,1.0
2752,0,0,1,0.992
2752,11,0,0,0.954
2752,11,0,1,0.954
2752,43,0,0,0.979
2752,43,0,1,0.979
2752,0,11,0,0.939
2752,0,11,1,0.939
2752,0,43,0,0.931
2752,0,43,1,0.932
2752,11,11,0,0.949
2752,11,11,1,0.949
2752,43,43,0,1.007
2752,43,43,1,1.007
2752,2048,0,0,0.993
2752,2048,0,1,0.993
2752,2059,0,0,0.954
2752,2059,0,1,0.954
2752,2048,11,0,0.77
2752,2048,11,1,0.77
2752,2059,11,0,0.916
2752,2059,11,1,0.916
2752,11,1,0,0.994
2752,11,1,1,0.994
2752,1,11,0,0.928
2752,1,11,1,0.928
2752,43,1,0,1.022
2752,43,1,1,1.022
2752,1,43,0,0.92
2752,1,43,1,0.92
2752,2059,1,0,0.989
2752,2059,1,1,0.989
2752,2049,11,0,0.923
2752,2049,11,1,0.923
2816,0,0,0,1.003
2816,0,0,1,1.003
2816,12,0,0,0.897
2816,12,0,1,0.894
2816,44,0,0,0.914
2816,44,0,1,0.914
2816,0,12,0,0.876
2816,0,12,1,0.874
2816,0,44,0,0.871
2816,0,44,1,0.87
2816,12,12,0,0.948
2816,12,12,1,0.948
2816,44,44,0,1.009
2816,44,44,1,1.009
2816,2048,0,0,1.005
2816,2048,0,1,1.005
2816,2060,0,0,0.894
2816,2060,0,1,0.894
2816,2048,12,0,0.714
2816,2048,12,1,0.713
2816,2060,12,0,0.915
2816,2060,12,1,0.915
2816,12,1,0,0.917
2816,12,1,1,0.917
2816,1,12,0,0.858
2816,1,12,1,0.857
2816,44,1,0,0.944
2816,44,1,1,0.943
2816,1,44,0,0.856
2816,1,44,1,0.856
2816,2060,1,0,0.914
2816,2060,1,1,0.914
2816,2049,12,0,0.855
2816,2049,12,1,0.855
2880,0,0,0,0.989
2880,0,0,1,0.989
2880,13,0,0,0.967
2880,13,0,1,0.967
2880,45,0,0,0.987
2880,45,0,1,0.987
2880,0,13,0,0.925
2880,0,13,1,0.925
2880,0,45,0,0.927
2880,0,45,1,0.927
2880,13,13,0,0.944
2880,13,13,1,0.944
2880,45,45,0,1.003
2880,45,45,1,1.003
2880,2048,0,0,0.989
2880,2048,0,1,0.989
2880,2061,0,0,0.967
2880,2061,0,1,0.967
2880,2048,13,0,0.76
2880,2048,13,1,0.76
2880,2061,13,0,0.91
2880,2061,13,1,0.91
2880,13,1,0,0.922
2880,13,1,1,0.922
2880,1,13,0,0.859
2880,1,13,1,0.859
2880,45,1,0,1.013
2880,45,1,1,1.013
2880,1,45,0,0.92
2880,1,45,1,0.92
2880,2061,1,0,0.984
2880,2061,1,1,0.984
2880,2049,13,0,0.918
2880,2049,13,1,0.918
2944,0,0,0,1.014
2944,0,0,1,1.014
2944,14,0,0,0.956
2944,14,0,1,0.955
2944,46,0,0,0.979
2944,46,0,1,0.979
2944,0,14,0,0.937
2944,0,14,1,0.937
2944,0,46,0,0.93
2944,0,46,1,0.93
2944,14,14,0,0.953
2944,14,14,1,0.953
2944,46,46,0,1.009
2944,46,46,1,1.009
2944,2048,0,0,1.015
2944,2048,0,1,1.015
2944,2062,0,0,0.955
2944,2062,0,1,0.955
2944,2048,14,0,0.769
2944,2048,14,1,0.769
2944,2062,14,0,0.923
2944,2062,14,1,0.923
2944,14,1,0,0.994
2944,14,1,1,0.994
2944,1,14,0,0.927
2944,1,14,1,0.927
2944,46,1,0,1.021
2944,46,1,1,1.021
2944,1,46,0,0.923
2944,1,46,1,0.923
2944,2062,1,0,0.988
2944,2062,1,1,0.988
2944,2049,14,0,0.922
2944,2049,14,1,0.922
3008,0,0,0,0.994
3008,0,0,1,0.994
3008,15,0,0,0.941
3008,15,0,1,0.941
3008,47,0,0,0.996
3008,47,0,1,0.996
3008,0,15,0,0.929
3008,0,15,1,0.933
3008,0,47,0,0.933
3008,0,47,1,0.933
3008,15,15,0,0.952
3008,15,15,1,0.949
3008,47,47,0,1.003
3008,47,47,1,1.003
3008,2048,0,0,0.998
3008,2048,0,1,0.998
3008,2063,0,0,0.941
3008,2063,0,1,0.941
3008,2048,15,0,0.766
3008,2048,15,1,0.766
3008,2063,15,0,0.916
3008,2063,15,1,0.916
3008,15,1,0,0.985
3008,15,1,1,0.985
3008,1,15,0,0.916
3008,1,15,1,0.916
3008,47,1,0,1.014
3008,47,1,1,1.014
3008,1,47,0,0.902
3008,1,47,1,0.902
3008,2063,1,0,0.981
3008,2063,1,1,0.981
3008,2049,15,0,0.912
3008,2049,15,1,0.913
3072,0,0,0,1.016
3072,0,0,1,1.015
3072,16,0,0,1.045
3072,16,0,1,1.045
3072,48,0,0,1.045
3072,48,0,1,1.045
3072,0,16,0,1.049
3072,0,16,1,1.049
3072,0,48,0,1.049
3072,0,48,1,1.049
3072,16,16,0,1.016
3072,16,16,1,1.016
3072,48,48,0,1.016
3072,48,48,1,1.016
3072,2048,0,0,1.016
3072,2048,0,1,1.016
3072,2064,0,0,1.045
3072,2064,0,1,1.045
3072,2048,16,0,1.049
3072,2048,16,1,1.049
3072,2064,16,0,1.016
3072,2064,16,1,1.016
3072,16,1,0,0.815
3072,16,1,1,0.815
3072,1,16,0,0.872
3072,1,16,1,0.872
3072,48,1,0,1.017
3072,48,1,1,1.017
3072,1,48,0,0.872
3072,1,48,1,0.872
3072,2064,1,0,0.815
3072,2064,1,1,0.815
3072,2049,16,0,0.872
3072,2049,16,1,0.872
3136,0,0,0,0.995
3136,0,0,1,0.995
3136,17,0,0,0.949
3136,17,0,1,0.949
3136,49,0,0,0.987
3136,49,0,1,0.987
3136,0,17,0,0.919
3136,0,17,1,0.917
3136,0,49,0,0.931
3136,0,49,1,0.931
3136,17,17,0,1.122
3136,17,17,1,1.119
3136,49,49,0,0.987
3136,49,49,1,0.987
3136,2048,0,0,0.997
3136,2048,0,1,0.997
3136,2065,0,0,0.949
3136,2065,0,1,0.949
3136,2048,17,0,0.896
3136,2048,17,1,0.896
3136,2065,17,0,1.122
3136,2065,17,1,1.119
3136,17,1,0,1.184
3136,17,1,1,1.184
3136,1,17,0,1.124
3136,1,17,1,1.125
3136,49,1,0,1.11
3136,49,1,1,1.108
3136,1,49,0,1.044
3136,1,49,1,1.044
3136,2065,1,0,1.147
3136,2065,1,1,1.147
3136,2049,17,0,1.102
3136,2049,17,1,1.1
3200,0,0,0,1.006
3200,0,0,1,1.006
3200,18,0,0,0.978
3200,18,0,1,0.978
3200,50,0,0,0.998
3200,50,0,1,0.998
3200,0,18,0,0.932
3200,0,18,1,0.932
3200,0,50,0,0.93
3200,0,50,1,0.93
3200,18,18,0,1.11
3200,18,18,1,1.11
3200,50,50,0,0.994
3200,50,50,1,0.994
3200,2048,0,0,1.007
3200,2048,0,1,1.007
3200,2066,0,0,0.978
3200,2066,0,1,0.978
3200,2048,18,0,0.894
3200,2048,18,1,0.894
3200,2066,18,0,1.11
3200,2066,18,1,1.11
3200,18,1,0,1.002
3200,18,1,1,1.002
3200,1,18,0,0.917
3200,1,18,1,0.917
3200,50,1,0,0.963
3200,50,1,1,0.964
3200,1,50,0,0.888
3200,1,50,1,0.888
3200,2066,1,0,1.002
3200,2066,1,1,1.002
3200,2049,18,0,0.914
3200,2049,18,1,0.914
3264,0,0,0,0.994
3264,0,0,1,0.994
3264,19,0,0,0.959
3264,19,0,1,0.959
3264,51,0,0,0.994
3264,51,0,1,0.994
3264,0,19,0,0.927
3264,0,19,1,0.927
3264,0,51,0,0.927
3264,0,51,1,0.927
3264,19,19,0,1.1
3264,19,19,1,1.1
3264,51,51,0,0.982
3264,51,51,1,0.982
3264,2048,0,0,0.994
3264,2048,0,1,0.994
3264,2067,0,0,0.959
3264,2067,0,1,0.959
3264,2048,19,0,0.891
3264,2048,19,1,0.891
3264,2067,19,0,1.099
3264,2067,19,1,1.099
3264,19,1,0,0.977
3264,19,1,1,0.976
3264,1,19,0,0.921
3264,1,19,1,0.921
3264,51,1,0,0.959
3264,51,1,1,0.959
3264,1,51,0,0.886
3264,1,51,1,0.886
3264,2067,1,0,0.976
3264,2067,1,1,0.976
3264,2049,19,0,0.917
3264,2049,19,1,0.917
3328,0,0,0,0.996
3328,0,0,1,0.992
3328,20,0,0,0.955
3328,20,0,1,0.955
3328,52,0,0,0.99
3328,52,0,1,0.99
3328,0,20,0,0.926
3328,0,20,1,0.923
3328,0,52,0,0.933
3328,0,52,1,0.933
3328,20,20,0,1.11
3328,20,20,1,1.11
3328,52,52,0,0.988
3328,52,52,1,0.988
3328,2048,0,0,0.993
3328,2048,0,1,0.993
3328,2068,0,0,0.955
3328,2068,0,1,0.955
3328,2048,20,0,0.9
3328,2048,20,1,0.9
3328,2068,20,0,1.109
3328,2068,20,1,1.109
3328,20,1,0,0.99
3328,20,1,1,0.99
3328,1,20,0,0.922
3328,1,20,1,0.922
3328,52,1,0,0.972
3328,52,1,1,0.972
3328,1,52,0,0.901
3328,1,52,1,0.901
3328,2068,1,0,0.99
3328,2068,1,1,0.99
3328,2049,20,0,0.918
3328,2049,20,1,0.918
3392,0,0,0,0.998
3392,0,0,1,1.0
3392,21,0,0,0.964
3392,21,0,1,0.964
3392,53,0,0,0.998
3392,53,0,1,0.998
3392,0,21,0,0.932
3392,0,21,1,0.932
3392,0,53,0,0.93
3392,0,53,1,0.93
3392,21,21,0,1.113
3392,21,21,1,1.113
3392,53,53,0,0.983
3392,53,53,1,0.983
3392,2048,0,0,1.0
3392,2048,0,1,1.0
3392,2069,0,0,0.964
3392,2069,0,1,0.964
3392,2048,21,0,0.895
3392,2048,21,1,0.896
3392,2069,21,0,1.113
3392,2069,21,1,1.113
3392,21,1,0,0.994
3392,21,1,1,0.994
3392,1,21,0,0.923
3392,1,21,1,0.923
3392,53,1,0,0.972
3392,53,1,1,0.972
3392,1,53,0,0.891
3392,1,53,1,0.891
3392,2069,1,0,0.994
3392,2069,1,1,0.994
3392,2049,21,0,0.922
3392,2049,21,1,0.922
3456,0,0,0,0.995
3456,0,0,1,0.995
3456,22,0,0,0.965
3456,22,0,1,0.965
3456,54,0,0,0.996
3456,54,0,1,0.996
3456,0,22,0,0.927
3456,0,22,1,0.927
3456,0,54,0,0.927
3456,0,54,1,0.927
3456,22,22,0,1.107
3456,22,22,1,1.107
3456,54,54,0,0.98
3456,54,54,1,0.98
3456,2048,0,0,0.995
3456,2048,0,1,0.995
3456,2070,0,0,0.965
3456,2070,0,1,0.965
3456,2048,22,0,0.893
3456,2048,22,1,0.893
3456,2070,22,0,1.107
3456,2070,22,1,1.107
3456,22,1,0,0.988
3456,22,1,1,0.988
3456,1,22,0,0.921
3456,1,22,1,0.921
3456,54,1,0,0.963
3456,54,1,1,0.963
3456,1,54,0,0.887
3456,1,54,1,0.887
3456,2070,1,0,0.988
3456,2070,1,1,0.988
3456,2049,22,0,0.917
3456,2049,22,1,0.917
3520,0,0,0,1.016
3520,0,0,1,1.016
3520,23,0,0,0.957
3520,23,0,1,0.957
3520,55,0,0,0.991
3520,55,0,1,0.991
3520,0,23,0,0.919
3520,0,23,1,0.924
3520,0,55,0,0.934
3520,0,55,1,0.934
3520,23,23,0,1.111
3520,23,23,1,1.111
3520,55,55,0,0.994
3520,55,55,1,0.994
3520,2048,0,0,1.016
3520,2048,0,1,1.016
3520,2071,0,0,0.957
3520,2071,0,1,0.957
3520,2048,23,0,0.903
3520,2048,23,1,0.903
3520,2071,23,0,1.111
3520,2071,23,1,1.111
3520,23,1,0,0.997
3520,23,1,1,0.997
3520,1,23,0,0.921
3520,1,23,1,0.921
3520,55,1,0,0.976
3520,55,1,1,0.976
3520,1,55,0,0.902
3520,1,55,1,0.902
3520,2071,1,0,0.997
3520,2071,1,1,0.997
3520,2049,23,0,0.918
3520,2049,23,1,0.918
3584,0,0,0,1.004
3584,0,0,1,1.004
3584,24,0,0,0.985
3584,24,0,1,0.979
3584,56,0,0,1.006
3584,56,0,1,1.006
3584,0,24,0,0.931
3584,0,24,1,0.931
3584,0,56,0,0.93
3584,0,56,1,0.93
3584,24,24,0,1.111
3584,24,24,1,1.11
3584,56,56,0,1.101
3584,56,56,1,1.1
3584,2048,0,0,1.005
3584,2048,0,1,1.005
3584,2072,0,0,0.98
3584,2072,0,1,0.978
3584,2048,24,0,0.896
3584,2048,24,1,0.897
3584,2072,24,0,1.111
3584,2072,24,1,1.111
3584,24,1,0,1.004
3584,24,1,1,1.004
3584,1,24,0,0.921
3584,1,24,1,0.921
3584,56,1,0,0.971
3584,56,1,1,0.97
3584,1,56,0,0.89
3584,1,56,1,0.89
3584,2072,1,0,1.004
3584,2072,1,1,1.004
3584,2049,24,0,0.918
3584,2049,24,1,0.918
3648,0,0,0,1.012
3648,0,0,1,1.012
3648,25,0,0,0.96
3648,25,0,1,0.96
3648,57,0,0,0.988
3648,57,0,1,0.988
3648,0,25,0,0.927
3648,0,25,1,0.927
3648,0,57,0,0.927
3648,0,57,1,0.927
3648,25,25,0,1.101
3648,25,25,1,1.101
3648,57,57,0,0.986
3648,57,57,1,0.986
3648,2048,0,0,1.012
3648,2048,0,1,1.012
3648,2073,0,0,0.96
3648,2073,0,1,0.959
3648,2048,25,0,0.894
3648,2048,25,1,0.895
3648,2073,25,0,1.103
3648,2073,25,1,1.103
3648,25,1,0,1.024
3648,25,1,1,1.024
3648,1,25,0,0.911
3648,1,25,1,0.912
3648,57,1,0,0.973
3648,57,1,1,0.974
3648,1,57,0,0.888
3648,1,57,1,0.888
3648,2073,1,0,1.024
3648,2073,1,1,1.024
3648,2049,25,0,0.907
3648,2049,25,1,0.907
3712,0,0,0,0.996
3712,0,0,1,0.996
3712,26,0,0,0.96
3712,26,0,1,0.96
3712,58,0,0,0.995
3712,58,0,1,0.995
3712,0,26,0,0.919
3712,0,26,1,0.918
3712,0,58,0,0.93
3712,0,58,1,0.93
3712,26,26,0,1.103
3712,26,26,1,1.102
3712,58,58,0,0.989
3712,58,58,1,0.989
3712,2048,0,0,0.997
3712,2048,0,1,0.997
3712,2074,0,0,0.959
3712,2074,0,1,0.959
3712,2048,26,0,0.901
3712,2048,26,1,0.901
3712,2074,26,0,1.104
3712,2074,26,1,1.102
3712,26,1,0,1.001
3712,26,1,1,1.001
3712,1,26,0,0.922
3712,1,26,1,0.922
3712,58,1,0,0.974
3712,58,1,1,0.974
3712,1,58,0,0.903
3712,1,58,1,0.903
3712,2074,1,0,1.001
3712,2074,1,1,1.001
3712,2049,26,0,0.919
3712,2049,26,1,0.919
3776,0,0,0,1.003
3776,0,0,1,1.003
3776,27,0,0,0.964
3776,27,0,1,0.964
3776,59,0,0,1.004
3776,59,0,1,1.004
3776,0,27,0,0.931
3776,0,27,1,0.931
3776,0,59,0,0.929
3776,0,59,1,0.93
3776,27,27,0,1.097
3776,27,27,1,1.097
3776,59,59,0,0.992
3776,59,59,1,0.992
3776,2048,0,0,1.003
3776,2048,0,1,1.003
3776,2075,0,0,0.963
3776,2075,0,1,0.964
3776,2048,27,0,0.898
3776,2048,27,1,0.898
3776,2075,27,0,1.097
3776,2075,27,1,1.097
3776,27,1,0,0.998
3776,27,1,1,0.998
3776,1,27,0,0.925
3776,1,27,1,0.925
3776,59,1,0,0.979
3776,59,1,1,0.979
3776,1,59,0,0.894
3776,1,59,1,0.894
3776,2075,1,0,0.998
3776,2075,1,1,0.999
3776,2049,27,0,0.923
3776,2049,27,1,0.923
3840,0,0,0,0.997
3840,0,0,1,0.997
3840,28,0,0,0.968
3840,28,0,1,0.968
3840,60,0,0,1.001
3840,60,0,1,1.001
3840,0,28,0,0.926
3840,0,28,1,0.927
3840,0,60,0,0.927
3840,0,60,1,0.927
3840,28,28,0,1.094
3840,28,28,1,1.094
3840,60,60,0,0.982
3840,60,60,1,0.982
3840,2048,0,0,0.998
3840,2048,0,1,0.998
3840,2076,0,0,0.968
3840,2076,0,1,0.968
3840,2048,28,0,0.896
3840,2048,28,1,0.896
3840,2076,28,0,1.094
3840,2076,28,1,1.094
3840,28,1,0,0.983
3840,28,1,1,0.982
3840,1,28,0,0.916
3840,1,28,1,0.916
3840,60,1,0,0.969
3840,60,1,1,0.969
3840,1,60,0,0.891
3840,1,60,1,0.891
3840,2076,1,0,0.983
3840,2076,1,1,0.983
3840,2049,28,0,0.912
3840,2049,28,1,0.912
3904,0,0,0,1.002
3904,0,0,1,1.0
3904,29,0,0,0.961
3904,29,0,1,0.961
3904,61,0,0,0.997
3904,61,0,1,0.997
3904,0,29,0,0.915
3904,0,29,1,0.922
3904,0,61,0,0.933
3904,0,61,1,0.933
3904,29,29,0,1.103
3904,29,29,1,1.103
3904,61,61,0,0.995
3904,61,61,1,0.995
3904,2048,0,0,0.998
3904,2048,0,1,1.0
3904,2077,0,0,0.961
3904,2077,0,1,0.961
3904,2048,29,0,0.904
3904,2048,29,1,0.904
3904,2077,29,0,1.103
3904,2077,29,1,1.103
3904,29,1,0,1.0
3904,29,1,1,1.0
3904,1,29,0,0.922
3904,1,29,1,0.922
3904,61,1,0,0.98
3904,61,1,1,0.98
3904,1,61,0,0.904
3904,1,61,1,0.904
3904,2077,1,0,1.0
3904,2077,1,1,1.0
3904,2049,29,0,0.919
3904,2049,29,1,0.919
3968,0,0,0,1.003
3968,0,0,1,1.003
3968,30,0,0,0.969
3968,30,0,1,0.969
3968,62,0,0,1.006
3968,62,0,1,1.006
3968,0,30,0,0.931
3968,0,30,1,0.93
3968,0,62,0,0.929
3968,0,62,1,0.929
3968,30,30,0,1.103
3968,30,30,1,1.103
3968,62,62,0,0.99
3968,62,62,1,0.99
3968,2048,0,0,1.004
3968,2048,0,1,1.004
3968,2078,0,0,0.969
3968,2078,0,1,0.969
3968,2048,30,0,0.899
3968,2048,30,1,0.899
3968,2078,30,0,1.105
3968,2078,30,1,1.105
3968,30,1,0,0.993
3968,30,1,1,0.993
3968,1,30,0,0.908
3968,1,30,1,0.908
3968,62,1,0,0.978
3968,62,1,1,0.978
3968,1,62,0,0.895
3968,1,62,1,0.895
3968,2078,1,0,0.993
3968,2078,1,1,0.993
3968,2049,30,0,0.904
3968,2049,30,1,0.904
4032,0,0,0,0.995
4032,0,0,1,0.995
4032,31,0,0,0.967
4032,31,0,1,0.967
4032,63,0,0,1.002
4032,63,0,1,1.002
4032,0,31,0,0.927
4032,0,31,1,0.926
4032,0,63,0,0.927
4032,0,63,1,0.927
4032,31,31,0,1.09
4032,31,31,1,1.09
4032,63,63,0,0.987
4032,63,63,1,0.987
4032,2048,0,0,0.995
4032,2048,0,1,0.995
4032,2079,0,0,0.967
4032,2079,0,1,0.967
4032,2048,31,0,0.897
4032,2048,31,1,0.897
4032,2079,31,0,1.09
4032,2079,31,1,1.09
4032,31,1,0,0.989
4032,31,1,1,0.989
4032,1,31,0,0.911
4032,1,31,1,0.911
4032,63,1,0,0.971
4032,63,1,1,0.972
4032,1,63,0,0.892
4032,1,63,1,0.892
4032,2079,1,0,0.989
4032,2079,1,1,0.989
4032,2049,31,0,0.907
4032,2049,31,1,0.907
4096,32,0,0,1.014
4096,32,0,1,1.014
4096,64,0,0,1.014
4096,64,0,1,1.014
4096,0,32,0,1.012
4096,0,32,1,1.012
4096,0,64,0,1.012
4096,0,64,1,1.012
4096,32,32,0,1.014
4096,32,32,1,1.014
4096,64,64,0,1.014
4096,64,64,1,1.014
4096,2080,0,0,1.014
4096,2080,0,1,1.014
4096,2048,32,0,1.014
4096,2048,32,1,1.014
4096,2080,32,0,1.014
4096,2080,32,1,1.014
4096,32,1,0,0.975
4096,32,1,1,0.975
4096,1,32,0,0.769
4096,1,32,1,0.769
4096,64,1,0,0.858
4096,64,1,1,0.858
4096,1,64,0,0.769
4096,1,64,1,0.769
4096,2080,1,0,0.829
4096,2080,1,1,0.829
4096,2049,32,0,0.886
4096,2049,32,1,0.886
4160,0,0,0,1.003
4160,0,0,1,1.003
4160,33,0,0,1.004
4160,33,0,1,1.004
4160,65,0,0,0.999
4160,65,0,1,0.999
4160,0,33,0,0.931
4160,0,33,1,0.931
4160,0,65,0,0.765
4160,0,65,1,0.765
4160,33,33,0,0.998
4160,33,33,1,0.998
4160,65,65,0,0.942
4160,65,65,1,0.942
4160,2048,0,0,1.003
4160,2048,0,1,1.003
4160,2081,0,0,1.004
4160,2081,0,1,1.004
4160,2048,33,0,0.899
4160,2048,33,1,0.898
4160,2081,33,0,1.002
4160,2081,33,1,1.002
4160,33,1,0,1.114
4160,33,1,1,1.114
4160,1,33,0,1.01
4160,1,33,1,1.01
4160,65,1,0,1.077
4160,65,1,1,1.077
4160,1,65,0,0.935
4160,1,65,1,0.935
4160,2081,1,0,1.077
4160,2081,1,1,1.077
4160,2049,33,0,1.007
4160,2049,33,1,1.007
4224,0,0,0,1.014
4224,0,0,1,1.014
4224,34,0,0,1.0
4224,34,0,1,1.0
4224,66,0,0,1.001
4224,66,0,1,1.001
4224,0,34,0,0.928
4224,0,34,1,0.928
4224,0,66,0,0.762
4224,0,66,1,0.762
4224,34,34,0,0.998
4224,34,34,1,0.998
4224,66,66,0,0.959
4224,66,66,1,0.959
4224,2048,0,0,1.014
4224,2048,0,1,1.014
4224,2082,0,0,1.001
4224,2082,0,1,1.001
4224,2048,34,0,0.899
4224,2048,34,1,0.898
4224,2082,34,0,0.998
4224,2082,34,1,0.998
4224,34,1,0,1.024
4224,34,1,1,1.023
4224,1,34,0,0.917
4224,1,34,1,0.917
4224,66,1,0,1.012
4224,66,1,1,1.013
4224,1,66,0,0.917
4224,1,66,1,0.917
4224,2082,1,0,1.022
4224,2082,1,1,1.022
4224,2049,34,0,0.914
4224,2049,34,1,0.914
4288,0,0,0,0.999
4288,0,0,1,0.999
4288,35,0,0,0.995
4288,35,0,1,0.996
4288,67,0,0,0.998
4288,67,0,1,0.998
4288,0,35,0,0.919
4288,0,35,1,0.918
4288,0,67,0,0.767
4288,0,67,1,0.767
4288,35,35,0,1.005
4288,35,35,1,1.004
4288,67,67,0,0.995
4288,67,67,1,0.995
4288,2048,0,0,0.999
4288,2048,0,1,0.999
4288,2083,0,0,0.995
4288,2083,0,1,0.995
4288,2048,35,0,0.905
4288,2048,35,1,0.904
4288,2083,35,0,1.005
4288,2083,35,1,1.004
4288,35,1,0,1.033
4288,35,1,1,1.032
4288,1,35,0,0.928
4288,1,35,1,0.928
4288,67,1,0,1.019
4288,67,1,1,1.02
4288,1,67,0,0.925
4288,1,67,1,0.924
4288,2083,1,0,1.03
4288,2083,1,1,1.03
4288,2049,35,0,0.925
4288,2049,35,1,0.926
4352,0,0,0,1.005
4352,0,0,1,1.005
4352,36,0,0,1.007
4352,36,0,1,1.006
4352,68,0,0,1.007
4352,68,0,1,1.008
4352,0,36,0,0.929
4352,0,36,1,0.929
4352,0,68,0,0.766
4352,0,68,1,0.766
4352,36,36,0,0.998
4352,36,36,1,0.998
4352,68,68,0,0.964
4352,68,68,1,0.964
4352,2048,0,0,1.006
4352,2048,0,1,1.006
4352,2084,0,0,1.006
4352,2084,0,1,1.006
4352,2048,36,0,0.897
4352,2048,36,1,0.898
4352,2084,36,0,0.998
4352,2084,36,1,0.998
4352,36,1,0,1.031
4352,36,1,1,1.031
4352,1,36,0,0.924
4352,1,36,1,0.924
4352,68,1,0,0.999
4352,68,1,1,0.999
4352,1,68,0,0.922
4352,1,68,1,0.922
4352,2084,1,0,1.03
4352,2084,1,1,1.03
4352,2049,36,0,0.922
4352,2049,36,1,0.922
4416,0,0,0,0.997
4416,0,0,1,0.997
4416,37,0,0,1.002
4416,37,0,1,1.002
4416,69,0,0,1.004
4416,69,0,1,1.004
4416,0,37,0,0.928
4416,0,37,1,0.927
4416,0,69,0,0.762
4416,0,69,1,0.762
4416,37,37,0,0.994
4416,37,37,1,0.994
4416,69,69,0,0.959
4416,69,69,1,0.959
4416,2048,0,0,0.997
4416,2048,0,1,0.997
4416,2085,0,0,1.001
4416,2085,0,1,1.001
4416,2048,37,0,0.899
4416,2048,37,1,0.899
4416,2085,37,0,0.994
4416,2085,37,1,0.994
4416,37,1,0,1.024
4416,37,1,1,1.023
4416,1,37,0,0.923
4416,1,37,1,0.922
4416,69,1,0,1.009
4416,69,1,1,1.01
4416,1,69,0,0.917
4416,1,69,1,0.917
4416,2085,1,0,1.024
4416,2085,1,1,1.024
4416,2049,37,0,0.919
4416,2049,37,1,0.919
4480,0,0,0,1.0
4480,0,0,1,0.999
4480,38,0,0,0.996
4480,38,0,1,0.996
4480,70,0,0,1.0
4480,70,0,1,1.0
4480,0,38,0,0.919
4480,0,38,1,0.921
4480,0,70,0,0.767
4480,0,70,1,0.767
4480,38,38,0,1.002
4480,38,38,1,1.002
4480,70,70,0,0.963
4480,70,70,1,0.963
4480,2048,0,0,0.998
4480,2048,0,1,0.999
4480,2086,0,0,0.996
4480,2086,0,1,0.995
4480,2048,38,0,0.907
4480,2048,38,1,0.907
4480,2086,38,0,1.002
4480,2086,38,1,1.002
4480,38,1,0,1.032
4480,38,1,1,1.031
4480,1,38,0,0.919
4480,1,38,1,0.92
4480,70,1,0,1.018
4480,70,1,1,1.017
4480,1,70,0,0.916
4480,1,70,1,0.915
4480,2086,1,0,1.031
4480,2086,1,1,1.03
4480,2049,38,0,0.917
4480,2049,38,1,0.918
4544,0,0,0,1.002
4544,0,0,1,1.002
4544,39,0,0,1.007
4544,39,0,1,1.008
4544,71,0,0,1.002
4544,71,0,1,1.002
4544,0,39,0,0.93
4544,0,39,1,0.931
4544,0,71,0,0.766
4544,0,71,1,0.766
4544,39,39,0,1.001
4544,39,39,1,1.001
4544,71,71,0,0.966
4544,71,71,1,0.966
4544,2048,0,0,1.002
4544,2048,0,1,1.002
4544,2087,0,0,1.008
4544,2087,0,1,1.007
4544,2048,39,0,0.901
4544,2048,39,1,0.901
4544,2087,39,0,1.001
4544,2087,39,1,1.001
4544,39,1,0,1.025
4544,39,1,1,1.025
4544,1,39,0,0.919
4544,1,39,1,0.919
4544,71,1,0,0.991
4544,71,1,1,0.991
4544,1,71,0,0.921
4544,1,71,1,0.922
4544,2087,1,0,1.025
4544,2087,1,1,1.025
4544,2049,39,0,0.917
4544,2049,39,1,0.917
4608,0,0,0,0.997
4608,0,0,1,0.997
4608,40,0,0,1.013
4608,40,0,1,1.013
4608,72,0,0,1.013
4608,72,0,1,1.013
4608,0,40,0,0.925
4608,0,40,1,0.926
4608,0,72,0,0.765
4608,0,72,1,0.765
4608,40,40,0,1.084
4608,40,40,1,1.084
4608,72,72,0,0.966
4608,72,72,1,0.966
4608,2048,0,0,0.999
4608,2048,0,1,0.999
4608,2088,0,0,1.012
4608,2088,0,1,1.012
4608,2048,40,0,0.898
4608,2048,40,1,0.898
4608,2088,40,0,1.087
4608,2088,40,1,1.087
4608,40,1,0,1.006
4608,40,1,1,1.006
4608,1,40,0,0.926
4608,1,40,1,0.925
4608,72,1,0,1.012
4608,72,1,1,1.011
4608,1,72,0,0.92
4608,1,72,1,0.92
4608,2088,1,0,1.006
4608,2088,1,1,1.006
4608,2049,40,0,0.923
4608,2049,40,1,0.923
4672,0,0,0,1.014
4672,0,0,1,1.014
4672,41,0,0,1.003
4672,41,0,1,1.003
4672,73,0,0,0.983
4672,73,0,1,0.982
4672,0,41,0,0.916
4672,0,41,1,0.918
4672,0,73,0,0.772
4672,0,73,1,0.772
4672,41,41,0,1.012
4672,41,41,1,1.012
4672,73,73,0,0.973
4672,73,73,1,0.973
4672,2048,0,0,1.014
4672,2048,0,1,1.014
4672,2089,0,0,1.002
4672,2089,0,1,1.002
4672,2048,41,0,0.907
4672,2048,41,1,0.908
4672,2089,41,0,1.012
4672,2089,41,1,1.012
4672,41,1,0,1.027
4672,41,1,1,1.027
4672,1,41,0,0.928
4672,1,41,1,0.927
4672,73,1,0,1.032
4672,73,1,1,1.03
4672,1,73,0,0.927
4672,1,73,1,0.927
4672,2089,1,0,1.026
4672,2089,1,1,1.027
4672,2049,41,0,0.925
4672,2049,41,1,0.925
4736,0,0,0,1.005
4736,0,0,1,1.005
4736,42,0,0,1.012
4736,42,0,1,1.012
4736,74,0,0,0.976
4736,74,0,1,0.975
4736,0,42,0,0.93
4736,0,42,1,0.93
4736,0,74,0,0.77
4736,0,74,1,0.77
4736,42,42,0,1.007
4736,42,42,1,1.007
4736,74,74,0,0.965
4736,74,74,1,0.965
4736,2048,0,0,1.006
4736,2048,0,1,1.006
4736,2090,0,0,1.013
4736,2090,0,1,1.013
4736,2048,42,0,0.902
4736,2048,42,1,0.902
4736,2090,42,0,1.007
4736,2090,42,1,1.007
4736,42,1,0,1.032
4736,42,1,1,1.032
4736,1,42,0,0.925
4736,1,42,1,0.925
4736,74,1,0,1.018
4736,74,1,1,1.018
4736,1,74,0,0.912
4736,1,74,1,0.912
4736,2090,1,0,1.032
4736,2090,1,1,1.032
4736,2049,42,0,0.923
4736,2049,42,1,0.923
4800,0,0,0,1.012
4800,0,0,1,1.012
4800,43,0,0,1.008
4800,43,0,1,1.008
4800,75,0,0,0.99
4800,75,0,1,0.99
4800,0,43,0,0.928
4800,0,43,1,0.928
4800,0,75,0,0.767
4800,0,75,1,0.768
4800,43,43,0,1.004
4800,43,43,1,1.004
4800,75,75,0,0.965
4800,75,75,1,0.965
4800,2048,0,0,1.012
4800,2048,0,1,1.012
4800,2091,0,0,1.009
4800,2091,0,1,1.008
4800,2048,43,0,0.902
4800,2048,43,1,0.902
4800,2091,43,0,1.004
4800,2091,43,1,1.004
4800,43,1,0,1.026
4800,43,1,1,1.025
4800,1,43,0,0.91
4800,1,43,1,0.91
4800,75,1,0,0.992
4800,75,1,1,0.992
4800,1,75,0,0.921
4800,1,75,1,0.92
4800,2091,1,0,1.025
4800,2091,1,1,1.025
4800,2049,43,0,0.907
4800,2049,43,1,0.907
4864,0,0,0,0.998
4864,0,0,1,0.998
4864,44,0,0,1.003
4864,44,0,1,1.004
4864,76,0,0,0.987
4864,76,0,1,0.987
4864,0,44,0,0.92
4864,0,44,1,0.921
4864,0,76,0,0.933
4864,0,76,1,0.932
4864,44,44,0,1.006
4864,44,44,1,1.004
4864,76,76,0,0.976
4864,76,76,1,0.975
4864,2048,0,0,0.999
4864,2048,0,1,0.999
4864,2092,0,0,1.004
4864,2092,0,1,1.005
4864,2048,44,0,0.907
4864,2048,44,1,0.907
4864,2092,44,0,1.006
4864,2092,44,1,1.005
4864,44,1,0,1.034
4864,44,1,1,1.032
4864,1,44,0,0.908
4864,1,44,1,0.929
4864,76,1,0,1.006
4864,76,1,1,1.005
4864,1,76,0,0.798
4864,1,76,1,0.798
4864,2092,1,0,1.033
4864,2092,1,1,1.033
4864,2049,44,0,0.904
4864,2049,44,1,0.925
4928,0,0,0,1.005
4928,0,0,1,1.005
4928,45,0,0,0.993
4928,45,0,1,1.012
4928,77,0,0,0.956
4928,77,0,1,0.976
4928,0,45,0,0.933
4928,0,45,1,0.932
4928,0,77,0,0.771
4928,0,77,1,0.771
4928,45,45,0,1.015
4928,45,45,1,1.015
4928,77,77,0,0.972
4928,77,77,1,0.972
4928,2048,0,0,1.005
4928,2048,0,1,1.005
4928,2093,0,0,0.992
4928,2093,0,1,1.012
4928,2048,45,0,0.932
4928,2048,45,1,0.931
4928,2093,45,0,1.015
4928,2093,45,1,1.015
4928,45,1,0,1.009
4928,45,1,1,1.032
4928,1,45,0,0.806
4928,1,45,1,0.805
4928,77,1,0,0.981
4928,77,1,1,1.005
4928,1,77,0,0.917
4928,1,77,1,0.917
4928,2093,1,0,1.008
4928,2093,1,1,1.032
4928,2049,45,0,0.794
4928,2049,45,1,0.794
4992,0,0,0,0.999
4992,0,0,1,0.999
4992,46,0,0,0.985
4992,46,0,1,1.008
4992,78,0,0,0.963
4992,78,0,1,0.984
4992,0,46,0,0.908
4992,0,46,1,0.908
4992,0,78,0,0.752
4992,0,78,1,0.751
4992,46,46,0,0.997
4992,46,46,1,0.997
4992,78,78,0,0.969
4992,78,78,1,0.968
4992,2048,0,0,1.0
4992,2048,0,1,1.0
4992,2094,0,0,0.987
4992,2094,0,1,1.008
4992,2048,46,0,0.883
4992,2048,46,1,0.883
4992,2094,46,0,0.997
4992,2094,46,1,0.997
4992,46,1,0,0.998
4992,46,1,1,1.02
4992,1,46,0,0.917
4992,1,46,1,0.917
4992,78,1,0,0.972
4992,78,1,1,0.993
4992,1,78,0,0.919
4992,1,78,1,0.92
4992,2094,1,0,0.997
4992,2094,1,1,1.019
4992,2049,46,0,0.914
4992,2049,46,1,0.914
5056,0,0,0,1.002
5056,0,0,1,1.0
5056,47,0,0,1.005
5056,47,0,1,1.005
5056,79,0,0,0.989
5056,79,0,1,0.989
5056,0,47,0,0.918
5056,0,47,1,0.919
5056,0,79,0,0.772
5056,0,79,1,0.771
5056,47,47,0,1.006
5056,47,47,1,1.006
5056,79,79,0,0.972
5056,79,79,1,0.972
5056,2048,0,0,1.001
5056,2048,0,1,1.0
5056,2095,0,0,1.004
5056,2095,0,1,1.004
5056,2048,47,0,0.908
5056,2048,47,1,0.909
5056,2095,47,0,1.006
5056,2095,47,1,1.006
5056,47,1,0,1.033
5056,47,1,1,1.033
5056,1,47,0,0.919
5056,1,47,1,0.919
5056,79,1,0,1.003
5056,79,1,1,1.005
5056,1,79,0,0.921
5056,1,79,1,0.921
5056,2095,1,0,1.032
5056,2095,1,1,1.034
5056,2049,47,0,0.918
5056,2049,47,1,0.917
5120,0,0,0,1.003
5120,0,0,1,1.003
5120,48,0,0,1.068
5120,48,0,1,1.068
5120,80,0,0,1.068
5120,80,0,1,1.068
5120,0,48,0,1.065
5120,0,48,1,1.065
5120,0,80,0,1.064
5120,0,80,1,1.065
5120,48,48,0,1.004
5120,48,48,1,1.004
5120,80,80,0,1.005
5120,80,80,1,1.005
5120,2048,0,0,1.005
5120,2048,0,1,1.005
5120,2096,0,0,1.068
5120,2096,0,1,1.068
5120,2048,48,0,1.065
5120,2048,48,1,1.065
5120,2096,48,0,1.005
5120,2096,48,1,1.005
5120,48,1,0,1.033
5120,48,1,1,1.031
5120,1,48,0,0.898
5120,1,48,1,0.898
5120,80,1,0,0.844
5120,80,1,1,0.844
5120,1,80,0,0.898
5120,1,80,1,0.898
5120,2096,1,0,0.856
5120,2096,1,1,0.855
5120,2049,48,0,0.898
5120,2049,48,1,0.898
