
Results For: strcmp
length, align1, align2
     1,      1,      1, 0.974
     2,      2,      2, 0.964
     3,      3,      3, 0.963
     4,      4,      4, 0.963
     5,      5,      5, 0.966
     6,      6,      6, 0.965
     7,      7,      7, 0.965
     8,      8,      8, 0.962
     9,      9,      9, 0.965
    10,     10,     10, 0.964
    11,     11,     11, 0.965
    12,     12,     12, 0.965
    13,     13,     13,  0.96
    14,     14,     14, 0.964
    15,     15,     15, 0.963
    16,     16,     16, 0.964
    17,     17,     17, 0.967
    18,     18,     18, 0.972
    19,     19,     19, 0.978
    20,     20,     20, 0.971
    21,     21,     21, 0.973
    22,     22,     22,  0.98
    23,     23,     23, 0.972
    24,     24,     24, 0.975
    25,     25,     25,  0.89
    26,     26,     26, 0.869
    27,     27,     27, 0.869
    28,     28,     28, 0.871
    29,     29,     29, 0.869
    30,     30,     30, 0.861
    31,     31,     31,  0.86
     1,      0,      0, 0.965
     1,   2048,   2047, 0.898
     1,   2047,   2048, 0.816
     1,   4095,      0, 0.817
     1,   4080,      0, 0.965
     1,   4088,   4080, 0.998
     1,   4064,      0, 0.964
     1,   4048,      0, 0.963
     1,   4072,   4048, 0.959
     1,   4032,      0, 0.964
     1,   4016,      0, 0.964
     1,   4056,   4016, 0.961
     1,   4000,      0, 0.964
     1,   3984,      0, 0.964
     1,   4040,   3984, 0.889
     2,      0,      0, 0.974
     2,   2048,   2047, 0.882
     2,   2047,   2048, 0.815
     2,   4094,      0, 0.813
     2,   4080,      0, 0.966
     2,   4088,   4080, 0.998
     2,   4064,      0, 0.966
     2,   4048,      0, 0.968
     2,   4072,   4048, 0.971
     2,   4032,      0, 0.965
     2,   4016,      0, 0.966
     2,   4056,   4016, 1.013
     2,   4000,      0, 0.967
     2,   3984,      0, 0.968
     2,   4040,   3984, 1.014
     3,      0,      0, 0.975
     3,   2048,   2047, 0.855
     3,   2047,   2048, 0.816
     3,   4093,      0, 0.825
     3,   4080,      0, 0.967
     3,   4088,   4080,   1.0
     3,   4064,      0, 0.967
     3,   4048,      0, 0.966
     3,   4072,   4048, 0.988
     3,   4032,      0, 0.965
     3,   4016,      0,  0.97
     3,   4056,   4016, 0.993
     3,   4000,      0, 0.966
     3,   3984,      0, 0.965
     3,   4040,   3984, 0.987
     4,      0,      0, 0.964
     4,   2048,   2047, 0.892
     4,   2047,   2048, 0.816
     4,   4092,      0, 0.812
     4,   4080,      0, 0.968
     4,   4088,   4080, 1.001
     4,   4064,      0, 0.962
     4,   4048,      0, 0.973
     4,   4072,   4048, 0.986
     4,   4032,      0, 0.965
     4,   4016,      0, 0.962
     4,   4056,   4016, 0.989
     4,   4000,      0, 0.964
     4,   3984,      0, 0.965
     4,   4040,   3984, 0.974
     5,      0,      0, 0.966
     5,   2048,   2047, 0.878
     5,   2047,   2048, 0.817
     5,   4091,      0, 0.811
     5,   4080,      0, 0.962
     5,   4088,   4080, 0.999
     5,   4064,      0, 0.967
     5,   4048,      0, 0.963
     5,   4072,   4048,  0.95
     5,   4032,      0, 0.965
     5,   4016,      0,  0.97
     5,   4056,   4016, 0.945
     5,   4000,      0, 0.961
     5,   3984,      0, 0.961
     5,   4040,   3984, 0.925
     6,      0,      0, 0.966
     6,   2048,   2047, 0.864
     6,   2047,   2048, 0.814
     6,   4090,      0, 0.818
     6,   4080,      0, 0.969
     6,   4088,   4080, 0.999
     6,   4064,      0, 0.959
     6,   4048,      0, 0.968
     6,   4072,   4048, 0.985
     6,   4032,      0, 0.967
     6,   4016,      0, 0.964
     6,   4056,   4016, 0.998
     6,   4000,      0, 0.965
     6,   3984,      0, 0.962
     6,   4040,   3984, 0.998
     7,      0,      0,  0.96
     7,   2048,   2047, 0.871
     7,   2047,   2048, 0.818
     7,   4089,      0, 0.816
     7,   4080,      0, 0.962
     7,   4088,   4080, 0.999
     7,   4064,      0,  0.97
     7,   4048,      0, 0.963
     7,   4072,   4048, 0.976
     7,   4032,      0, 0.968
     7,   4016,      0, 0.964
     7,   4056,   4016, 1.005
     7,   4000,      0, 0.963
     7,   3984,      0, 0.965
     7,   4040,   3984, 1.004
     8,      0,      0, 0.962
     8,   2048,   2047,  0.87
     8,   2047,   2048, 0.819
     8,   4088,      0, 0.825
     8,   4080,      0, 0.962
     8,   4064,      0,  0.96
     8,   4048,      0, 0.961
     8,   4072,   4048, 0.959
     8,   4032,      0, 0.964
     8,   4016,      0, 0.961
     8,   4056,   4016, 0.943
     8,   4000,      0,  0.96
     8,   3984,      0, 0.961
     8,   4040,   3984, 0.922
     9,      0,      0, 0.954
     9,   2048,   2047, 0.863
     9,   2047,   2048, 0.813
     9,   4087,      0, 0.813
     9,   4080,      0, 0.962
     9,   4088,   4080, 0.891
     9,   4064,      0,  0.96
     9,   4048,      0, 0.958
     9,   4072,   4048, 0.929
     9,   4032,      0, 0.962
     9,   4016,      0, 0.961
     9,   4056,   4016, 0.957
     9,   4000,      0, 0.963
     9,   3984,      0, 0.963
     9,   4040,   3984, 0.958
    10,      0,      0, 0.956
    10,   2048,   2047, 0.865
    10,   2047,   2048, 0.813
    10,   4086,      0, 0.818
    10,   4080,      0, 0.961
    10,   4088,   4080,  0.88
    10,   4064,      0, 0.962
    10,   4048,      0, 0.961
    10,   4072,   4048, 0.944
    10,   4032,      0, 0.961
    10,   4016,      0, 0.962
    10,   4056,   4016,  0.93
    10,   4000,      0, 0.962
    10,   3984,      0, 0.962
    10,   4040,   3984, 0.928
    11,      0,      0, 0.958
    11,   2048,   2047, 0.855
    11,   2047,   2048, 0.816
    11,   4085,      0, 0.816
    11,   4080,      0, 0.963
    11,   4088,   4080, 0.884
    11,   4064,      0, 0.961
    11,   4048,      0,  0.96
    11,   4072,   4048, 0.946
    11,   4032,      0, 0.963
    11,   4016,      0, 0.962
    11,   4056,   4016, 0.947
    11,   4000,      0, 0.962
    11,   3984,      0, 0.963
    11,   4040,   3984, 0.914
    12,      0,      0, 0.955
    12,   2048,   2047, 0.885
    12,   2047,   2048, 0.823
    12,   4084,      0, 0.821
    12,   4080,      0, 0.962
    12,   4088,   4080, 0.889
    12,   4064,      0, 0.961
    12,   4048,      0, 0.961
    12,   4072,   4048, 0.905
    12,   4032,      0, 0.962
    12,   4016,      0, 0.962
    12,   4056,   4016, 0.893
    12,   4000,      0, 0.963
    12,   3984,      0, 0.962
    12,   4040,   3984, 0.915
    13,      0,      0, 0.955
    13,   2048,   2047, 0.884
    13,   2047,   2048, 0.817
    13,   4083,      0, 0.815
    13,   4080,      0, 0.962
    13,   4088,   4080, 0.876
    13,   4064,      0, 0.962
    13,   4048,      0, 0.962
    13,   4072,   4048, 0.895
    13,   4032,      0, 0.962
    13,   4016,      0, 0.962
    13,   4056,   4016, 0.927
    13,   4000,      0, 0.962
    13,   3984,      0, 0.963
    13,   4040,   3984,  0.91
    14,      0,      0, 0.955
    14,   2048,   2047, 0.869
    14,   2047,   2048, 0.817
    14,   4082,      0, 0.814
    14,   4080,      0, 0.962
    14,   4088,   4080, 0.873
    14,   4064,      0, 0.962
    14,   4048,      0, 0.958
    14,   4072,   4048, 0.933
    14,   4032,      0, 0.962
    14,   4016,      0, 0.964
    14,   4056,   4016,  0.95
    14,   4000,      0, 0.962
    14,   3984,      0, 0.961
    14,   4040,   3984, 0.922
    15,      0,      0, 0.956
    15,   2048,   2047, 0.877
    15,   2047,   2048, 0.813
    15,   4081,      0, 0.815
    15,   4080,      0, 0.963
    15,   4088,   4080, 0.871
    15,   4064,      0, 0.961
    15,   4048,      0, 0.962
    15,   4072,   4048, 0.933
    15,   4032,      0, 0.961
    15,   4016,      0, 0.961
    15,   4056,   4016,  0.94
    15,   4000,      0, 0.961
    15,   3984,      0, 0.963
    15,   4040,   3984, 0.911
    16,      0,      0, 0.964
    16,   2048,   2047, 0.888
    16,   2047,   2048, 0.814
    16,   4080,      0, 0.971
    16,   4088,   4080,  0.86
    16,   4064,      0, 0.972
    16,   4048,      0, 0.973
    16,   4072,   4048, 0.928
    16,   4032,      0, 0.972
    16,   4016,      0, 0.972
    16,   4056,   4016, 0.932
    16,   4000,      0, 0.971
    16,   3984,      0, 0.971
    16,   4040,   3984, 0.923
    17,      0,      0, 0.972
    17,   2048,   2047, 0.847
    17,   2047,   2048, 0.784
    17,   4079,      0, 0.802
    17,   4080,      0,  0.97
    17,   4088,   4080, 0.877
    17,   4064,      0, 0.972
    17,   4048,      0, 0.972
    17,   4072,   4048, 0.924
    17,   4032,      0, 0.973
    17,   4016,      0, 0.965
    17,   4056,   4016, 0.918
    17,   4000,      0, 0.972
    17,   3984,      0, 0.993
    17,   4040,   3984, 0.923
    18,      0,      0, 0.975
    18,   2048,   2047, 0.868
    18,   2047,   2048, 0.791
    18,   4078,      0, 0.798
    18,   4080,      0, 0.971
    18,   4088,   4080, 0.866
    18,   4064,      0, 0.971
    18,   4048,      0,  0.97
    18,   4072,   4048, 0.921
    18,   4032,      0, 0.971
    18,   4016,      0, 0.977
    18,   4056,   4016,  0.92
    18,   4000,      0, 0.972
    18,   3984,      0, 0.974
    18,   4040,   3984, 0.922
    19,      0,      0, 0.974
    19,   2048,   2047, 0.855
    19,   2047,   2048, 0.787
    19,   4077,      0, 0.798
    19,   4080,      0,  0.97
    19,   4088,   4080, 0.869
    19,   4064,      0, 0.971
    19,   4048,      0, 0.971
    19,   4072,   4048,  0.92
    19,   4032,      0, 0.971
    19,   4016,      0, 0.973
    19,   4056,   4016, 0.917
    19,   4000,      0,  0.97
    19,   3984,      0, 0.979
    19,   4040,   3984, 0.917
    20,      0,      0, 0.976
    20,   2048,   2047,  0.84
    20,   2047,   2048, 0.785
    20,   4076,      0, 0.803
    20,   4080,      0,  0.97
    20,   4088,   4080, 0.867
    20,   4064,      0, 0.971
    20,   4048,      0, 0.971
    20,   4072,   4048, 0.924
    20,   4032,      0,  0.97
    20,   4016,      0, 0.989
    20,   4056,   4016, 0.917
    20,   4000,      0, 0.971
    20,   3984,      0, 1.001
    20,   4040,   3984,  0.92
    21,      0,      0, 0.977
    21,   2048,   2047, 0.845
    21,   2047,   2048, 0.781
    21,   4075,      0, 0.799
    21,   4080,      0, 0.971
    21,   4088,   4080, 0.864
    21,   4064,      0, 0.972
    21,   4048,      0, 0.972
    21,   4072,   4048, 0.919
    21,   4032,      0, 0.972
    21,   4016,      0, 0.981
    21,   4056,   4016, 0.918
    21,   4000,      0, 0.971
    21,   3984,      0, 0.971
    21,   4040,   3984, 0.916
    22,      0,      0, 0.972
    22,   2048,   2047, 0.841
    22,   2047,   2048, 0.783
    22,   4074,      0, 0.797
    22,   4080,      0, 0.974
    22,   4088,   4080, 0.864
    22,   4064,      0, 0.973
    22,   4048,      0, 0.972
    22,   4072,   4048, 0.918
    22,   4032,      0, 0.971
    22,   4016,      0, 0.983
    22,   4056,   4016, 0.917
    22,   4000,      0,  0.97
    22,   3984,      0, 0.982
    22,   4040,   3984, 0.918
    23,      0,      0, 0.976
    23,   2048,   2047, 0.842
    23,   2047,   2048, 0.784
    23,   4073,      0, 0.796
    23,   4080,      0, 0.972
    23,   4088,   4080, 0.865
    23,   4064,      0, 0.969
    23,   4048,      0, 0.969
    23,   4072,   4048, 0.921
    23,   4032,      0, 0.974
    23,   4016,      0, 0.981
    23,   4056,   4016, 0.917
    23,   4000,      0, 0.971
    23,   3984,      0, 0.974
    23,   4040,   3984, 0.918
    24,      0,      0, 0.974
    24,   2048,   2047, 0.853
    24,   2047,   2048, 0.786
    24,   4072,      0, 0.794
    24,   4080,      0, 0.972
    24,   4088,   4080, 0.845
    24,   4064,      0, 0.968
    24,   4048,      0,  0.97
    24,   4032,      0, 0.971
    24,   4016,      0, 0.985
    24,   4056,   4016, 0.801
    24,   4000,      0, 0.972
    24,   3984,      0, 0.978
    24,   4040,   3984, 0.804
    25,      0,      0, 0.972
    25,   2048,   2047, 0.843
    25,   2047,   2048, 0.784
    25,   4071,      0, 0.797
    25,   4080,      0, 0.972
    25,   4088,   4080, 0.832
    25,   4064,      0, 0.974
    25,   4048,      0, 0.972
    25,   4072,   4048, 0.797
    25,   4032,      0, 0.971
    25,   4016,      0,  0.99
    25,   4056,   4016, 0.799
    25,   4000,      0, 0.971
    25,   3984,      0, 0.978
    25,   4040,   3984, 0.795
    26,      0,      0, 0.978
    26,   2048,   2047, 0.849
    26,   2047,   2048, 0.783
    26,   4070,      0,   0.8
    26,   4080,      0,  0.97
    26,   4088,   4080, 0.844
    26,   4064,      0, 0.969
    26,   4048,      0, 0.972
    26,   4072,   4048, 0.801
    26,   4032,      0,  0.97
    26,   4016,      0, 0.976
    26,   4056,   4016, 0.805
    26,   4000,      0, 0.969
    26,   3984,      0, 0.987
    26,   4040,   3984, 0.797
    27,      0,      0, 0.973
    27,   2048,   2047, 0.844
    27,   2047,   2048, 0.785
    27,   4069,      0, 0.802
    27,   4080,      0, 0.973
    27,   4088,   4080,  0.84
    27,   4064,      0, 0.974
    27,   4048,      0, 0.976
    27,   4072,   4048, 0.793
    27,   4032,      0, 0.971
    27,   4016,      0, 0.974
    27,   4056,   4016, 0.793
    27,   4000,      0,  0.97
    27,   3984,      0, 0.971
    27,   4040,   3984,   0.8
    28,      0,      0, 0.971
    28,   2048,   2047, 0.851
    28,   2047,   2048, 0.785
    28,   4068,      0, 0.799
    28,   4080,      0, 0.974
    28,   4088,   4080, 0.838
    28,   4064,      0, 0.971
    28,   4048,      0, 0.976
    28,   4072,   4048,   0.8
    28,   4032,      0, 0.973
    28,   4016,      0, 0.973
    28,   4056,   4016, 0.803
    28,   4000,      0,  0.97
    28,   3984,      0, 0.981
    28,   4040,   3984, 0.796
    29,      0,      0, 0.971
    29,   2048,   2047, 0.829
    29,   2047,   2048, 0.785
    29,   4067,      0, 0.799
    29,   4080,      0, 0.973
    29,   4088,   4080, 0.823
    29,   4064,      0, 0.979
    29,   4048,      0,  0.97
    29,   4072,   4048, 0.802
    29,   4032,      0,  0.97
    29,   4016,      0, 0.975
    29,   4056,   4016, 0.799
    29,   4000,      0, 0.971
    29,   3984,      0, 0.986
    29,   4040,   3984, 0.802
    30,      0,      0, 0.972
    30,   2048,   2047, 0.839
    30,   2047,   2048, 0.786
    30,   4066,      0, 0.797
    30,   4080,      0, 0.971
    30,   4088,   4080, 0.832
    30,   4064,      0, 0.971
    30,   4048,      0, 0.974
    30,   4072,   4048, 0.801
    30,   4032,      0, 0.973
    30,   4016,      0, 0.976
    30,   4056,   4016, 0.796
    30,   4000,      0, 0.971
    30,   3984,      0, 0.976
    30,   4040,   3984, 0.797
    31,      0,      0, 0.971
    31,   2048,   2047, 0.856
    31,   2047,   2048, 0.784
    31,   4065,      0, 0.797
    31,   4080,      0, 0.972
    31,   4088,   4080, 0.835
    31,   4064,      0, 0.971
    31,   4048,      0, 0.977
    31,   4072,   4048, 0.795
    31,   4032,      0, 0.976
    31,   4016,      0, 0.973
    31,   4056,   4016, 0.794
    31,   4000,      0,  0.97
    31,   3984,      0, 0.975
    31,   4040,   3984, 0.801
    32,      0,      0, 0.974
    32,     32,      0, 0.906
    32,   2048,   2047, 0.834
    32,   2047,   2048, 0.778
    32,   4064,      0, 0.858
    32,   4080,      0, 0.863
    32,   4088,   4080, 0.826
    32,   4048,      0, 0.873
    32,   4072,   4048, 0.796
    32,   4032,      0, 0.862
    32,   4016,      0, 0.892
    32,   4056,   4016, 0.799
    32,   4000,      0, 0.861
    32,   3984,      0, 0.901
    32,   4040,   3984,   0.8
    40,      0,      0, 0.859
    40,     40,      0, 0.775
    40,   2048,   2047, 0.807
    40,   2047,   2048, 0.761
    40,   4056,      0, 0.775
    40,   4080,      0, 0.862
    40,   4088,   4080, 0.806
    40,   4064,      0, 0.871
    40,   4048,      0, 0.867
    40,   4072,   4048,  0.82
    40,   4032,      0, 0.866
    40,   4016,      0,  0.91
    40,   4000,      0, 0.871
    40,   3984,      0, 0.879
    40,   4040,   3984,  0.78
    48,      0,      0, 0.826
    48,     48,      0, 0.867
    48,   2048,   2047, 0.816
    48,   2047,   2048, 0.755
    48,   4048,      0, 0.835
    48,   4080,      0, 0.841
    48,   4088,   4080, 0.812
    48,   4064,      0, 0.832
    48,   4072,   4048, 0.807
    48,   4032,      0,  0.85
    48,   4016,      0, 0.858
    48,   4056,   4016, 0.777
    48,   4000,      0, 0.843
    48,   3984,      0, 0.874
    48,   4040,   3984, 0.781
    56,      0,      0, 0.827
    56,     56,      0, 0.758
    56,   2048,   2047, 0.814
    56,   2047,   2048, 0.733
    56,   4040,      0, 0.745
    56,   4080,      0, 0.842
    56,   4088,   4080, 0.797
    56,   4064,      0,  0.83
    56,   4048,      0, 0.849
    56,   4072,   4048, 0.776
    56,   4032,      0, 0.841
    56,   4016,      0, 0.863
    56,   4056,   4016, 0.747
    56,   4000,      0, 0.833
    56,   3984,      0, 0.862
    64,      0,      0, 0.855
    64,     64,      0, 0.907
    64,   2048,   2047, 0.821
    64,   2047,   2048, 0.739
    64,   4032,      0, 0.842
    64,   4080,      0,  0.84
    64,   4088,   4080, 0.792
    64,   4064,      0, 0.845
    64,   4048,      0, 0.853
    64,   4072,   4048, 0.778
    64,   4016,      0, 0.888
    64,   4056,   4016, 0.749
    64,   4000,      0, 0.849
    64,   3984,      0, 0.867
    64,   4040,   3984, 0.748
    72,      0,      0,  0.85
    72,     72,      0, 0.738
    72,   2048,   2047, 0.787
    72,   2047,   2048, 0.732
    72,   4024,      0, 0.742
    72,   4080,      0, 0.858
    72,   4088,   4080, 0.756
    72,   4064,      0, 0.846
    72,   4048,      0, 0.839
    72,   4072,   4048, 0.752
    72,   4032,      0, 0.843
    72,   4016,      0, 0.877
    72,   4056,   4016,  0.77
    72,   4000,      0, 0.856
    72,   3984,      0, 0.885
    72,   4040,   3984, 0.725
    80,      0,      0, 0.813
    80,     80,      0, 0.846
    80,   2048,   2047, 0.754
    80,   2047,   2048, 0.728
    80,   4016,      0, 0.832
    80,   4080,      0,  0.83
    80,   4088,   4080, 0.757
    80,   4064,      0, 0.818
    80,   4048,      0, 0.825
    80,   4072,   4048, 0.753
    80,   4032,      0, 0.821
    80,   4056,   4016, 0.779
    80,   4000,      0, 0.842
    80,   3984,      0,  0.85
    80,   4040,   3984, 0.729
    88,      0,      0, 0.811
    88,     88,      0, 0.741
    88,   2048,   2047, 0.761
    88,   2047,   2048, 0.712
    88,   4008,      0, 0.737
    88,   4080,      0, 0.819
    88,   4088,   4080, 0.772
    88,   4064,      0,  0.82
    88,   4048,      0, 0.818
    88,   4072,   4048, 0.735
    88,   4032,      0, 0.825
    88,   4016,      0, 0.842
    88,   4056,   4016, 0.767
    88,   4000,      0, 0.833
    88,   3984,      0, 0.838
    88,   4040,   3984, 0.734
    96,      0,      0, 0.813
    96,     96,      0, 0.839
    96,   2048,   2047, 0.756
    96,   2047,   2048, 0.719
    96,   4000,      0, 0.818
    96,   4080,      0,  0.82
    96,   4088,   4080, 0.766
    96,   4064,      0, 0.812
    96,   4048,      0,  0.82
    96,   4072,   4048, 0.743
    96,   4032,      0, 0.819
    96,   4016,      0, 0.836
    96,   4056,   4016, 0.765
    96,   3984,      0, 0.835
    96,   4040,   3984, 0.732
   104,      0,      0, 0.813
   104,    104,      0, 0.727
   104,   2048,   2047, 0.777
   104,   2047,   2048, 0.724
   104,   3992,      0, 0.723
   104,   4080,      0, 0.826
   104,   4088,   4080, 0.755
   104,   4064,      0, 0.816
   104,   4048,      0, 0.816
   104,   4072,   4048, 0.728
   104,   4032,      0, 0.824
   104,   4016,      0, 0.833
   104,   4056,   4016, 0.744
   104,   4000,      0, 0.818
   104,   3984,      0, 0.832
   104,   4040,   3984, 0.755
   112,      0,      0, 0.859
   112,    112,      0, 0.844
   112,   2048,   2047, 0.771
   112,   2047,   2048, 0.727
   112,   3984,      0, 0.853
   112,   4080,      0, 0.842
   112,   4088,   4080, 0.755
   112,   4064,      0, 0.857
   112,   4048,      0, 0.848
   112,   4072,   4048, 0.734
   112,   4032,      0, 0.853
   112,   4016,      0, 0.852
   112,   4056,   4016, 0.747
   112,   4000,      0, 0.848
   112,   4040,   3984, 0.749
   120,      0,      0, 0.859
   120,    120,      0, 0.728
   120,   2048,   2047, 0.788
   120,   2047,   2048, 0.717
   120,   3976,      0, 0.731
   120,   4080,      0, 0.845
   120,   4088,   4080, 0.755
   120,   4064,      0, 0.856
   120,   4048,      0,  0.85
   120,   4072,   4048, 0.726
   120,   4032,      0, 0.854
   120,   4016,      0, 0.845
   120,   4056,   4016, 0.747
   120,   4000,      0, 0.853
   120,   3984,      0, 0.849
   120,   4040,   3984, 0.742
   128,      0,      0, 0.877
   128,    128,      0, 0.875
   128,   2048,   2047, 0.785
   128,   2047,   2048, 0.717
   128,   3968,      0, 0.876
   128,   4080,      0, 0.876
   128,   4088,   4080, 0.751
   128,   4064,      0, 0.883
   128,   4048,      0, 0.881
   128,   4072,   4048, 0.737
   128,   4032,      0, 0.879
   128,   4016,      0, 0.873
   128,   4056,   4016, 0.754
   128,   4000,      0, 0.876
   128,   3984,      0, 0.876
   128,   4040,   3984, 0.743
   136,      0,      0, 0.887
   136,    136,      0, 0.728
   136,   2048,   2047, 0.788
   136,   2047,   2048,  0.73
   136,   3960,      0, 0.739
   136,   4080,      0, 0.875
   136,   4088,   4080,  0.77
   136,   4064,      0, 0.873
   136,   4048,      0, 0.874
   136,   4072,   4048, 0.726
   136,   4032,      0, 0.876
   136,   4016,      0, 0.869
   136,   4056,   4016, 0.742
   136,   4000,      0, 0.877
   136,   3984,      0, 0.876
   136,   4040,   3984, 0.746
   144,      0,      0, 0.909
   144,    144,      0, 0.904
   144,   2048,   2047, 0.787
   144,   2047,   2048,  0.73
   144,   3952,      0, 0.902
   144,   4080,      0, 0.901
   144,   4088,   4080, 0.774
   144,   4064,      0, 0.907
   144,   4048,      0, 0.908
   144,   4072,   4048,  0.74
   144,   4032,      0, 0.908
   144,   4016,      0, 0.903
   144,   4056,   4016, 0.736
   144,   4000,      0, 0.906
   144,   3984,      0, 0.903
   144,   4040,   3984, 0.747
   152,      0,      0, 0.909
   152,    152,      0, 0.721
   152,   2048,   2047, 0.809
   152,   2047,   2048, 0.733
   152,   3944,      0, 0.725
   152,   4080,      0, 0.908
   152,   4088,   4080, 0.795
   152,   4064,      0, 0.908
   152,   4048,      0, 0.901
   152,   4072,   4048, 0.742
   152,   4032,      0,   0.9
   152,   4016,      0, 0.903
   152,   4056,   4016, 0.744
   152,   4000,      0, 0.898
   152,   3984,      0, 0.903
   152,   4040,   3984, 0.745
   160,      0,      0,  0.93
   160,    160,      0, 0.921
   160,   2048,   2047, 0.805
   160,   2047,   2048, 0.728
   160,   3936,      0, 0.921
   160,   4080,      0, 0.931
   160,   4088,   4080, 0.799
   160,   4064,      0, 0.931
   160,   4048,      0,  0.93
   160,   4072,   4048, 0.741
   160,   4032,      0,  0.93
   160,   4016,      0, 0.926
   160,   4056,   4016, 0.744
   160,   4000,      0,  0.93
   160,   3984,      0, 0.926
   160,   4040,   3984, 0.743
   192,      0,      0, 0.966
   192,    192,      0, 0.964
   192,   2048,   2047, 0.831
   192,   2047,   2048, 0.725
   192,   3904,      0, 0.968
   192,   4080,      0, 0.971
   192,   4088,   4080, 0.798
   192,   4064,      0, 0.973
   192,   4048,      0, 0.971
   192,   4072,   4048, 0.764
   192,   4032,      0,  0.97
   192,   4016,      0, 0.967
   192,   4056,   4016,  0.77
   192,   4000,      0, 0.971
   192,   3984,      0, 0.968
   192,   4040,   3984,  0.76
   224,      0,      0,  1.01
   224,    224,      0, 1.006
   224,   2048,   2047, 0.799
   224,   2047,   2048, 0.745
   224,   3872,      0, 1.004
   224,   4080,      0, 1.014
   224,   4088,   4080, 0.782
   224,   4064,      0, 1.013
   224,   4048,      0, 1.012
   224,   4072,   4048, 0.759
   224,   4032,      0, 1.013
   224,   4016,      0, 1.006
   224,   4056,   4016, 0.785
   224,   4000,      0, 1.011
   224,   3984,      0, 1.012
   224,   4040,   3984, 0.782
   256,      0,      0, 1.033
   256,    256,      0, 1.036
   256,   2048,   2047, 0.825
   256,   2047,   2048,  0.77
   256,   3840,      0, 1.041
   256,   4080,      0, 1.042
   256,   4088,   4080, 0.806
   256,   4064,      0, 1.043
   256,   4048,      0, 1.041
   256,   4072,   4048, 0.791
   256,   4032,      0, 1.043
   256,   4016,      0,  1.04
   256,   4056,   4016, 0.769
   256,   4000,      0, 1.046
   256,   3984,      0, 1.039
   256,   4040,   3984, 0.784
   288,      0,      0, 1.076
   288,    288,      0, 1.071
   288,   2048,   2047, 0.835
   288,   2047,   2048, 0.789
   288,   3808,      0, 1.081
   288,   4080,      0, 1.086
   288,   4088,   4080, 0.824
   288,   4064,      0, 1.084
   288,   4048,      0, 1.084
   288,   4072,   4048, 0.794
   288,   4032,      0, 1.086
   288,   4016,      0, 1.081
   288,   4056,   4016, 0.797
   288,   4000,      0, 1.088
   288,   3984,      0, 1.076
   288,   4040,   3984, 0.796
   320,      0,      0, 1.071
   320,    320,      0,  1.08
   320,   2048,   2047, 0.849
   320,   2047,   2048, 0.807
   320,   3776,      0, 1.077
   320,   4080,      0, 1.088
   320,   4088,   4080, 0.837
   320,   4064,      0, 1.077
   320,   4048,      0, 1.087
   320,   4072,   4048, 0.808
   320,   4032,      0, 1.085
   320,   4016,      0, 1.087
   320,   4056,   4016, 0.814
   320,   4000,      0, 1.087
   320,   3984,      0, 1.085
   320,   4040,   3984, 0.818
   352,      0,      0, 1.089
   352,    352,      0, 1.098
   352,   2048,   2047,  0.86
   352,   2047,   2048,  0.82
   352,   3744,      0, 1.098
   352,   4080,      0, 1.098
   352,   4088,   4080, 0.845
   352,   4064,      0, 1.095
   352,   4048,      0, 1.099
   352,   4072,   4048,  0.83
   352,   4032,      0, 1.099
   352,   4016,      0, 1.102
   352,   4056,   4016, 0.824
   352,   4000,      0, 1.103
   352,   3984,      0, 1.098
   352,   4040,   3984, 0.824
   384,      0,      0, 1.106
   384,    384,      0, 1.106
   384,   2048,   2047, 0.871
   384,   2047,   2048, 0.834
   384,   3712,      0, 1.112
   384,   4080,      0, 1.109
   384,   4088,   4080, 0.861
   384,   4064,      0,  1.11
   384,   4048,      0, 1.108
   384,   4072,   4048, 0.846
   384,   4032,      0,  1.11
   384,   4016,      0, 1.104
   384,   4056,   4016, 0.839
   384,   4000,      0, 1.112
   384,   3984,      0, 1.107
   384,   4040,   3984, 0.837
   416,      0,      0, 1.113
   416,    416,      0, 1.123
   416,   2048,   2047, 0.876
   416,   2047,   2048,  0.84
   416,   3680,      0,  1.12
   416,   4080,      0,  1.12
   416,   4088,   4080, 0.863
   416,   4064,      0, 1.118
   416,   4048,      0, 1.116
   416,   4072,   4048, 0.853
   416,   4032,      0, 1.119
   416,   4016,      0, 1.122
   416,   4056,   4016, 0.847
   416,   4000,      0, 1.121
   416,   3984,      0, 1.122
   416,   4040,   3984, 0.848
   448,      0,      0, 1.125
   448,    448,      0, 1.133
   448,   2048,   2047, 0.888
   448,   2047,   2048, 0.855
   448,   3648,      0, 1.141
   448,   4080,      0,  1.14
   448,   4088,   4080, 0.875
   448,   4064,      0, 1.141
   448,   4048,      0, 1.136
   448,   4072,   4048, 0.858
   448,   4032,      0, 1.138
   448,   4016,      0, 1.135
   448,   4056,   4016, 0.859
   448,   4000,      0, 1.144
   448,   3984,      0, 1.137
   448,   4040,   3984, 0.855
   480,      0,      0, 1.126
   480,    480,      0, 1.134
   480,   2048,   2047, 0.888
   480,   2047,   2048, 0.862
   480,   3616,      0, 1.136
   480,   4080,      0, 1.133
   480,   4088,   4080, 0.882
   480,   4064,      0,  1.13
   480,   4048,      0, 1.135
   480,   4072,   4048, 0.866
   480,   4032,      0, 1.134
   480,   4016,      0, 1.135
   480,   4056,   4016,  0.86
   480,   4000,      0, 1.137
   480,   3984,      0, 1.134
   480,   4040,   3984, 0.861
   512,      0,      0, 1.132
   512,    512,      0, 1.146
   512,   2048,   2047, 0.893
   512,   2047,   2048, 0.868
   512,   3584,      0, 1.143
   512,   4080,      0, 1.141
   512,   4088,   4080, 0.888
   512,   4064,      0, 1.142
   512,   4048,      0, 1.142
   512,   4072,   4048, 0.876
   512,   4032,      0, 1.146
   512,   4016,      0, 1.148
   512,   4056,   4016, 0.872
   512,   4000,      0, 1.151
   512,   3984,      0, 1.145
   512,   4040,   3984, 0.872
  1024,      0,      0, 0.988
  1024,   1024,      0, 1.201
  1024,   2048,   2047, 0.957
  1024,   2047,   2048, 0.977
  1024,   3072,      0,  1.04
  1024,   4080,      0, 0.976
  1024,   4088,   4080,  0.99
  1024,   4064,      0, 0.987
  1024,   4048,      0, 0.973
  1024,   4072,   4048, 0.984
  1024,   4032,      0,  0.98
  1024,   4016,      0, 0.968
  1024,   4056,   4016, 0.985
  1024,   4000,      0, 0.983
  1024,   3984,      0, 0.971
  1024,   4040,   3984, 0.977
  2048,      0,      0, 1.292
  2048,   2048,      0,  1.17
  2048,   2047,   2048, 0.935
  2048,   4080,      0, 1.262
  2048,   4088,   4080,  0.99
  2048,   4064,      0, 1.287
  2048,   4048,      0, 1.271
  2048,   4072,   4048, 0.986
  2048,   4032,      0, 1.292
  2048,   4016,      0, 1.235
  2048,   4056,   4016, 0.988
  2048,   4000,      0, 1.261
  2048,   3984,      0, 1.247
  2048,   4040,   3984, 0.992
  4096,      0,      0, 1.255
  4096,   2048,   2047, 0.969
  4096,   2047,   2048, 0.973
  4096,   4080,      0, 1.244
  4096,   4088,   4080, 0.997
  4096,   4064,      0, 1.262
  4096,   4048,      0,  1.25
  4096,   4072,   4048, 0.991
  4096,   4032,      0, 1.232
  4096,   4016,      0, 1.226
  4096,   4056,   4016, 0.995
  4096,   4000,      0, 1.239
  4096,   3984,      0, 1.237
  4096,   4040,   3984, 0.988
     4,      1,      2, 0.964
     8,      2,      3, 0.964
    16,      3,      4, 0.964
    32,      4,      5, 0.928
    64,      5,      6, 0.869
   128,      6,      7, 0.781
   256,      7,      8, 0.797
   512,      8,      9, 0.878
  1024,      9,     10, 0.989
    16,      1,      2, 0.963
    16,      2,      1, 0.963
    32,      2,      4, 0.897
    64,      3,      6, 0.814
    64,      6,      3, 0.756
   128,      4,      8, 0.756
   128,      8,      4, 0.746
   256,      5,     10, 0.787
   256,     10,      5,  0.77
   512,      6,     12, 0.877
   512,     12,      6,  0.85
  1024,      7,     14,   1.0
  1024,     14,      7, 0.987
     1,   8177,   8177, 0.997
     2,   8178,   8178,   1.0
     3,   8179,   8179, 0.999
     4,   8180,   8180,   1.0
     5,   8181,   8181,   1.0
     6,   8182,   8182,   1.0
     7,   8183,   8183,   1.0
     8,   8168,   8168, 0.964
     9,   8169,   8169, 0.965
    10,   8170,   8170,  0.96
    11,   8171,   8171, 0.959
    12,   8172,   8172, 0.962
    13,   8173,   8173, 0.961
    14,   8174,   8174, 0.963
    15,   8175,   8175, 0.963
    16,   8160,   8160, 0.958
    17,   8161,   8161, 0.972
    18,   8162,   8162, 0.973
    19,   8163,   8163, 0.974
    20,   8164,   8164, 0.971
    21,   8165,   8165, 0.973
    22,   8166,   8166, 0.969
    23,   8167,   8167, 0.978
    24,   8152,   8152, 0.969
    25,   8153,   8153, 0.875
    26,   8154,   8154, 0.869
    27,   8155,   8155, 0.871
    28,   8156,   8156,  0.87
    29,   8157,   8157,  0.86
    30,   8158,   8158, 0.859
    31,   8159,   8159, 0.859
     1,   8176,   8176, 0.972
     1,   8175,   8176, 0.964
     1,   8184,   8176,   1.0
     2,   8176,   8176, 0.968
     2,   8175,   8176, 1.061
     2,   8174,   8176, 1.045
     2,   8184,   8176,   1.0
     3,   8176,   8176, 0.968
     3,   8175,   8176, 1.008
     3,   8173,   8176, 1.027
     3,   8184,   8176, 0.998
     4,   8176,   8176, 0.965
     4,   8175,   8176, 0.997
     4,   8172,   8176, 0.997
     4,   8184,   8176,   1.0
     5,   8176,   8176, 0.968
     5,   8175,   8176, 0.999
     5,   8171,   8176, 1.001
     5,   8184,   8176,   1.0
     6,   8176,   8176, 0.977
     6,   8175,   8176, 0.985
     6,   8170,   8176, 0.992
     6,   8184,   8176, 0.998
     7,   8176,   8176, 0.964
     7,   8175,   8176, 1.018
     7,   8169,   8176, 1.014
     7,   8168,   8176, 0.969
     8,   8176,   8176, 0.964
     8,   8175,   8176,  0.99
     9,   8176,   8176, 0.964
     9,   8175,   8176, 0.973
     9,   8167,   8176, 0.965
     9,   8168,   8176, 0.966
    10,   8176,   8176, 0.964
    10,   8175,   8176, 0.935
    10,   8166,   8176, 0.973
    10,   8168,   8176, 0.965
    11,   8176,   8176, 0.964
    11,   8175,   8176, 0.964
    11,   8165,   8176, 0.943
    11,   8168,   8176, 0.965
    12,   8176,   8176, 0.964
    12,   8175,   8176, 0.946
    12,   8164,   8176, 0.941
    12,   8168,   8176, 0.966
    13,   8176,   8176, 0.964
    13,   8175,   8176, 0.958
    13,   8163,   8176, 0.962
    13,   8168,   8176, 0.965
    14,   8176,   8176, 0.964
    14,   8175,   8176, 0.949
    14,   8162,   8176, 0.955
    14,   8168,   8176, 0.966
    15,   8160,   8160, 0.964
    15,   8161,   8160, 0.955
    15,   8168,   8160, 0.961
    16,   8159,   8160, 0.928
    16,   8168,   8160, 0.916
    17,   8160,   8160, 0.973
    17,   8159,   8160,  0.85
    17,   8168,   8160, 0.916
    18,   8160,   8160, 0.979
    18,   8159,   8160,  0.85
    18,   8158,   8160, 0.873
    18,   8168,   8160, 0.917
    19,   8160,   8160, 0.971
    19,   8159,   8160, 0.859
    19,   8157,   8160,  0.86
    19,   8168,   8160, 0.916
    20,   8160,   8160, 0.983
    20,   8159,   8160, 0.853
    20,   8156,   8160, 0.885
    20,   8168,   8160, 0.917
    21,   8160,   8160, 0.973
    21,   8159,   8160, 0.852
    21,   8155,   8160, 0.861
    21,   8168,   8160, 0.915
    22,   8160,   8160, 0.971
    22,   8159,   8160, 0.853
    22,   8154,   8160, 0.853
    22,   8168,   8160, 0.915
    23,   8160,   8160, 0.971
    23,   8159,   8160, 0.849
    23,   8153,   8160, 0.869
    23,   8152,   8160, 0.917
    24,   8160,   8160, 0.971
    24,   8159,   8160, 0.851
    25,   8160,   8160, 0.971
    25,   8159,   8160,  0.85
    25,   8151,   8160, 0.854
    25,   8152,   8160, 0.853
    26,   8160,   8160, 0.971
    26,   8159,   8160, 0.848
    26,   8150,   8160, 0.847
    26,   8152,   8160, 0.868
    27,   8160,   8160, 0.981
    27,   8159,   8160,  0.85
    27,   8149,   8160, 0.861
    27,   8152,   8160, 0.869
    28,   8160,   8160, 0.971
    28,   8159,   8160, 0.852
    28,   8148,   8160, 0.881
    28,   8152,   8160, 0.865
    29,   8160,   8160, 0.971
    29,   8159,   8160,  0.85
    29,   8147,   8160, 0.869
    29,   8152,   8160, 0.866
    30,   8160,   8160, 0.972
    30,   8159,   8160, 0.852
    30,   8146,   8160, 0.858
    30,   8152,   8160, 0.864
    31,   8144,   8144, 0.971
    31,   8145,   8144,  0.79
    31,   8152,   8144, 0.793
    32,   8144,   8144, 0.977
    32,   8143,   8144, 0.796
    32,   8152,   8144, 0.792
    40,   8144,   8144, 0.865
    40,   8136,   8144, 0.805
    40,   8143,   8144, 0.812
    48,   8128,   8128, 0.831
    48,   8127,   8128, 0.757
    48,   8136,   8128, 0.769
    56,   8128,   8128,  0.83
    56,   8120,   8128, 0.767
    56,   8127,   8128, 0.774
    64,   8112,   8112, 0.864
    64,   8111,   8112, 0.757
    64,   8120,   8112, 0.747
    72,   8112,   8112, 0.852
    72,   8104,   8112, 0.762
    72,   8111,   8112, 0.774
    80,   8096,   8096, 0.811
    80,   8095,   8096, 0.739
    80,   8104,   8096, 0.741
    88,   8096,   8096, 0.811
    88,   8088,   8096, 0.766
    88,   8095,   8096, 0.768
    96,   8080,   8080, 0.813
    96,   8079,   8080, 0.742
    96,   8088,   8080, 0.743
   104,   8080,   8080, 0.813
   104,   8072,   8080, 0.762
   104,   8079,   8080, 0.763
   112,   8064,   8064, 0.859
   112,   8063,   8064, 0.734
   112,   8072,   8064, 0.728
   120,   8064,   8064,  0.86
   120,   8056,   8064, 0.759
   120,   8063,   8064, 0.756
   128,   8048,   8048, 0.875
   128,   8047,   8048, 0.729
   128,   8056,   8048, 0.732
   136,   8048,   8048, 0.887
   136,   8040,   8048, 0.753
   136,   8047,   8048,  0.75
   144,   8032,   8032, 0.908
   144,   8031,   8032,  0.73
   144,   8040,   8032, 0.733
   152,   8032,   8032, 0.908
   152,   8024,   8032, 0.753
   152,   8031,   8032, 0.752
   160,   8016,   8016, 0.932
   160,   8015,   8016, 0.725
   160,   8024,   8016, 0.729
   192,   7984,   7984,  0.97
   192,   7983,   7984, 0.737
   192,   7992,   7984, 0.743
   224,   7952,   7952,  1.01
   224,   7951,   7952, 0.747
   224,   7960,   7952, 0.751
   256,   7920,   7920, 1.035
   256,   7919,   7920, 0.763
   256,   7928,   7920, 0.775
   288,   7888,   7888, 1.069
   288,   7887,   7888, 0.756
   288,   7896,   7888, 0.766
   320,   7856,   7856,  1.07
   320,   7855,   7856,  0.78
   320,   7864,   7856, 0.816
   352,   7824,   7824, 1.092
   352,   7823,   7824,   0.8
   352,   7832,   7824, 0.803
   384,   7792,   7792, 1.106
   384,   7791,   7792, 0.814
   384,   7800,   7792, 0.839
   416,   7760,   7760, 1.117
   416,   7759,   7760, 0.823
   416,   7768,   7760, 0.826
   448,   7728,   7728, 1.127
   448,   7727,   7728, 0.837
   448,   7736,   7728, 0.854
   480,   7696,   7696, 1.129
   480,   7695,   7696, 0.842
   480,   7704,   7696, 0.838
   512,   7664,   7664,  1.13
   512,   7663,   7664, 0.848
   512,   7672,   7664, 0.888
  1024,   7152,   7152, 0.984
  1024,   7151,   7152, 0.979
  1024,   7160,   7152, 0.946
  2048,   6128,   6128, 1.292
  2048,   6127,   6128, 0.991
  2048,   6136,   6128, 0.981
  4096,   4079,   4080, 0.993
     4,   8177,   8178, 1.087
     8,   8178,   8179, 1.099
    16,   8163,   8164, 0.964
    32,   8148,   8149, 0.928
    64,   8117,   8118, 0.848
   128,   8054,   8055, 0.793
   256,   7927,   7928, 0.819
  1024,   7161,   7162, 0.974
    16,   8161,   8162, 0.965
    16,   8162,   8161, 0.964
    32,   8146,   8148, 0.893
    64,   8115,   8118, 0.817
    64,   8118,   8115, 0.747
   128,   8052,   8056, 0.796
   256,   7925,   7930, 0.828
   256,   7930,   7925, 0.788
   512,   7670,   7676, 0.897
   512,   7676,   7670,  0.87
  1024,   7159,   7166, 0.979
  1024,   7166,   7159, 0.969
   128,   8063,   8063, 0.996
   129,   8062,   8063,  0.99
   130,   8061,   8062, 0.995
   131,   8060,   8061,   1.0
   132,   8059,   8060, 0.998
   133,   8058,   8059,   1.0
   134,   8057,   8058, 0.997
   135,   8056,   8057, 0.999
   136,   8055,   8056,   1.0
   137,   8054,   8055,   1.0
   138,   8053,   8054, 0.997
   139,   8052,   8053,   1.0
   140,   8051,   8052,   1.0
   141,   8050,   8051, 0.999
   142,   8049,   8050,   1.0
   143,   8048,   8049, 0.885
   144,   8047,   8048, 0.904
   145,   8046,   8047, 0.908
   146,   8045,   8046, 0.908
   147,   8044,   8045, 0.908
   148,   8043,   8044, 0.902
   149,   8042,   8043, 0.906
   150,   8041,   8042, 0.906
   151,   8040,   8041, 0.908
   152,   8039,   8040, 0.908
   153,   8038,   8039, 0.908
   154,   8037,   8038, 0.908
   155,   8036,   8037, 0.908
   156,   8035,   8036, 0.908
   157,   8034,   8035, 0.908
   158,   8033,   8034, 0.899
