
Results For: strncat
align1,align2 ,len1 ,len2 ,max_char ,n    ,new    ,old    ,new/old 
0     ,0      ,1024 ,1024 ,127      ,1024 ,35.209 ,41.538 ,0.848   
0     ,0      ,1024 ,1024 ,127      ,1056 ,36.31  ,46.738 ,0.777   
0     ,0      ,1024 ,1024 ,127      ,1088 ,36.271 ,46.432 ,0.781   
0     ,0      ,1024 ,1024 ,127      ,128  ,28.391 ,25.1   ,1.131   
0     ,0      ,1024 ,1024 ,127      ,2    ,17.82  ,20.89  ,0.853   
0     ,0      ,1024 ,1024 ,127      ,2048 ,36.323 ,44.716 ,0.812   
0     ,0      ,1024 ,1024 ,127      ,32   ,21.803 ,22.859 ,0.954   
0     ,0      ,1024 ,1024 ,127      ,512  ,28.526 ,31.789 ,0.897   
0     ,0      ,1024 ,1024 ,127      ,8    ,17.958 ,20.844 ,0.862   
0     ,0      ,1024 ,1024 ,127      ,960  ,34.244 ,43.85  ,0.781   
0     ,0      ,1024 ,1024 ,127      ,992  ,34.201 ,44.432 ,0.77    
0     ,0      ,1024 ,1056 ,127      ,1024 ,35.513 ,41.125 ,0.864   
0     ,0      ,1024 ,1088 ,127      ,1024 ,35.632 ,40.963 ,0.87    
0     ,0      ,1024 ,256  ,127      ,128  ,20.826 ,23.16  ,0.899   
0     ,0      ,1024 ,256  ,127      ,2    ,18.616 ,19.643 ,0.948   
0     ,0      ,1024 ,256  ,127      ,2048 ,35.055 ,37.853 ,0.926   
0     ,0      ,1024 ,256  ,127      ,32   ,18.334 ,19.681 ,0.932   
0     ,0      ,1024 ,256  ,127      ,512  ,27.618 ,29.644 ,0.932   
0     ,0      ,1024 ,256  ,127      ,8    ,18.449 ,19.785 ,0.933   
0     ,0      ,1024 ,960  ,127      ,1024 ,35.003 ,42.11  ,0.831   
0     ,0      ,1024 ,992  ,127      ,1024 ,34.687 ,41.55  ,0.835   
0     ,0      ,128  ,128  ,127      ,128  ,19.906 ,22.218 ,0.896   
0     ,0      ,128  ,128  ,127      ,160  ,21.337 ,23.008 ,0.927   
0     ,0      ,128  ,128  ,127      ,192  ,20.884 ,23.237 ,0.899   
0     ,0      ,128  ,128  ,127      ,2    ,17.216 ,18.864 ,0.913   
0     ,0      ,128  ,128  ,127      ,2048 ,20.966 ,22.645 ,0.926   
0     ,0      ,128  ,128  ,127      ,32   ,17.501 ,18.957 ,0.923   
0     ,0      ,128  ,128  ,127      ,512  ,20.928 ,22.531 ,0.929   
0     ,0      ,128  ,128  ,127      ,64   ,18.416 ,20.816 ,0.885   
0     ,0      ,128  ,128  ,127      ,8    ,17.405 ,18.713 ,0.93    
0     ,0      ,128  ,128  ,127      ,96   ,18.891 ,21.571 ,0.876   
0     ,0      ,128  ,160  ,127      ,128  ,21.013 ,22.526 ,0.933   
0     ,0      ,128  ,192  ,127      ,128  ,20.831 ,22.459 ,0.928   
0     ,0      ,128  ,32   ,127      ,128  ,20.097 ,22.676 ,0.886   
0     ,0      ,128  ,32   ,127      ,2    ,17.213 ,18.749 ,0.918   
0     ,0      ,128  ,32   ,127      ,2048 ,20.569 ,22.842 ,0.9     
0     ,0      ,128  ,32   ,127      ,32   ,17.821 ,19.365 ,0.92    
0     ,0      ,128  ,32   ,127      ,512  ,20.471 ,22.858 ,0.896   
0     ,0      ,128  ,32   ,127      ,8    ,17.425 ,18.987 ,0.918   
0     ,0      ,128  ,64   ,127      ,128  ,20.721 ,23.021 ,0.9     
0     ,0      ,128  ,96   ,127      ,128  ,20.157 ,22.938 ,0.879   
0     ,0      ,16   ,16   ,127      ,128  ,18.263 ,18.365 ,0.994   
0     ,0      ,16   ,16   ,127      ,2    ,18.325 ,19.118 ,0.958   
0     ,0      ,16   ,16   ,127      ,2048 ,18.271 ,18.684 ,0.978   
0     ,0      ,16   ,16   ,127      ,32   ,18.292 ,18.173 ,1.007   
0     ,0      ,16   ,16   ,127      ,512  ,18.284 ,18.464 ,0.99    
0     ,0      ,16   ,16   ,127      ,8    ,18.192 ,18.201 ,1.0     
0     ,0      ,16   ,4    ,127      ,128  ,18.296 ,18.243 ,1.003   
0     ,0      ,16   ,4    ,127      ,2    ,18.543 ,18.908 ,0.981   
0     ,0      ,16   ,4    ,127      ,2048 ,18.325 ,18.623 ,0.984   
0     ,0      ,16   ,4    ,127      ,32   ,18.307 ,18.235 ,1.004   
0     ,0      ,16   ,4    ,127      ,512  ,18.257 ,18.422 ,0.991   
0     ,0      ,16   ,4    ,127      ,8    ,18.231 ,18.237 ,1.0     
0     ,0      ,256  ,192  ,127      ,256  ,23.466 ,25.565 ,0.918   
0     ,0      ,256  ,224  ,127      ,256  ,23.038 ,25.817 ,0.892   
0     ,0      ,256  ,256  ,127      ,128  ,20.737 ,22.212 ,0.934   
0     ,0      ,256  ,256  ,127      ,192  ,21.687 ,23.665 ,0.916   
0     ,0      ,256  ,256  ,127      ,2    ,18.624 ,18.831 ,0.989   
0     ,0      ,256  ,256  ,127      ,2048 ,24.715 ,25.89  ,0.955   
0     ,0      ,256  ,256  ,127      ,224  ,21.964 ,24.479 ,0.897   
0     ,0      ,256  ,256  ,127      ,256  ,23.31  ,25.366 ,0.919   
0     ,0      ,256  ,256  ,127      ,288  ,24.947 ,27.491 ,0.907   
0     ,0      ,256  ,256  ,127      ,32   ,18.285 ,18.965 ,0.964   
0     ,0      ,256  ,256  ,127      ,320  ,25.147 ,27.564 ,0.912   
0     ,0      ,256  ,256  ,127      ,512  ,24.743 ,25.997 ,0.952   
0     ,0      ,256  ,256  ,127      ,8    ,18.511 ,18.795 ,0.985   
0     ,0      ,256  ,288  ,127      ,256  ,22.989 ,25.573 ,0.899   
0     ,0      ,256  ,320  ,127      ,256  ,23.282 ,25.763 ,0.904   
0     ,0      ,256  ,64   ,127      ,128  ,20.698 ,22.973 ,0.901   
0     ,0      ,256  ,64   ,127      ,2    ,17.207 ,18.925 ,0.909   
0     ,0      ,256  ,64   ,127      ,2048 ,23.976 ,26.551 ,0.903   
0     ,0      ,256  ,64   ,127      ,32   ,17.358 ,19.019 ,0.913   
0     ,0      ,256  ,64   ,127      ,512  ,23.893 ,26.719 ,0.894   
0     ,0      ,256  ,64   ,127      ,8    ,17.317 ,19.677 ,0.88    
0     ,0      ,32   ,32   ,127      ,128  ,19.443 ,19.921 ,0.976   
0     ,0      ,32   ,32   ,127      ,2    ,17.201 ,19.414 ,0.886   
0     ,0      ,32   ,32   ,127      ,2048 ,19.436 ,20.243 ,0.96    
0     ,0      ,32   ,32   ,127      ,32   ,17.841 ,19.272 ,0.926   
0     ,0      ,32   ,32   ,127      ,512  ,19.421 ,20.041 ,0.969   
0     ,0      ,32   ,32   ,127      ,8    ,17.433 ,18.825 ,0.926   
0     ,0      ,32   ,8    ,127      ,128  ,20.176 ,18.968 ,1.064   
0     ,0      ,32   ,8    ,127      ,2    ,18.036 ,18.46  ,0.977   
0     ,0      ,32   ,8    ,127      ,2048 ,20.164 ,19.119 ,1.055   
0     ,0      ,32   ,8    ,127      ,32   ,18.109 ,18.109 ,1.0     
0     ,0      ,32   ,8    ,127      ,512  ,20.156 ,18.976 ,1.062   
0     ,0      ,32   ,8    ,127      ,8    ,18.174 ,18.181 ,1.0     
0     ,0      ,4    ,4    ,127      ,128  ,18.668 ,18.769 ,0.995   
0     ,0      ,4    ,4    ,127      ,2    ,18.033 ,20.127 ,0.896   
0     ,0      ,4    ,4    ,127      ,2048 ,18.752 ,19.593 ,0.957   
0     ,0      ,4    ,4    ,127      ,32   ,18.69  ,18.739 ,0.997   
0     ,0      ,4    ,4    ,127      ,512  ,18.693 ,19.161 ,0.976   
0     ,0      ,4    ,4    ,127      ,8    ,18.651 ,18.618 ,1.002   
0     ,0      ,512  ,128  ,127      ,128  ,19.857 ,22.42  ,0.886   
0     ,0      ,512  ,128  ,127      ,2    ,17.202 ,19.308 ,0.891   
0     ,0      ,512  ,128  ,127      ,2048 ,26.361 ,29.868 ,0.883   
0     ,0      ,512  ,128  ,127      ,32   ,17.515 ,19.325 ,0.906   
0     ,0      ,512  ,128  ,127      ,512  ,25.866 ,28.883 ,0.896   
0     ,0      ,512  ,128  ,127      ,8    ,17.431 ,19.205 ,0.908   
0     ,0      ,512  ,448  ,127      ,512  ,27.339 ,29.935 ,0.913   
0     ,0      ,512  ,480  ,127      ,512  ,26.78  ,29.613 ,0.904   
0     ,0      ,512  ,512  ,127      ,128  ,21.937 ,23.096 ,0.95    
0     ,0      ,512  ,512  ,127      ,2    ,18.125 ,18.851 ,0.961   
0     ,0      ,512  ,512  ,127      ,2048 ,29.999 ,29.213 ,1.027   
0     ,0      ,512  ,512  ,127      ,32   ,18.455 ,19.313 ,0.956   
0     ,0      ,512  ,512  ,127      ,448  ,26.492 ,28.895 ,0.917   
0     ,0      ,512  ,512  ,127      ,480  ,27.025 ,29.564 ,0.914   
0     ,0      ,512  ,512  ,127      ,512  ,27.953 ,29.149 ,0.959   
0     ,0      ,512  ,512  ,127      ,544  ,29.55  ,31.227 ,0.946   
0     ,0      ,512  ,512  ,127      ,576  ,29.649 ,30.933 ,0.958   
0     ,0      ,512  ,512  ,127      ,8    ,18.532 ,18.917 ,0.98    
0     ,0      ,512  ,544  ,127      ,512  ,26.823 ,31.019 ,0.865   
0     ,0      ,512  ,576  ,127      ,512  ,26.787 ,31.405 ,0.853   
0     ,0      ,64   ,16   ,127      ,128  ,24.945 ,24.421 ,1.021   
0     ,0      ,64   ,16   ,127      ,2    ,18.08  ,18.282 ,0.989   
0     ,0      ,64   ,16   ,127      ,2048 ,24.93  ,24.442 ,1.02    
0     ,0      ,64   ,16   ,127      ,32   ,18.01  ,18.151 ,0.992   
0     ,0      ,64   ,16   ,127      ,512  ,24.956 ,24.464 ,1.02    
0     ,0      ,64   ,16   ,127      ,8    ,18.167 ,18.208 ,0.998   
0     ,0      ,64   ,64   ,127      ,128  ,19.891 ,21.349 ,0.932   
0     ,0      ,64   ,64   ,127      ,2    ,17.202 ,18.965 ,0.907   
0     ,0      ,64   ,64   ,127      ,2048 ,19.9   ,21.477 ,0.927   
0     ,0      ,64   ,64   ,127      ,32   ,17.362 ,18.754 ,0.926   
0     ,0      ,64   ,64   ,127      ,512  ,19.932 ,21.368 ,0.933   
0     ,0      ,64   ,64   ,127      ,8    ,17.344 ,19.406 ,0.894   
0     ,0      ,8    ,8    ,127      ,128  ,18.446 ,18.268 ,1.01    
0     ,0      ,8    ,8    ,127      ,2    ,18.057 ,19.366 ,0.932   
0     ,0      ,8    ,8    ,127      ,2048 ,18.438 ,18.836 ,0.979   
0     ,0      ,8    ,8    ,127      ,32   ,18.433 ,18.266 ,1.009   
0     ,0      ,8    ,8    ,127      ,512  ,18.453 ,18.389 ,1.003   
0     ,0      ,8    ,8    ,127      ,8    ,18.169 ,18.155 ,1.001   
0     ,2      ,2    ,2    ,127      ,128  ,18.143 ,18.229 ,0.995   
0     ,2      ,2    ,2    ,127      ,2    ,18.076 ,20.061 ,0.901   
0     ,2      ,2    ,2    ,127      ,2048 ,18.177 ,19.002 ,0.957   
0     ,2      ,2    ,2    ,127      ,32   ,18.142 ,18.486 ,0.981   
0     ,2      ,2    ,2    ,127      ,512  ,18.122 ,18.589 ,0.975   
0     ,2      ,2    ,2    ,127      ,8    ,18.145 ,18.39  ,0.987   
0     ,4      ,128  ,1    ,127      ,128  ,25.227 ,24.113 ,1.046   
0     ,4      ,128  ,1    ,127      ,2    ,18.025 ,18.375 ,0.981   
0     ,4      ,128  ,1    ,127      ,2048 ,26.79  ,24.652 ,1.087   
0     ,4      ,128  ,1    ,127      ,32   ,18.1   ,18.47  ,0.98    
0     ,4      ,128  ,1    ,127      ,512  ,26.809 ,24.612 ,1.089   
0     ,4      ,128  ,1    ,127      ,8    ,18.255 ,18.381 ,0.993   
1     ,0      ,1024 ,1024 ,127      ,1024 ,53.466 ,52.858 ,1.012   
1     ,0      ,1024 ,1024 ,127      ,1056 ,52.833 ,54.7   ,0.966   
1     ,0      ,1024 ,1024 ,127      ,1088 ,53.227 ,54.96  ,0.968   
1     ,0      ,1024 ,1024 ,127      ,960  ,51.806 ,50.871 ,1.018   
1     ,0      ,1024 ,1024 ,127      ,992  ,51.952 ,53.231 ,0.976   
1     ,0      ,1024 ,1056 ,127      ,1024 ,52.488 ,54.605 ,0.961   
1     ,0      ,1024 ,1088 ,127      ,1024 ,51.608 ,53.14  ,0.971   
1     ,0      ,1024 ,960  ,127      ,1024 ,51.226 ,51.96  ,0.986   
1     ,0      ,1024 ,992  ,127      ,1024 ,49.413 ,54.61  ,0.905   
1     ,0      ,128  ,128  ,127      ,128  ,24.336 ,26.305 ,0.925   
1     ,0      ,128  ,128  ,127      ,160  ,24.852 ,26.767 ,0.928   
1     ,0      ,128  ,128  ,127      ,192  ,24.943 ,26.999 ,0.924   
1     ,0      ,128  ,128  ,127      ,64   ,19.042 ,21.0   ,0.907   
1     ,0      ,128  ,128  ,127      ,96   ,22.52  ,24.682 ,0.912   
1     ,0      ,128  ,160  ,127      ,128  ,25.813 ,26.513 ,0.974   
1     ,0      ,128  ,192  ,127      ,128  ,24.421 ,25.701 ,0.95    
1     ,0      ,128  ,64   ,127      ,128  ,24.159 ,27.216 ,0.888   
1     ,0      ,128  ,96   ,127      ,128  ,25.039 ,26.751 ,0.936   
1     ,0      ,256  ,192  ,127      ,256  ,28.842 ,30.107 ,0.958   
1     ,0      ,256  ,224  ,127      ,256  ,29.143 ,31.399 ,0.928   
1     ,0      ,256  ,256  ,127      ,192  ,26.349 ,26.439 ,0.997   
1     ,0      ,256  ,256  ,127      ,224  ,27.241 ,28.808 ,0.946   
1     ,0      ,256  ,256  ,127      ,256  ,28.434 ,30.922 ,0.92    
1     ,0      ,256  ,256  ,127      ,288  ,30.344 ,30.927 ,0.981   
1     ,0      ,256  ,256  ,127      ,320  ,30.354 ,31.008 ,0.979   
1     ,0      ,256  ,288  ,127      ,256  ,29.332 ,31.478 ,0.932   
1     ,0      ,256  ,320  ,127      ,256  ,28.307 ,31.108 ,0.91    
1     ,0      ,512  ,448  ,127      ,512  ,36.586 ,36.982 ,0.989   
1     ,0      ,512  ,480  ,127      ,512  ,36.164 ,39.102 ,0.925   
1     ,0      ,512  ,512  ,127      ,448  ,34.431 ,33.645 ,1.023   
1     ,0      ,512  ,512  ,127      ,480  ,35.648 ,36.809 ,0.968   
1     ,0      ,512  ,512  ,127      ,512  ,36.972 ,37.021 ,0.999   
1     ,0      ,512  ,512  ,127      ,544  ,37.251 ,38.466 ,0.968   
1     ,0      ,512  ,512  ,127      ,576  ,37.203 ,38.736 ,0.96    
1     ,0      ,512  ,544  ,127      ,512  ,35.993 ,40.966 ,0.879   
1     ,0      ,512  ,576  ,127      ,512  ,36.289 ,38.781 ,0.936   
1     ,1      ,16   ,10   ,127      ,128  ,18.347 ,19.192 ,0.956   
1     ,1      ,16   ,10   ,127      ,2    ,18.048 ,19.212 ,0.939   
1     ,1      ,16   ,10   ,127      ,2048 ,18.629 ,19.791 ,0.941   
1     ,1      ,16   ,10   ,127      ,32   ,18.298 ,18.926 ,0.967   
1     ,1      ,16   ,10   ,127      ,512  ,18.43  ,19.625 ,0.939   
1     ,1      ,16   ,10   ,127      ,8    ,18.161 ,19.048 ,0.953   
1     ,2      ,16   ,1    ,127      ,128  ,18.306 ,19.45  ,0.941   
1     ,2      ,16   ,1    ,127      ,2    ,18.098 ,19.311 ,0.937   
1     ,2      ,16   ,1    ,127      ,2048 ,18.74  ,19.926 ,0.941   
1     ,2      ,16   ,1    ,127      ,32   ,18.318 ,19.178 ,0.955   
1     ,2      ,16   ,1    ,127      ,512  ,18.756 ,19.994 ,0.938   
1     ,2      ,16   ,1    ,127      ,8    ,18.254 ,19.297 ,0.946   
1     ,6      ,1024 ,1024 ,127      ,128  ,30.713 ,31.614 ,0.972   
1     ,6      ,1024 ,1024 ,127      ,2    ,17.84  ,21.145 ,0.844   
1     ,6      ,1024 ,1024 ,127      ,2048 ,52.158 ,52.37  ,0.996   
1     ,6      ,1024 ,1024 ,127      ,32   ,21.239 ,22.758 ,0.933   
1     ,6      ,1024 ,1024 ,127      ,512  ,38.737 ,41.007 ,0.945   
1     ,6      ,1024 ,1024 ,127      ,8    ,17.969 ,21.261 ,0.845   
1     ,6      ,1024 ,256  ,127      ,128  ,26.155 ,26.806 ,0.976   
1     ,6      ,1024 ,256  ,127      ,2    ,18.623 ,19.737 ,0.944   
1     ,6      ,1024 ,256  ,127      ,2048 ,54.467 ,54.497 ,0.999   
1     ,6      ,1024 ,256  ,127      ,32   ,18.363 ,19.612 ,0.936   
1     ,6      ,1024 ,256  ,127      ,512  ,37.407 ,38.884 ,0.962   
1     ,6      ,1024 ,256  ,127      ,8    ,18.478 ,19.69  ,0.938   
2     ,1      ,16   ,1    ,127      ,128  ,18.379 ,19.37  ,0.949   
2     ,1      ,16   ,1    ,127      ,2    ,18.079 ,18.953 ,0.954   
2     ,1      ,16   ,1    ,127      ,2048 ,18.725 ,19.859 ,0.943   
2     ,1      ,16   ,1    ,127      ,32   ,18.334 ,19.099 ,0.96    
2     ,1      ,16   ,1    ,127      ,512  ,18.633 ,19.791 ,0.941   
2     ,1      ,16   ,1    ,127      ,8    ,18.304 ,19.165 ,0.955   
2     ,2      ,32   ,10   ,127      ,128  ,20.168 ,19.461 ,1.036   
2     ,2      ,32   ,10   ,127      ,2    ,18.039 ,18.72  ,0.964   
2     ,2      ,32   ,10   ,127      ,2048 ,20.178 ,19.893 ,1.014   
2     ,2      ,32   ,10   ,127      ,32   ,18.117 ,18.656 ,0.971   
2     ,2      ,32   ,10   ,127      ,512  ,20.212 ,19.821 ,1.02    
2     ,2      ,32   ,10   ,127      ,8    ,18.178 ,18.685 ,0.973   
2     ,4      ,32   ,1    ,127      ,128  ,20.165 ,19.81  ,1.018   
2     ,4      ,32   ,1    ,127      ,2    ,18.062 ,18.79  ,0.961   
2     ,4      ,32   ,1    ,127      ,2048 ,20.332 ,20.307 ,1.001   
2     ,4      ,32   ,1    ,127      ,32   ,18.111 ,18.769 ,0.965   
2     ,4      ,32   ,1    ,127      ,512  ,20.243 ,20.208 ,1.002   
2     ,4      ,32   ,1    ,127      ,8    ,18.246 ,18.83  ,0.969   
2     ,4      ,512  ,128  ,127      ,128  ,25.627 ,26.745 ,0.958   
2     ,4      ,512  ,128  ,127      ,2    ,17.2   ,19.139 ,0.899   
2     ,4      ,512  ,128  ,127      ,2048 ,36.781 ,38.834 ,0.947   
2     ,4      ,512  ,128  ,127      ,32   ,17.518 ,19.416 ,0.902   
2     ,4      ,512  ,128  ,127      ,512  ,35.639 ,38.305 ,0.93    
2     ,4      ,512  ,128  ,127      ,8    ,17.427 ,19.229 ,0.906   
2     ,4      ,512  ,512  ,127      ,128  ,26.289 ,26.601 ,0.988   
2     ,4      ,512  ,512  ,127      ,2    ,18.145 ,18.958 ,0.957   
2     ,4      ,512  ,512  ,127      ,2048 ,36.34  ,37.191 ,0.977   
2     ,4      ,512  ,512  ,127      ,32   ,18.473 ,19.226 ,0.961   
2     ,4      ,512  ,512  ,127      ,512  ,36.112 ,37.407 ,0.965   
2     ,4      ,512  ,512  ,127      ,8    ,18.641 ,19.038 ,0.979   
2     ,5      ,256  ,1    ,127      ,128  ,26.475 ,25.788 ,1.027   
2     ,5      ,256  ,1    ,127      ,2    ,18.03  ,18.37  ,0.981   
2     ,5      ,256  ,1    ,127      ,2048 ,30.138 ,29.481 ,1.022   
2     ,5      ,256  ,1    ,127      ,32   ,18.113 ,18.352 ,0.987   
2     ,5      ,256  ,1    ,127      ,512  ,30.151 ,29.652 ,1.017   
2     ,5      ,256  ,1    ,127      ,8    ,18.231 ,18.305 ,0.996   
3     ,2      ,256  ,256  ,127      ,128  ,24.979 ,25.91  ,0.964   
3     ,2      ,256  ,256  ,127      ,2    ,18.693 ,18.672 ,1.001   
3     ,2      ,256  ,256  ,127      ,2048 ,30.131 ,29.956 ,1.006   
3     ,2      ,256  ,256  ,127      ,32   ,18.321 ,19.147 ,0.957   
3     ,2      ,256  ,256  ,127      ,512  ,30.127 ,29.764 ,1.012   
3     ,2      ,256  ,256  ,127      ,8    ,18.473 ,18.796 ,0.983   
3     ,2      ,256  ,64   ,127      ,128  ,24.928 ,26.855 ,0.928   
3     ,2      ,256  ,64   ,127      ,2    ,17.252 ,18.949 ,0.91    
3     ,2      ,256  ,64   ,127      ,2048 ,29.853 ,30.364 ,0.983   
3     ,2      ,256  ,64   ,127      ,32   ,17.371 ,19.107 ,0.909   
3     ,2      ,256  ,64   ,127      ,512  ,29.869 ,30.254 ,0.987   
3     ,2      ,256  ,64   ,127      ,8    ,17.359 ,19.257 ,0.901   
3     ,3      ,64   ,10   ,127      ,128  ,24.989 ,22.931 ,1.09    
3     ,3      ,64   ,10   ,127      ,2    ,18.036 ,18.527 ,0.973   
3     ,3      ,64   ,10   ,127      ,2048 ,25.008 ,23.034 ,1.086   
3     ,3      ,64   ,10   ,127      ,32   ,18.117 ,18.55  ,0.977   
3     ,3      ,64   ,10   ,127      ,512  ,24.971 ,23.048 ,1.083   
3     ,3      ,64   ,10   ,127      ,8    ,18.181 ,18.562 ,0.979   
3     ,6      ,64   ,1    ,127      ,128  ,24.987 ,23.011 ,1.086   
3     ,6      ,64   ,1    ,127      ,2    ,18.025 ,18.595 ,0.969   
3     ,6      ,64   ,1    ,127      ,2048 ,24.94  ,23.327 ,1.069   
3     ,6      ,64   ,1    ,127      ,32   ,18.095 ,18.596 ,0.973   
3     ,6      ,64   ,1    ,127      ,512  ,25.031 ,23.305 ,1.074   
3     ,6      ,64   ,1    ,127      ,8    ,18.297 ,18.593 ,0.984   
4     ,0      ,128  ,1    ,127      ,128  ,25.227 ,24.551 ,1.028   
4     ,0      ,128  ,1    ,127      ,2    ,17.824 ,18.533 ,0.962   
4     ,0      ,128  ,1    ,127      ,2048 ,25.499 ,26.528 ,0.961   
4     ,0      ,128  ,1    ,127      ,32   ,17.801 ,18.505 ,0.962   
4     ,0      ,128  ,1    ,127      ,512  ,25.448 ,26.531 ,0.959   
4     ,0      ,128  ,1    ,127      ,8    ,18.12  ,18.576 ,0.975   
4     ,0      ,128  ,128  ,127      ,128  ,24.265 ,26.094 ,0.93    
4     ,0      ,128  ,128  ,127      ,2    ,17.2   ,18.839 ,0.913   
4     ,0      ,128  ,128  ,127      ,2048 ,24.749 ,25.053 ,0.988   
4     ,0      ,128  ,128  ,127      ,32   ,17.518 ,18.859 ,0.929   
4     ,0      ,128  ,128  ,127      ,512  ,24.76  ,25.107 ,0.986   
4     ,0      ,128  ,128  ,127      ,8    ,17.387 ,18.671 ,0.931   
4     ,0      ,128  ,32   ,127      ,128  ,24.921 ,25.828 ,0.965   
4     ,0      ,128  ,32   ,127      ,2    ,17.223 ,18.792 ,0.917   
4     ,0      ,128  ,32   ,127      ,2048 ,25.308 ,27.092 ,0.934   
4     ,0      ,128  ,32   ,127      ,32   ,17.836 ,19.348 ,0.922   
4     ,0      ,128  ,32   ,127      ,512  ,25.334 ,27.069 ,0.936   
4     ,0      ,128  ,32   ,127      ,8    ,17.446 ,18.948 ,0.921   
4     ,0      ,4    ,4    ,127      ,128  ,18.677 ,18.789 ,0.994   
4     ,0      ,4    ,4    ,127      ,2    ,18.001 ,19.532 ,0.922   
4     ,0      ,4    ,4    ,127      ,2048 ,18.709 ,19.595 ,0.955   
4     ,0      ,4    ,4    ,127      ,32   ,18.682 ,18.918 ,0.988   
4     ,0      ,4    ,4    ,127      ,512  ,18.71  ,19.215 ,0.974   
4     ,0      ,4    ,4    ,127      ,8    ,18.68  ,18.74  ,0.997   
4     ,2      ,32   ,1    ,127      ,128  ,20.067 ,19.438 ,1.032   
4     ,2      ,32   ,1    ,127      ,2    ,17.821 ,18.646 ,0.956   
4     ,2      ,32   ,1    ,127      ,2048 ,20.133 ,19.882 ,1.013   
4     ,2      ,32   ,1    ,127      ,32   ,17.823 ,18.717 ,0.952   
4     ,2      ,32   ,1    ,127      ,512  ,20.134 ,19.824 ,1.016   
4     ,2      ,32   ,1    ,127      ,8    ,18.124 ,18.76  ,0.966   
4     ,4      ,128  ,10   ,127      ,128  ,26.456 ,25.215 ,1.049   
4     ,4      ,128  ,10   ,127      ,2    ,18.032 ,18.308 ,0.985   
4     ,4      ,128  ,10   ,127      ,2048 ,26.833 ,26.22  ,1.023   
4     ,4      ,128  ,10   ,127      ,32   ,18.08  ,18.5   ,0.977   
4     ,4      ,128  ,10   ,127      ,512  ,26.866 ,26.25  ,1.023   
4     ,4      ,128  ,10   ,127      ,8    ,18.188 ,18.405 ,0.988   
4     ,6      ,512  ,1    ,127      ,128  ,26.452 ,25.395 ,1.042   
4     ,6      ,512  ,1    ,127      ,2    ,18.036 ,18.198 ,0.991   
4     ,6      ,512  ,1    ,127      ,2048 ,36.218 ,36.915 ,0.981   
4     ,6      ,512  ,1    ,127      ,32   ,18.117 ,18.272 ,0.991   
4     ,6      ,512  ,1    ,127      ,512  ,36.225 ,36.031 ,1.005   
4     ,6      ,512  ,1    ,127      ,8    ,18.251 ,18.196 ,1.003   
5     ,2      ,256  ,1    ,127      ,128  ,25.232 ,24.787 ,1.018   
5     ,2      ,256  ,1    ,127      ,2    ,17.826 ,18.398 ,0.969   
5     ,2      ,256  ,1    ,127      ,2048 ,29.817 ,27.686 ,1.077   
5     ,2      ,256  ,1    ,127      ,32   ,17.823 ,18.404 ,0.968   
5     ,2      ,256  ,1    ,127      ,512  ,29.735 ,27.681 ,1.074   
5     ,2      ,256  ,1    ,127      ,8    ,18.122 ,18.354 ,0.987   
5     ,5      ,256  ,10   ,127      ,128  ,26.431 ,25.34  ,1.043   
5     ,5      ,256  ,10   ,127      ,2    ,18.065 ,18.229 ,0.991   
5     ,5      ,256  ,10   ,127      ,2048 ,30.168 ,30.212 ,0.999   
5     ,5      ,256  ,10   ,127      ,32   ,18.108 ,18.317 ,0.989   
5     ,5      ,256  ,10   ,127      ,512  ,30.164 ,30.112 ,1.002   
5     ,5      ,256  ,10   ,127      ,8    ,18.161 ,18.31  ,0.992   
5     ,6      ,64   ,16   ,127      ,128  ,24.956 ,24.588 ,1.015   
5     ,6      ,64   ,16   ,127      ,2    ,18.041 ,18.265 ,0.988   
5     ,6      ,64   ,16   ,127      ,2048 ,24.99  ,24.515 ,1.019   
5     ,6      ,64   ,16   ,127      ,32   ,18.026 ,18.255 ,0.987   
5     ,6      ,64   ,16   ,127      ,512  ,24.985 ,24.544 ,1.018   
5     ,6      ,64   ,16   ,127      ,8    ,18.202 ,18.205 ,1.0     
5     ,6      ,64   ,64   ,127      ,128  ,24.476 ,24.597 ,0.995   
5     ,6      ,64   ,64   ,127      ,2    ,17.272 ,18.879 ,0.915   
5     ,6      ,64   ,64   ,127      ,2048 ,24.455 ,24.81  ,0.986   
5     ,6      ,64   ,64   ,127      ,32   ,17.347 ,18.756 ,0.925   
5     ,6      ,64   ,64   ,127      ,512  ,24.433 ,24.585 ,0.994   
5     ,6      ,64   ,64   ,127      ,8    ,17.363 ,18.888 ,0.919   
6     ,3      ,64   ,1    ,127      ,128  ,23.93  ,23.159 ,1.033   
6     ,3      ,64   ,1    ,127      ,2    ,17.827 ,18.543 ,0.961   
6     ,3      ,64   ,1    ,127      ,2048 ,23.911 ,23.482 ,1.018   
6     ,3      ,64   ,1    ,127      ,32   ,17.78  ,18.581 ,0.957   
6     ,3      ,64   ,1    ,127      ,512  ,23.866 ,23.481 ,1.016   
6     ,3      ,64   ,1    ,127      ,8    ,18.105 ,18.561 ,0.975   
6     ,4      ,32   ,32   ,127      ,128  ,23.342 ,21.466 ,1.087   
6     ,4      ,32   ,32   ,127      ,2    ,17.285 ,19.288 ,0.896   
6     ,4      ,32   ,32   ,127      ,2048 ,23.336 ,21.694 ,1.076   
6     ,4      ,32   ,32   ,127      ,32   ,19.813 ,21.532 ,0.92    
6     ,4      ,32   ,32   ,127      ,512  ,23.341 ,21.429 ,1.089   
6     ,4      ,32   ,32   ,127      ,8    ,17.47  ,18.902 ,0.924   
6     ,4      ,32   ,8    ,127      ,128  ,20.165 ,19.037 ,1.059   
6     ,4      ,32   ,8    ,127      ,2    ,18.145 ,18.365 ,0.988   
6     ,4      ,32   ,8    ,127      ,2048 ,20.171 ,19.142 ,1.054   
6     ,4      ,32   ,8    ,127      ,32   ,18.129 ,18.195 ,0.996   
6     ,4      ,32   ,8    ,127      ,512  ,20.161 ,19.066 ,1.057   
6     ,4      ,32   ,8    ,127      ,8    ,18.247 ,18.231 ,1.001   
6     ,4      ,512  ,1    ,127      ,128  ,25.267 ,25.523 ,0.99    
6     ,4      ,512  ,1    ,127      ,2    ,17.814 ,18.226 ,0.977   
6     ,4      ,512  ,1    ,127      ,2048 ,35.71  ,34.522 ,1.034   
6     ,4      ,512  ,1    ,127      ,32   ,17.842 ,18.262 ,0.977   
6     ,4      ,512  ,1    ,127      ,512  ,35.732 ,36.051 ,0.991   
6     ,4      ,512  ,1    ,127      ,8    ,18.126 ,18.265 ,0.992   
6     ,6      ,512  ,10   ,127      ,128  ,26.458 ,25.314 ,1.045   
6     ,6      ,512  ,10   ,127      ,2    ,18.045 ,18.214 ,0.991   
6     ,6      ,512  ,10   ,127      ,2048 ,36.523 ,36.775 ,0.993   
6     ,6      ,512  ,10   ,127      ,32   ,18.126 ,18.184 ,0.997   
6     ,6      ,512  ,10   ,127      ,512  ,36.293 ,36.134 ,1.004   
6     ,6      ,512  ,10   ,127      ,8    ,18.14  ,18.195 ,0.997   
6     ,7      ,1024 ,1    ,127      ,128  ,26.449 ,25.387 ,1.042   
6     ,7      ,1024 ,1    ,127      ,2    ,17.97  ,18.191 ,0.988   
6     ,7      ,1024 ,1    ,127      ,2048 ,51.934 ,52.607 ,0.987   
6     ,7      ,1024 ,1    ,127      ,32   ,18.116 ,18.225 ,0.994   
6     ,7      ,1024 ,1    ,127      ,512  ,36.326 ,36.03  ,1.008   
6     ,7      ,1024 ,1    ,127      ,8    ,18.197 ,18.188 ,1.0     
7     ,2      ,16   ,16   ,127      ,128  ,18.289 ,18.345 ,0.997   
7     ,2      ,16   ,16   ,127      ,2    ,18.168 ,19.039 ,0.954   
7     ,2      ,16   ,16   ,127      ,2048 ,18.274 ,18.659 ,0.979   
7     ,2      ,16   ,16   ,127      ,32   ,18.281 ,18.256 ,1.001   
7     ,2      ,16   ,16   ,127      ,512  ,18.275 ,18.419 ,0.992   
7     ,2      ,16   ,16   ,127      ,8    ,18.182 ,18.153 ,1.002   
7     ,2      ,16   ,4    ,127      ,128  ,17.844 ,18.25  ,0.978   
7     ,2      ,16   ,4    ,127      ,2    ,17.834 ,19.123 ,0.933   
7     ,2      ,16   ,4    ,127      ,2048 ,17.888 ,18.629 ,0.96    
7     ,2      ,16   ,4    ,127      ,32   ,17.897 ,18.215 ,0.983   
7     ,2      ,16   ,4    ,127      ,512  ,17.879 ,18.342 ,0.975   
7     ,2      ,16   ,4    ,127      ,8    ,18.158 ,18.176 ,0.999   
7     ,6      ,1024 ,1    ,127      ,128  ,24.364 ,22.648 ,1.076   
7     ,6      ,1024 ,1    ,127      ,2    ,18.006 ,18.481 ,0.974   
7     ,6      ,1024 ,1    ,127      ,2048 ,34.238 ,35.187 ,0.973   
7     ,6      ,1024 ,1    ,127      ,32   ,18.101 ,18.233 ,0.993   
7     ,6      ,1024 ,1    ,127      ,512  ,28.192 ,29.051 ,0.97    
7     ,6      ,1024 ,1    ,127      ,8    ,18.253 ,18.188 ,1.004   
7     ,7      ,1024 ,10   ,127      ,128  ,26.602 ,25.3   ,1.051   
7     ,7      ,1024 ,10   ,127      ,2    ,18.047 ,18.2   ,0.992   
7     ,7      ,1024 ,10   ,127      ,2048 ,52.674 ,52.959 ,0.995   
7     ,7      ,1024 ,10   ,127      ,32   ,18.128 ,18.234 ,0.994   
7     ,7      ,1024 ,10   ,127      ,512  ,36.299 ,36.226 ,1.002   
7     ,7      ,1024 ,10   ,127      ,8    ,18.184 ,18.205 ,0.999   
0.9622276276530694
