
Results For: strncat
align1,align2 ,len1 ,len2 ,max_char ,n    ,new    ,old    ,new/old 
0     ,0      ,1024 ,1024 ,127      ,1024 ,37.992 ,45.587 ,0.833   
0     ,0      ,1024 ,1024 ,127      ,1056 ,39.025 ,49.242 ,0.793   
0     ,0      ,1024 ,1024 ,127      ,1088 ,38.904 ,48.199 ,0.807   
0     ,0      ,1024 ,1024 ,127      ,128  ,22.799 ,25.579 ,0.891   
0     ,0      ,1024 ,1024 ,127      ,2    ,17.833 ,21.227 ,0.84    
0     ,0      ,1024 ,1024 ,127      ,2048 ,38.429 ,46.664 ,0.824   
0     ,0      ,1024 ,1024 ,127      ,32   ,20.366 ,20.896 ,0.975   
0     ,0      ,1024 ,1024 ,127      ,512  ,27.448 ,34.074 ,0.806   
0     ,0      ,1024 ,1024 ,127      ,8    ,17.952 ,20.792 ,0.863   
0     ,0      ,1024 ,1024 ,127      ,960  ,35.981 ,47.19  ,0.762   
0     ,0      ,1024 ,1024 ,127      ,992  ,36.748 ,46.615 ,0.788   
0     ,0      ,1024 ,1056 ,127      ,1024 ,37.77  ,45.891 ,0.823   
0     ,0      ,1024 ,1088 ,127      ,1024 ,38.735 ,46.486 ,0.833   
0     ,0      ,1024 ,256  ,127      ,128  ,20.754 ,23.293 ,0.891   
0     ,0      ,1024 ,256  ,127      ,2    ,17.862 ,20.111 ,0.888   
0     ,0      ,1024 ,256  ,127      ,2048 ,36.28  ,40.68  ,0.892   
0     ,0      ,1024 ,256  ,127      ,32   ,18.215 ,21.361 ,0.853   
0     ,0      ,1024 ,256  ,127      ,512  ,28.667 ,30.214 ,0.949   
0     ,0      ,1024 ,256  ,127      ,8    ,18.082 ,20.788 ,0.87    
0     ,0      ,1024 ,960  ,127      ,1024 ,37.682 ,45.212 ,0.833   
0     ,0      ,1024 ,992  ,127      ,1024 ,37.746 ,45.446 ,0.831   
0     ,0      ,128  ,128  ,127      ,128  ,20.598 ,22.825 ,0.902   
0     ,0      ,128  ,128  ,127      ,160  ,21.61  ,24.139 ,0.895   
0     ,0      ,128  ,128  ,127      ,192  ,21.976 ,23.956 ,0.917   
0     ,0      ,128  ,128  ,127      ,2    ,18.003 ,19.604 ,0.918   
0     ,0      ,128  ,128  ,127      ,2048 ,21.967 ,23.195 ,0.947   
0     ,0      ,128  ,128  ,127      ,32   ,17.853 ,19.631 ,0.909   
0     ,0      ,128  ,128  ,127      ,512  ,21.946 ,23.15  ,0.948   
0     ,0      ,128  ,128  ,127      ,64   ,19.322 ,21.434 ,0.901   
0     ,0      ,128  ,128  ,127      ,8    ,18.149 ,19.259 ,0.942   
0     ,0      ,128  ,128  ,127      ,96   ,19.567 ,22.159 ,0.883   
0     ,0      ,128  ,160  ,127      ,128  ,21.389 ,23.209 ,0.922   
0     ,0      ,128  ,192  ,127      ,128  ,20.896 ,23.741 ,0.88    
0     ,0      ,128  ,32   ,127      ,128  ,20.759 ,23.288 ,0.891   
0     ,0      ,128  ,32   ,127      ,2    ,17.824 ,19.268 ,0.925   
0     ,0      ,128  ,32   ,127      ,2048 ,21.109 ,23.472 ,0.899   
0     ,0      ,128  ,32   ,127      ,32   ,18.412 ,19.921 ,0.924   
0     ,0      ,128  ,32   ,127      ,512  ,21.128 ,23.458 ,0.901   
0     ,0      ,128  ,32   ,127      ,8    ,17.876 ,19.305 ,0.926   
0     ,0      ,128  ,64   ,127      ,128  ,21.425 ,23.67  ,0.905   
0     ,0      ,128  ,96   ,127      ,128  ,20.761 ,23.528 ,0.882   
0     ,0      ,16   ,16   ,127      ,128  ,18.741 ,18.94  ,0.989   
0     ,0      ,16   ,16   ,127      ,2    ,18.906 ,19.696 ,0.96    
0     ,0      ,16   ,16   ,127      ,2048 ,18.725 ,19.303 ,0.97    
0     ,0      ,16   ,16   ,127      ,32   ,18.735 ,18.698 ,1.002   
0     ,0      ,16   ,16   ,127      ,512  ,18.727 ,18.987 ,0.986   
0     ,0      ,16   ,16   ,127      ,8    ,18.67  ,18.724 ,0.997   
0     ,0      ,16   ,4    ,127      ,128  ,18.737 ,18.818 ,0.996   
0     ,0      ,16   ,4    ,127      ,2    ,19.158 ,19.501 ,0.982   
0     ,0      ,16   ,4    ,127      ,2048 ,18.754 ,19.194 ,0.977   
0     ,0      ,16   ,4    ,127      ,32   ,18.736 ,18.866 ,0.993   
0     ,0      ,16   ,4    ,127      ,512  ,18.727 ,18.966 ,0.987   
0     ,0      ,16   ,4    ,127      ,8    ,18.647 ,18.734 ,0.995   
0     ,0      ,256  ,192  ,127      ,256  ,23.728 ,26.242 ,0.904   
0     ,0      ,256  ,224  ,127      ,256  ,24.142 ,26.662 ,0.905   
0     ,0      ,256  ,256  ,127      ,128  ,20.661 ,22.73  ,0.909   
0     ,0      ,256  ,256  ,127      ,192  ,21.473 ,24.244 ,0.886   
0     ,0      ,256  ,256  ,127      ,2    ,17.838 ,19.283 ,0.925   
0     ,0      ,256  ,256  ,127      ,2048 ,24.836 ,26.589 ,0.934   
0     ,0      ,256  ,256  ,127      ,224  ,22.201 ,25.239 ,0.88    
0     ,0      ,256  ,256  ,127      ,256  ,23.299 ,26.145 ,0.891   
0     ,0      ,256  ,256  ,127      ,288  ,24.568 ,28.013 ,0.877   
0     ,0      ,256  ,256  ,127      ,32   ,18.168 ,20.528 ,0.885   
0     ,0      ,256  ,256  ,127      ,320  ,24.787 ,28.14  ,0.881   
0     ,0      ,256  ,256  ,127      ,512  ,24.843 ,26.708 ,0.93    
0     ,0      ,256  ,256  ,127      ,8    ,18.069 ,19.844 ,0.911   
0     ,0      ,256  ,288  ,127      ,256  ,24.094 ,26.333 ,0.915   
0     ,0      ,256  ,320  ,127      ,256  ,23.273 ,26.243 ,0.887   
0     ,0      ,256  ,64   ,127      ,128  ,21.373 ,23.52  ,0.909   
0     ,0      ,256  ,64   ,127      ,2    ,17.991 ,19.405 ,0.927   
0     ,0      ,256  ,64   ,127      ,2048 ,24.475 ,27.448 ,0.892   
0     ,0      ,256  ,64   ,127      ,32   ,17.91  ,19.54  ,0.917   
0     ,0      ,256  ,64   ,127      ,512  ,24.427 ,27.238 ,0.897   
0     ,0      ,256  ,64   ,127      ,8    ,17.821 ,19.71  ,0.904   
0     ,0      ,32   ,32   ,127      ,128  ,19.873 ,20.679 ,0.961   
0     ,0      ,32   ,32   ,127      ,2    ,17.844 ,19.958 ,0.894   
0     ,0      ,32   ,32   ,127      ,2048 ,19.872 ,21.092 ,0.942   
0     ,0      ,32   ,32   ,127      ,32   ,18.416 ,19.808 ,0.93    
0     ,0      ,32   ,32   ,127      ,512  ,19.872 ,20.753 ,0.958   
0     ,0      ,32   ,32   ,127      ,8    ,17.928 ,19.231 ,0.932   
0     ,0      ,32   ,8    ,127      ,128  ,20.73  ,19.522 ,1.062   
0     ,0      ,32   ,8    ,127      ,2    ,18.605 ,19.094 ,0.974   
0     ,0      ,32   ,8    ,127      ,2048 ,20.736 ,19.515 ,1.063   
0     ,0      ,32   ,8    ,127      ,32   ,18.777 ,18.66  ,1.006   
0     ,0      ,32   ,8    ,127      ,512  ,20.729 ,19.469 ,1.065   
0     ,0      ,32   ,8    ,127      ,8    ,18.633 ,18.734 ,0.995   
0     ,0      ,4    ,4    ,127      ,128  ,18.825 ,19.299 ,0.975   
0     ,0      ,4    ,4    ,127      ,2    ,18.63  ,20.576 ,0.905   
0     ,0      ,4    ,4    ,127      ,2048 ,18.865 ,20.186 ,0.935   
0     ,0      ,4    ,4    ,127      ,32   ,18.764 ,19.497 ,0.962   
0     ,0      ,4    ,4    ,127      ,512  ,18.806 ,19.674 ,0.956   
0     ,0      ,4    ,4    ,127      ,8    ,18.759 ,19.411 ,0.966   
0     ,0      ,512  ,128  ,127      ,128  ,20.573 ,23.002 ,0.894   
0     ,0      ,512  ,128  ,127      ,2    ,17.952 ,20.154 ,0.891   
0     ,0      ,512  ,128  ,127      ,2048 ,26.704 ,30.195 ,0.884   
0     ,0      ,512  ,128  ,127      ,32   ,17.831 ,19.988 ,0.892   
0     ,0      ,512  ,128  ,127      ,512  ,26.34  ,29.688 ,0.887   
0     ,0      ,512  ,128  ,127      ,8    ,18.18  ,19.753 ,0.92    
0     ,0      ,512  ,448  ,127      ,512  ,28.213 ,30.488 ,0.925   
0     ,0      ,512  ,480  ,127      ,512  ,28.057 ,30.522 ,0.919   
0     ,0      ,512  ,512  ,127      ,128  ,21.108 ,23.597 ,0.895   
0     ,0      ,512  ,512  ,127      ,2    ,17.956 ,19.373 ,0.927   
0     ,0      ,512  ,512  ,127      ,2048 ,29.683 ,30.103 ,0.986   
0     ,0      ,512  ,512  ,127      ,32   ,18.175 ,19.673 ,0.924   
0     ,0      ,512  ,512  ,127      ,448  ,26.884 ,29.61  ,0.908   
0     ,0      ,512  ,512  ,127      ,480  ,28.283 ,30.521 ,0.927   
0     ,0      ,512  ,512  ,127      ,512  ,28.74  ,29.763 ,0.966   
0     ,0      ,512  ,512  ,127      ,544  ,33.211 ,32.222 ,1.031   
0     ,0      ,512  ,512  ,127      ,576  ,29.033 ,31.781 ,0.914   
0     ,0      ,512  ,512  ,127      ,8    ,17.966 ,19.467 ,0.923   
0     ,0      ,512  ,544  ,127      ,512  ,28.302 ,31.033 ,0.912   
0     ,0      ,512  ,576  ,127      ,512  ,27.54  ,31.766 ,0.867   
0     ,0      ,64   ,16   ,127      ,128  ,25.817 ,23.406 ,1.103   
0     ,0      ,64   ,16   ,127      ,2    ,18.577 ,18.889 ,0.983   
0     ,0      ,64   ,16   ,127      ,2048 ,25.807 ,23.511 ,1.098   
0     ,0      ,64   ,16   ,127      ,32   ,18.665 ,18.726 ,0.997   
0     ,0      ,64   ,16   ,127      ,512  ,25.772 ,23.517 ,1.096   
0     ,0      ,64   ,16   ,127      ,8    ,18.633 ,18.723 ,0.995   
0     ,0      ,64   ,64   ,127      ,128  ,20.553 ,21.949 ,0.936   
0     ,0      ,64   ,64   ,127      ,2    ,18.198 ,19.426 ,0.937   
0     ,0      ,64   ,64   ,127      ,2048 ,20.515 ,22.034 ,0.931   
0     ,0      ,64   ,64   ,127      ,32   ,17.855 ,19.289 ,0.926   
0     ,0      ,64   ,64   ,127      ,512  ,20.524 ,21.988 ,0.933   
0     ,0      ,64   ,64   ,127      ,8    ,17.824 ,19.317 ,0.923   
0     ,0      ,8    ,8    ,127      ,128  ,18.69  ,18.775 ,0.995   
0     ,0      ,8    ,8    ,127      ,2    ,18.605 ,19.955 ,0.932   
0     ,0      ,8    ,8    ,127      ,2048 ,18.696 ,19.409 ,0.963   
0     ,0      ,8    ,8    ,127      ,32   ,18.7   ,18.991 ,0.985   
0     ,0      ,8    ,8    ,127      ,512  ,18.699 ,18.949 ,0.987   
0     ,0      ,8    ,8    ,127      ,8    ,18.626 ,18.684 ,0.997   
0     ,2      ,2    ,2    ,127      ,128  ,18.411 ,18.979 ,0.97    
0     ,2      ,2    ,2    ,127      ,2    ,18.635 ,20.596 ,0.905   
0     ,2      ,2    ,2    ,127      ,2048 ,18.526 ,19.825 ,0.934   
0     ,2      ,2    ,2    ,127      ,32   ,18.418 ,18.932 ,0.973   
0     ,2      ,2    ,2    ,127      ,512  ,18.467 ,19.379 ,0.953   
0     ,2      ,2    ,2    ,127      ,8    ,18.41  ,18.899 ,0.974   
0     ,4      ,128  ,1    ,127      ,128  ,25.844 ,24.657 ,1.048   
0     ,4      ,128  ,1    ,127      ,2    ,18.622 ,18.927 ,0.984   
0     ,4      ,128  ,1    ,127      ,2048 ,27.358 ,25.584 ,1.069   
0     ,4      ,128  ,1    ,127      ,32   ,18.811 ,19.032 ,0.988   
0     ,4      ,128  ,1    ,127      ,512  ,27.345 ,25.704 ,1.064   
0     ,4      ,128  ,1    ,127      ,8    ,18.617 ,18.971 ,0.981   
1     ,0      ,1024 ,1024 ,127      ,1024 ,52.077 ,52.83  ,0.986   
1     ,0      ,1024 ,1024 ,127      ,1056 ,52.496 ,54.742 ,0.959   
1     ,0      ,1024 ,1024 ,127      ,1088 ,52.842 ,54.58  ,0.968   
1     ,0      ,1024 ,1024 ,127      ,960  ,50.889 ,50.388 ,1.01    
1     ,0      ,1024 ,1024 ,127      ,992  ,51.175 ,53.024 ,0.965   
1     ,0      ,1024 ,1056 ,127      ,1024 ,53.222 ,54.328 ,0.98    
1     ,0      ,1024 ,1088 ,127      ,1024 ,51.915 ,52.478 ,0.989   
1     ,0      ,1024 ,960  ,127      ,1024 ,52.038 ,52.368 ,0.994   
1     ,0      ,1024 ,992  ,127      ,1024 ,50.133 ,54.882 ,0.913   
1     ,0      ,128  ,128  ,127      ,128  ,25.352 ,26.867 ,0.944   
1     ,0      ,128  ,128  ,127      ,160  ,25.636 ,27.401 ,0.936   
1     ,0      ,128  ,128  ,127      ,192  ,25.749 ,27.618 ,0.932   
1     ,0      ,128  ,128  ,127      ,64   ,19.642 ,21.493 ,0.914   
1     ,0      ,128  ,128  ,127      ,96   ,23.203 ,25.388 ,0.914   
1     ,0      ,128  ,160  ,127      ,128  ,26.161 ,26.911 ,0.972   
1     ,0      ,128  ,192  ,127      ,128  ,24.363 ,26.372 ,0.924   
1     ,0      ,128  ,64   ,127      ,128  ,24.856 ,27.527 ,0.903   
1     ,0      ,128  ,96   ,127      ,128  ,25.763 ,27.546 ,0.935   
1     ,0      ,256  ,192  ,127      ,256  ,28.984 ,30.851 ,0.94    
1     ,0      ,256  ,224  ,127      ,256  ,30.256 ,32.045 ,0.944   
1     ,0      ,256  ,256  ,127      ,192  ,26.013 ,27.617 ,0.942   
1     ,0      ,256  ,256  ,127      ,224  ,27.095 ,29.302 ,0.925   
1     ,0      ,256  ,256  ,127      ,256  ,28.932 ,31.439 ,0.92    
1     ,0      ,256  ,256  ,127      ,288  ,30.525 ,31.522 ,0.968   
1     ,0      ,256  ,256  ,127      ,320  ,30.578 ,31.575 ,0.968   
1     ,0      ,256  ,288  ,127      ,256  ,30.289 ,32.07  ,0.944   
1     ,0      ,256  ,320  ,127      ,256  ,28.637 ,31.827 ,0.9     
1     ,0      ,512  ,448  ,127      ,512  ,37.139 ,37.873 ,0.981   
1     ,0      ,512  ,480  ,127      ,512  ,37.192 ,40.104 ,0.927   
1     ,0      ,512  ,512  ,127      ,448  ,34.515 ,34.24  ,1.008   
1     ,0      ,512  ,512  ,127      ,480  ,35.726 ,37.452 ,0.954   
1     ,0      ,512  ,512  ,127      ,512  ,36.951 ,38.369 ,0.963   
1     ,0      ,512  ,512  ,127      ,544  ,37.277 ,39.42  ,0.946   
1     ,0      ,512  ,512  ,127      ,576  ,37.12  ,39.578 ,0.938   
1     ,0      ,512  ,544  ,127      ,512  ,37.5   ,40.792 ,0.919   
1     ,0      ,512  ,576  ,127      ,512  ,36.93  ,38.956 ,0.948   
1     ,1      ,16   ,10   ,127      ,128  ,18.761 ,19.856 ,0.945   
1     ,1      ,16   ,10   ,127      ,2    ,18.589 ,19.739 ,0.942   
1     ,1      ,16   ,10   ,127      ,2048 ,19.163 ,20.409 ,0.939   
1     ,1      ,16   ,10   ,127      ,32   ,18.729 ,19.565 ,0.957   
1     ,1      ,16   ,10   ,127      ,512  ,18.905 ,20.272 ,0.933   
1     ,1      ,16   ,10   ,127      ,8    ,18.641 ,19.623 ,0.95    
1     ,2      ,16   ,1    ,127      ,128  ,18.808 ,19.966 ,0.942   
1     ,2      ,16   ,1    ,127      ,2    ,18.622 ,19.774 ,0.942   
1     ,2      ,16   ,1    ,127      ,2048 ,19.174 ,20.564 ,0.932   
1     ,2      ,16   ,1    ,127      ,32   ,18.719 ,19.825 ,0.944   
1     ,2      ,16   ,1    ,127      ,512  ,19.178 ,20.604 ,0.931   
1     ,2      ,16   ,1    ,127      ,8    ,18.634 ,20.001 ,0.932   
1     ,6      ,1024 ,1024 ,127      ,128  ,28.666 ,27.969 ,1.025   
1     ,6      ,1024 ,1024 ,127      ,2    ,17.839 ,21.442 ,0.832   
1     ,6      ,1024 ,1024 ,127      ,2048 ,51.66  ,51.621 ,1.001   
1     ,6      ,1024 ,1024 ,127      ,32   ,20.316 ,21.085 ,0.964   
1     ,6      ,1024 ,1024 ,127      ,512  ,39.234 ,39.315 ,0.998   
1     ,6      ,1024 ,1024 ,127      ,8    ,17.96  ,21.051 ,0.853   
1     ,6      ,1024 ,256  ,127      ,128  ,25.936 ,27.268 ,0.951   
1     ,6      ,1024 ,256  ,127      ,2    ,17.883 ,20.354 ,0.879   
1     ,6      ,1024 ,256  ,127      ,2048 ,55.013 ,54.419 ,1.011   
1     ,6      ,1024 ,256  ,127      ,32   ,18.237 ,21.281 ,0.857   
1     ,6      ,1024 ,256  ,127      ,512  ,37.57  ,39.55  ,0.95    
1     ,6      ,1024 ,256  ,127      ,8    ,18.079 ,20.728 ,0.872   
2     ,1      ,16   ,1    ,127      ,128  ,18.804 ,20.026 ,0.939   
2     ,1      ,16   ,1    ,127      ,2    ,18.625 ,19.804 ,0.94    
2     ,1      ,16   ,1    ,127      ,2048 ,19.178 ,20.547 ,0.933   
2     ,1      ,16   ,1    ,127      ,32   ,18.732 ,19.609 ,0.955   
2     ,1      ,16   ,1    ,127      ,512  ,19.162 ,20.553 ,0.932   
2     ,1      ,16   ,1    ,127      ,8    ,18.69  ,19.877 ,0.94    
2     ,2      ,32   ,10   ,127      ,128  ,20.738 ,19.888 ,1.043   
2     ,2      ,32   ,10   ,127      ,2    ,18.574 ,19.289 ,0.963   
2     ,2      ,32   ,10   ,127      ,2048 ,20.767 ,20.3   ,1.023   
2     ,2      ,32   ,10   ,127      ,32   ,18.83  ,19.165 ,0.983   
2     ,2      ,32   ,10   ,127      ,512  ,20.777 ,20.339 ,1.022   
2     ,2      ,32   ,10   ,127      ,8    ,18.638 ,19.215 ,0.97    
2     ,4      ,32   ,1    ,127      ,128  ,20.766 ,20.232 ,1.026   
2     ,4      ,32   ,1    ,127      ,2    ,18.568 ,19.346 ,0.96    
2     ,4      ,32   ,1    ,127      ,2048 ,20.909 ,20.728 ,1.009   
2     ,4      ,32   ,1    ,127      ,32   ,18.783 ,19.293 ,0.974   
2     ,4      ,32   ,1    ,127      ,512  ,20.836 ,20.634 ,1.01    
2     ,4      ,32   ,1    ,127      ,8    ,18.622 ,19.415 ,0.959   
2     ,4      ,512  ,128  ,127      ,128  ,26.362 ,27.616 ,0.955   
2     ,4      ,512  ,128  ,127      ,2    ,17.979 ,20.009 ,0.899   
2     ,4      ,512  ,128  ,127      ,2048 ,37.495 ,39.026 ,0.961   
2     ,4      ,512  ,128  ,127      ,32   ,17.841 ,20.211 ,0.883   
2     ,4      ,512  ,128  ,127      ,512  ,36.492 ,39.185 ,0.931   
2     ,4      ,512  ,128  ,127      ,8    ,18.151 ,19.816 ,0.916   
2     ,4      ,512  ,512  ,127      ,128  ,26.103 ,27.119 ,0.963   
2     ,4      ,512  ,512  ,127      ,2    ,18.013 ,19.551 ,0.921   
2     ,4      ,512  ,512  ,127      ,2048 ,36.795 ,38.148 ,0.965   
2     ,4      ,512  ,512  ,127      ,32   ,18.174 ,19.595 ,0.927   
2     ,4      ,512  ,512  ,127      ,512  ,35.894 ,38.334 ,0.936   
2     ,4      ,512  ,512  ,127      ,8    ,17.989 ,19.554 ,0.92    
2     ,5      ,256  ,1    ,127      ,128  ,26.913 ,26.93  ,0.999   
2     ,5      ,256  ,1    ,127      ,2    ,18.589 ,18.866 ,0.985   
2     ,5      ,256  ,1    ,127      ,2048 ,31.3   ,30.135 ,1.039   
2     ,5      ,256  ,1    ,127      ,32   ,18.773 ,18.876 ,0.995   
2     ,5      ,256  ,1    ,127      ,512  ,31.36  ,30.206 ,1.038   
2     ,5      ,256  ,1    ,127      ,8    ,18.621 ,18.839 ,0.988   
3     ,2      ,256  ,256  ,127      ,128  ,25.755 ,26.492 ,0.972   
3     ,2      ,256  ,256  ,127      ,2    ,17.86  ,19.306 ,0.925   
3     ,2      ,256  ,256  ,127      ,2048 ,30.075 ,30.452 ,0.988   
3     ,2      ,256  ,256  ,127      ,32   ,18.171 ,20.686 ,0.878   
3     ,2      ,256  ,256  ,127      ,512  ,30.069 ,30.595 ,0.983   
3     ,2      ,256  ,256  ,127      ,8    ,18.078 ,19.576 ,0.923   
3     ,2      ,256  ,64   ,127      ,128  ,25.594 ,27.529 ,0.93    
3     ,2      ,256  ,64   ,127      ,2    ,17.993 ,19.463 ,0.924   
3     ,2      ,256  ,64   ,127      ,2048 ,30.373 ,30.879 ,0.984   
3     ,2      ,256  ,64   ,127      ,32   ,17.935 ,19.649 ,0.913   
3     ,2      ,256  ,64   ,127      ,512  ,30.332 ,30.911 ,0.981   
3     ,2      ,256  ,64   ,127      ,8    ,17.841 ,19.583 ,0.911   
3     ,3      ,64   ,10   ,127      ,128  ,25.781 ,23.879 ,1.08    
3     ,3      ,64   ,10   ,127      ,2    ,18.582 ,19.059 ,0.975   
3     ,3      ,64   ,10   ,127      ,2048 ,25.785 ,23.921 ,1.078   
3     ,3      ,64   ,10   ,127      ,32   ,18.81  ,19.09  ,0.985   
3     ,3      ,64   ,10   ,127      ,512  ,25.782 ,23.973 ,1.075   
3     ,3      ,64   ,10   ,127      ,8    ,18.643 ,19.099 ,0.976   
3     ,6      ,64   ,1    ,127      ,128  ,25.819 ,23.882 ,1.081   
3     ,6      ,64   ,1    ,127      ,2    ,18.589 ,19.129 ,0.972   
3     ,6      ,64   ,1    ,127      ,2048 ,25.845 ,24.305 ,1.063   
3     ,6      ,64   ,1    ,127      ,32   ,18.737 ,19.15  ,0.978   
3     ,6      ,64   ,1    ,127      ,512  ,25.878 ,24.345 ,1.063   
3     ,6      ,64   ,1    ,127      ,8    ,18.649 ,19.137 ,0.975   
4     ,0      ,128  ,1    ,127      ,128  ,26.016 ,25.154 ,1.034   
4     ,0      ,128  ,1    ,127      ,2    ,18.329 ,19.048 ,0.962   
4     ,0      ,128  ,1    ,127      ,2048 ,25.992 ,27.093 ,0.959   
4     ,0      ,128  ,1    ,127      ,32   ,18.682 ,19.082 ,0.979   
4     ,0      ,128  ,1    ,127      ,512  ,25.982 ,27.043 ,0.961   
4     ,0      ,128  ,1    ,127      ,8    ,18.511 ,19.086 ,0.97    
4     ,0      ,128  ,128  ,127      ,128  ,25.282 ,26.819 ,0.943   
4     ,0      ,128  ,128  ,127      ,2    ,18.006 ,19.67  ,0.915   
4     ,0      ,128  ,128  ,127      ,2048 ,25.666 ,25.929 ,0.99    
4     ,0      ,128  ,128  ,127      ,32   ,17.861 ,19.629 ,0.91    
4     ,0      ,128  ,128  ,127      ,512  ,25.702 ,25.99  ,0.989   
4     ,0      ,128  ,128  ,127      ,8    ,18.153 ,19.243 ,0.943   
4     ,0      ,128  ,32   ,127      ,128  ,25.226 ,26.618 ,0.948   
4     ,0      ,128  ,32   ,127      ,2    ,17.908 ,19.246 ,0.93    
4     ,0      ,128  ,32   ,127      ,2048 ,25.823 ,27.675 ,0.933   
4     ,0      ,128  ,32   ,127      ,32   ,18.361 ,19.821 ,0.926   
4     ,0      ,128  ,32   ,127      ,512  ,25.818 ,27.725 ,0.931   
4     ,0      ,128  ,32   ,127      ,8    ,18.047 ,19.408 ,0.93    
4     ,0      ,4    ,4    ,127      ,128  ,18.71  ,19.262 ,0.971   
4     ,0      ,4    ,4    ,127      ,2    ,18.538 ,20.43  ,0.907   
4     ,0      ,4    ,4    ,127      ,2048 ,18.761 ,20.037 ,0.936   
4     ,0      ,4    ,4    ,127      ,32   ,18.71  ,19.423 ,0.963   
4     ,0      ,4    ,4    ,127      ,512  ,18.719 ,19.691 ,0.951   
4     ,0      ,4    ,4    ,127      ,8    ,18.723 ,19.256 ,0.972   
4     ,2      ,32   ,1    ,127      ,128  ,20.717 ,20.028 ,1.034   
4     ,2      ,32   ,1    ,127      ,2    ,18.382 ,19.234 ,0.956   
4     ,2      ,32   ,1    ,127      ,2048 ,20.776 ,20.495 ,1.014   
4     ,2      ,32   ,1    ,127      ,32   ,18.661 ,19.287 ,0.968   
4     ,2      ,32   ,1    ,127      ,512  ,20.725 ,20.428 ,1.015   
4     ,2      ,32   ,1    ,127      ,8    ,18.575 ,19.297 ,0.963   
4     ,4      ,128  ,10   ,127      ,128  ,26.886 ,26.308 ,1.022   
4     ,4      ,128  ,10   ,127      ,2    ,18.599 ,18.845 ,0.987   
4     ,4      ,128  ,10   ,127      ,2048 ,27.513 ,26.769 ,1.028   
4     ,4      ,128  ,10   ,127      ,32   ,18.734 ,19.039 ,0.984   
4     ,4      ,128  ,10   ,127      ,512  ,27.378 ,26.775 ,1.022   
4     ,4      ,128  ,10   ,127      ,8    ,18.635 ,18.925 ,0.985   
4     ,6      ,512  ,1    ,127      ,128  ,26.901 ,25.921 ,1.038   
4     ,6      ,512  ,1    ,127      ,2    ,18.566 ,18.72  ,0.992   
4     ,6      ,512  ,1    ,127      ,2048 ,37.118 ,37.153 ,0.999   
4     ,6      ,512  ,1    ,127      ,32   ,18.806 ,18.805 ,1.0     
4     ,6      ,512  ,1    ,127      ,512  ,36.711 ,36.536 ,1.005   
4     ,6      ,512  ,1    ,127      ,8    ,18.643 ,18.719 ,0.996   
5     ,2      ,256  ,1    ,127      ,128  ,26.012 ,25.373 ,1.025   
5     ,2      ,256  ,1    ,127      ,2    ,18.384 ,18.952 ,0.97    
5     ,2      ,256  ,1    ,127      ,2048 ,30.631 ,28.193 ,1.086   
5     ,2      ,256  ,1    ,127      ,32   ,18.676 ,18.931 ,0.987   
5     ,2      ,256  ,1    ,127      ,512  ,30.624 ,28.169 ,1.087   
5     ,2      ,256  ,1    ,127      ,8    ,18.551 ,18.889 ,0.982   
5     ,5      ,256  ,10   ,127      ,128  ,26.915 ,25.804 ,1.043   
5     ,5      ,256  ,10   ,127      ,2    ,18.606 ,18.764 ,0.992   
5     ,5      ,256  ,10   ,127      ,2048 ,31.299 ,30.343 ,1.032   
5     ,5      ,256  ,10   ,127      ,32   ,18.788 ,18.876 ,0.995   
5     ,5      ,256  ,10   ,127      ,512  ,31.322 ,30.482 ,1.028   
5     ,5      ,256  ,10   ,127      ,8    ,18.639 ,18.852 ,0.989   
5     ,6      ,64   ,16   ,127      ,128  ,25.77  ,24.993 ,1.031   
5     ,6      ,64   ,16   ,127      ,2    ,18.551 ,18.767 ,0.988   
5     ,6      ,64   ,16   ,127      ,2048 ,25.773 ,25.018 ,1.03    
5     ,6      ,64   ,16   ,127      ,32   ,18.729 ,18.715 ,1.001   
5     ,6      ,64   ,16   ,127      ,512  ,25.812 ,24.933 ,1.035   
5     ,6      ,64   ,16   ,127      ,8    ,18.653 ,18.775 ,0.994   
5     ,6      ,64   ,64   ,127      ,128  ,25.054 ,25.282 ,0.991   
5     ,6      ,64   ,64   ,127      ,2    ,18.018 ,19.364 ,0.931   
5     ,6      ,64   ,64   ,127      ,2048 ,25.05  ,25.525 ,0.981   
5     ,6      ,64   ,64   ,127      ,32   ,17.915 ,19.301 ,0.928   
5     ,6      ,64   ,64   ,127      ,512  ,25.062 ,25.246 ,0.993   
5     ,6      ,64   ,64   ,127      ,8    ,17.807 ,19.231 ,0.926   
6     ,3      ,64   ,1    ,127      ,128  ,24.704 ,23.794 ,1.038   
6     ,3      ,64   ,1    ,127      ,2    ,18.336 ,19.086 ,0.961   
6     ,3      ,64   ,1    ,127      ,2048 ,24.733 ,24.192 ,1.022   
6     ,3      ,64   ,1    ,127      ,32   ,18.661 ,19.123 ,0.976   
6     ,3      ,64   ,1    ,127      ,512  ,24.707 ,24.148 ,1.023   
6     ,3      ,64   ,1    ,127      ,8    ,18.529 ,19.117 ,0.969   
6     ,4      ,32   ,32   ,127      ,128  ,23.974 ,21.967 ,1.091   
6     ,4      ,32   ,32   ,127      ,2    ,17.941 ,19.925 ,0.9     
6     ,4      ,32   ,32   ,127      ,2048 ,23.983 ,22.26  ,1.077   
6     ,4      ,32   ,32   ,127      ,32   ,20.52  ,22.01  ,0.932   
6     ,4      ,32   ,32   ,127      ,512  ,23.984 ,21.988 ,1.091   
6     ,4      ,32   ,32   ,127      ,8    ,18.053 ,19.282 ,0.936   
6     ,4      ,32   ,8    ,127      ,128  ,20.73  ,19.44  ,1.066   
6     ,4      ,32   ,8    ,127      ,2    ,18.688 ,18.886 ,0.99    
6     ,4      ,32   ,8    ,127      ,2048 ,20.72  ,19.496 ,1.063   
6     ,4      ,32   ,8    ,127      ,32   ,18.788 ,18.695 ,1.005   
6     ,4      ,32   ,8    ,127      ,512  ,20.734 ,19.387 ,1.069   
6     ,4      ,32   ,8    ,127      ,8    ,18.634 ,18.765 ,0.993   
6     ,4      ,512  ,1    ,127      ,128  ,25.999 ,26.098 ,0.996   
6     ,4      ,512  ,1    ,127      ,2    ,18.399 ,18.767 ,0.98    
6     ,4      ,512  ,1    ,127      ,2048 ,36.378 ,35.115 ,1.036   
6     ,4      ,512  ,1    ,127      ,32   ,18.732 ,18.795 ,0.997   
6     ,4      ,512  ,1    ,127      ,512  ,36.36  ,36.554 ,0.995   
6     ,4      ,512  ,1    ,127      ,8    ,18.51  ,18.833 ,0.983   
6     ,6      ,512  ,10   ,127      ,128  ,26.89  ,25.781 ,1.043   
6     ,6      ,512  ,10   ,127      ,2    ,18.603 ,18.724 ,0.994   
6     ,6      ,512  ,10   ,127      ,2048 ,37.62  ,37.294 ,1.009   
6     ,6      ,512  ,10   ,127      ,32   ,18.794 ,18.78  ,1.001   
6     ,6      ,512  ,10   ,127      ,512  ,36.728 ,36.833 ,0.997   
6     ,6      ,512  ,10   ,127      ,8    ,18.647 ,18.735 ,0.995   
6     ,7      ,1024 ,1    ,127      ,128  ,26.894 ,25.956 ,1.036   
6     ,7      ,1024 ,1    ,127      ,2    ,18.507 ,18.724 ,0.988   
6     ,7      ,1024 ,1    ,127      ,2048 ,53.117 ,53.162 ,0.999   
6     ,7      ,1024 ,1    ,127      ,32   ,18.808 ,18.759 ,1.003   
6     ,7      ,1024 ,1    ,127      ,512  ,36.775 ,36.777 ,1.0     
6     ,7      ,1024 ,1    ,127      ,8    ,18.602 ,18.737 ,0.993   
7     ,2      ,16   ,16   ,127      ,128  ,18.726 ,18.914 ,0.99    
7     ,2      ,16   ,16   ,127      ,2    ,18.737 ,19.44  ,0.964   
7     ,2      ,16   ,16   ,127      ,2048 ,18.737 ,19.228 ,0.974   
7     ,2      ,16   ,16   ,127      ,32   ,18.751 ,18.874 ,0.993   
7     ,2      ,16   ,16   ,127      ,512  ,18.739 ,18.986 ,0.987   
7     ,2      ,16   ,16   ,127      ,8    ,18.644 ,18.694 ,0.997   
7     ,2      ,16   ,4    ,127      ,128  ,18.536 ,18.745 ,0.989   
7     ,2      ,16   ,4    ,127      ,2    ,18.421 ,19.233 ,0.958   
7     ,2      ,16   ,4    ,127      ,2048 ,18.531 ,19.154 ,0.968   
7     ,2      ,16   ,4    ,127      ,32   ,18.527 ,18.688 ,0.991   
7     ,2      ,16   ,4    ,127      ,512  ,18.519 ,18.915 ,0.979   
7     ,2      ,16   ,4    ,127      ,8    ,18.531 ,18.726 ,0.99    
7     ,6      ,1024 ,1    ,127      ,128  ,24.963 ,23.054 ,1.083   
7     ,6      ,1024 ,1    ,127      ,2    ,18.623 ,18.72  ,0.995   
7     ,6      ,1024 ,1    ,127      ,2048 ,36.62  ,35.418 ,1.034   
7     ,6      ,1024 ,1    ,127      ,32   ,18.797 ,18.755 ,1.002   
7     ,6      ,1024 ,1    ,127      ,512  ,29.025 ,29.522 ,0.983   
7     ,6      ,1024 ,1    ,127      ,8    ,18.623 ,18.727 ,0.994   
7     ,7      ,1024 ,10   ,127      ,128  ,26.935 ,25.809 ,1.044   
7     ,7      ,1024 ,10   ,127      ,2    ,18.581 ,18.724 ,0.992   
7     ,7      ,1024 ,10   ,127      ,2048 ,53.811 ,53.758 ,1.001   
7     ,7      ,1024 ,10   ,127      ,32   ,18.777 ,18.765 ,1.001   
7     ,7      ,1024 ,10   ,127      ,512  ,36.865 ,36.882 ,1.0     
7     ,7      ,1024 ,10   ,127      ,8    ,18.645 ,18.722 ,0.996   
0.9581475593328628
