
Results For: strncmp
len,align1,align2,strlen
1,0,0,8,1.2
1,1,1,8,1.204
1,2,1,8,1.203
2,0,0,8,0.974
2,2,2,8,0.987
2,4,2,8,0.939
3,0,0,8,0.982
3,3,3,8,0.982
3,6,3,8,0.952
4,0,0,8,0.972
4,4,4,8,0.988
4,8,4,8,0.924
5,0,0,8,0.985
5,5,5,8,0.987
5,10,5,8,0.924
6,0,0,8,0.984
6,6,6,8,0.997
6,12,6,8,0.946
7,0,0,8,0.982
7,7,7,8,0.983
7,14,7,8,0.939
8,0,0,8,1.001
8,8,8,8,0.998
8,16,8,8,0.948
9,0,0,8,0.949
9,9,9,8,0.947
9,18,9,8,0.937
10,0,0,8,0.951
10,10,10,8,0.949
10,20,10,8,0.896
11,0,0,8,0.95
11,11,11,8,0.948
11,22,11,8,0.919
12,0,0,8,0.951
12,12,12,8,0.952
12,24,12,8,0.934
13,0,0,8,0.944
13,13,13,8,0.948
13,26,13,8,0.924
14,0,0,8,0.949
14,14,14,8,0.945
14,28,14,8,0.917
15,0,0,8,0.948
15,15,15,8,0.953
15,30,15,8,0.913
1,0,0,1,1.2
1,1,0,1,1.2
1,2048,2047,1,1.199
1,2047,2048,1,1.202
1,4095,0,1,1.2
1,4080,0,1,1.201
1,4088,4080,1,1.2
1,4064,0,1,1.2
1,4048,0,1,1.2
1,4072,4048,1,1.203
1,4032,0,1,1.2
1,4016,0,1,1.2
1,4056,4016,1,1.2
1,4000,0,1,1.2
1,3984,0,1,1.201
1,4040,3984,1,1.2
2,0,0,2,1.138
2,2,0,2,1.06
2,2048,2047,2,0.909
2,2047,2048,2,0.838
2,4094,0,2,1.042
2,4080,0,2,1.09
2,4088,4080,2,1.033
2,4064,0,2,1.123
2,4048,0,2,1.122
2,4072,4048,2,1.01
2,4032,0,2,1.083
2,4016,0,2,1.08
2,4056,4016,2,1.059
2,4000,0,2,1.139
2,3984,0,2,1.125
2,4040,3984,2,1.039
3,0,0,3,1.133
3,3,0,3,1.066
3,2048,2047,3,0.892
3,2047,2048,3,0.841
3,4093,0,3,1.042
3,4080,0,3,1.082
3,4088,4080,3,1.041
3,4064,0,3,1.135
3,4048,0,3,1.117
3,4072,4048,3,1.023
3,4032,0,3,1.073
3,4016,0,3,1.1
3,4056,4016,3,1.003
3,4000,0,3,1.13
3,3984,0,3,1.118
3,4040,3984,3,1.026
4,0,0,4,1.126
4,4,0,4,1.033
4,2048,2047,4,0.906
4,2047,2048,4,0.839
4,4092,0,4,1.019
4,4080,0,4,1.048
4,4088,4080,4,1.036
4,4064,0,4,1.119
4,4048,0,4,1.125
4,4072,4048,4,1.04
4,4032,0,4,1.109
4,4016,0,4,1.086
4,4056,4016,4,1.002
4,4000,0,4,1.107
4,3984,0,4,1.129
4,4040,3984,4,1.02
5,0,0,5,1.124
5,5,0,5,1.041
5,2048,2047,5,0.903
5,2047,2048,5,0.853
5,4091,0,5,1.083
5,4080,0,5,1.086
5,4088,4080,5,1.038
5,4064,0,5,1.067
5,4048,0,5,1.096
5,4072,4048,5,1.009
5,4032,0,5,1.081
5,4016,0,5,1.082
5,4056,4016,5,1.022
5,4000,0,5,1.072
5,3984,0,5,1.093
5,4040,3984,5,1.042
6,0,0,6,1.122
6,6,0,6,1.036
6,2048,2047,6,0.901
6,2047,2048,6,0.842
6,4090,0,6,1.039
6,4080,0,6,1.079
6,4088,4080,6,1.03
6,4064,0,6,1.118
6,4048,0,6,1.127
6,4072,4048,6,1.02
6,4032,0,6,1.109
6,4016,0,6,1.128
6,4056,4016,6,1.075
6,4000,0,6,1.116
6,3984,0,6,1.094
6,4040,3984,6,1.053
7,0,0,7,1.132
7,7,0,7,1.046
7,2048,2047,7,0.901
7,2047,2048,7,0.843
7,4089,0,7,1.051
7,4080,0,7,1.087
7,4088,4080,7,1.015
7,4064,0,7,1.117
7,4048,0,7,1.108
7,4072,4048,7,1.016
7,4032,0,7,1.066
7,4016,0,7,1.128
7,4056,4016,7,1.022
7,4000,0,7,1.097
7,3984,0,7,1.088
7,4040,3984,7,1.029
8,2048,2047,8,0.929
8,2047,2048,8,0.84
8,4088,0,8,1.0
8,4080,0,8,1.094
8,4064,0,8,1.135
8,4048,0,8,1.13
8,4072,4048,8,1.011
8,4032,0,8,1.07
8,4016,0,8,1.073
8,4056,4016,8,1.021
8,4000,0,8,1.099
8,3984,0,8,1.087
8,4040,3984,8,1.016
9,0,0,9,1.141
9,9,0,9,1.013
9,2048,2047,9,0.916
9,2047,2048,9,0.849
9,4087,0,9,1.087
9,4080,0,9,1.106
9,4088,4080,9,0.884
9,4064,0,9,1.128
9,4048,0,9,1.123
9,4072,4048,9,1.03
9,4032,0,9,1.067
9,4016,0,9,1.122
9,4056,4016,9,1.052
9,4000,0,9,1.102
9,3984,0,9,1.098
9,4040,3984,9,1.026
10,0,0,10,1.14
10,10,0,10,1.065
10,2048,2047,10,0.915
10,2047,2048,10,0.838
10,4086,0,10,1.039
10,4080,0,10,1.1
10,4088,4080,10,0.886
10,4064,0,10,1.096
10,4048,0,10,1.135
10,4072,4048,10,1.007
10,4032,0,10,1.078
10,4016,0,10,1.101
10,4056,4016,10,1.02
10,4000,0,10,1.089
10,3984,0,10,1.119
10,4040,3984,10,1.024
11,0,0,11,1.137
11,11,0,11,1.022
11,2048,2047,11,0.929
11,2047,2048,11,0.852
11,4085,0,11,1.031
11,4080,0,11,1.046
11,4088,4080,11,0.884
11,4064,0,11,1.104
11,4048,0,11,1.128
11,4072,4048,11,0.997
11,4032,0,11,1.086
11,4016,0,11,1.079
11,4056,4016,11,1.007
11,4000,0,11,1.071
11,3984,0,11,1.088
11,4040,3984,11,1.001
12,0,0,12,1.141
12,12,0,12,1.03
12,2048,2047,12,0.929
12,2047,2048,12,0.845
12,4084,0,12,1.011
12,4080,0,12,1.092
12,4088,4080,12,0.883
12,4064,0,12,1.1
12,4048,0,12,1.135
12,4072,4048,12,1.014
12,4032,0,12,1.094
12,4016,0,12,1.065
12,4056,4016,12,1.031
12,4000,0,12,1.114
12,3984,0,12,1.118
12,4040,3984,12,1.019
13,0,0,13,1.141
13,13,0,13,1.048
13,2048,2047,13,0.925
13,2047,2048,13,0.846
13,4083,0,13,1.094
13,4080,0,13,1.091
13,4088,4080,13,0.884
13,4064,0,13,1.138
13,4048,0,13,1.088
13,4072,4048,13,1.003
13,4032,0,13,1.092
13,4016,0,13,1.066
13,4056,4016,13,1.004
13,4000,0,13,1.087
13,3984,0,13,1.058
13,4040,3984,13,1.024
14,0,0,14,1.142
14,14,0,14,0.997
14,2048,2047,14,0.933
14,2047,2048,14,0.849
14,4082,0,14,1.069
14,4080,0,14,1.072
14,4088,4080,14,0.884
14,4064,0,14,1.137
14,4048,0,14,1.121
14,4072,4048,14,1.026
14,4032,0,14,1.093
14,4016,0,14,1.077
14,4056,4016,14,1.0
14,4000,0,14,1.11
14,3984,0,14,1.084
14,4040,3984,14,1.039
15,0,0,15,1.138
15,15,0,15,1.028
15,2048,2047,15,0.926
15,2047,2048,15,0.845
15,4081,0,15,1.023
15,4080,0,15,1.077
15,4088,4080,15,0.884
15,4064,0,15,1.088
15,4048,0,15,1.094
15,4072,4048,15,1.022
15,4032,0,15,1.086
15,4016,0,15,1.061
15,4056,4016,15,0.993
15,4000,0,15,1.093
15,3984,0,15,1.066
15,4040,3984,15,1.031
16,0,0,16,0.995
16,16,0,16,0.972
16,2048,2047,16,0.932
16,2047,2048,16,0.844
16,4080,0,16,0.999
16,4088,4080,16,0.848
16,4064,0,16,1.0
16,4048,0,16,0.998
16,4072,4048,16,0.948
16,4032,0,16,0.999
16,4016,0,16,1.0
16,4056,4016,16,0.953
16,4000,0,16,0.999
16,3984,0,16,0.998
16,4040,3984,16,0.948
17,0,0,17,0.971
17,17,0,17,0.933
17,2048,2047,17,0.952
17,2047,2048,17,0.975
17,4079,0,17,0.973
17,4080,0,17,0.955
17,4088,4080,17,0.873
17,4064,0,17,0.971
17,4048,0,17,0.955
17,4072,4048,17,0.929
17,4032,0,17,0.953
17,4016,0,17,0.941
17,4056,4016,17,0.928
17,4000,0,17,0.945
17,3984,0,17,0.931
17,4040,3984,17,0.927
18,0,0,18,0.971
18,18,0,18,0.933
18,2048,2047,18,0.86
18,2047,2048,18,0.809
18,4078,0,18,0.947
18,4080,0,18,0.941
18,4088,4080,18,0.888
18,4064,0,18,0.971
18,4048,0,18,0.947
18,4072,4048,18,0.927
18,4032,0,18,0.956
18,4016,0,18,0.929
18,4056,4016,18,0.926
18,4000,0,18,0.954
18,3984,0,18,0.931
18,4040,3984,18,0.928
19,0,0,19,0.97
19,19,0,19,0.936
19,2048,2047,19,0.874
19,2047,2048,19,0.813
19,4077,0,19,0.949
19,4080,0,19,0.954
19,4088,4080,19,0.868
19,4064,0,19,0.968
19,4048,0,19,0.948
19,4072,4048,19,0.929
19,4032,0,19,0.953
19,4016,0,19,0.939
19,4056,4016,19,0.93
19,4000,0,19,0.937
19,3984,0,19,0.938
19,4040,3984,19,0.93
20,0,0,20,0.969
20,20,0,20,0.929
20,2048,2047,20,0.876
20,2047,2048,20,0.816
20,4076,0,20,0.937
20,4080,0,20,0.961
20,4088,4080,20,0.877
20,4064,0,20,0.965
20,4048,0,20,0.953
20,4072,4048,20,0.927
20,4032,0,20,0.942
20,4016,0,20,0.932
20,4056,4016,20,0.928
20,4000,0,20,0.954
20,3984,0,20,0.941
20,4040,3984,20,0.928
21,0,0,21,0.969
21,21,0,21,0.928
21,2048,2047,21,0.885
21,2047,2048,21,0.812
21,4075,0,21,0.959
21,4080,0,21,0.947
21,4088,4080,21,0.873
21,4064,0,21,0.953
21,4048,0,21,0.961
21,4072,4048,21,0.93
21,4032,0,21,0.949
21,4016,0,21,0.948
21,4056,4016,21,0.928
21,4000,0,21,0.952
21,3984,0,21,0.925
21,4040,3984,21,0.927
22,0,0,22,0.971
22,22,0,22,0.93
22,2048,2047,22,0.885
22,2047,2048,22,0.807
22,4074,0,22,0.943
22,4080,0,22,0.956
22,4088,4080,22,0.873
22,4064,0,22,0.962
22,4048,0,22,0.96
22,4072,4048,22,0.928
22,4032,0,22,0.95
22,4016,0,22,0.944
22,4056,4016,22,0.93
22,4000,0,22,0.954
22,3984,0,22,0.937
22,4040,3984,22,0.927
23,0,0,23,0.958
23,23,0,23,0.93
23,2048,2047,23,0.881
23,2047,2048,23,0.809
23,4073,0,23,0.952
23,4080,0,23,0.957
23,4088,4080,23,0.878
23,4064,0,23,0.954
23,4048,0,23,0.959
23,4072,4048,23,0.928
23,4032,0,23,0.954
23,4016,0,23,0.92
23,4056,4016,23,0.93
23,4000,0,23,0.944
23,3984,0,23,0.936
23,4040,3984,23,0.929
24,0,0,24,0.957
24,24,0,24,0.948
24,2048,2047,24,0.871
24,2047,2048,24,0.805
24,4072,0,24,0.946
24,4080,0,24,0.944
24,4088,4080,24,1.01
24,4064,0,24,0.959
24,4048,0,24,0.956
24,4032,0,24,0.956
24,4016,0,24,0.932
24,4056,4016,24,0.935
24,4000,0,24,0.953
24,3984,0,24,0.939
24,4040,3984,24,0.928
25,0,0,25,0.955
25,25,0,25,0.823
25,2048,2047,25,0.885
25,2047,2048,25,0.813
25,4071,0,25,0.954
25,4080,0,25,0.953
25,4088,4080,25,0.864
25,4064,0,25,0.956
25,4048,0,25,0.941
25,4072,4048,25,0.818
25,4032,0,25,0.943
25,4016,0,25,0.936
25,4056,4016,25,0.817
25,4000,0,25,0.948
25,3984,0,25,0.93
25,4040,3984,25,0.818
26,0,0,26,0.965
26,26,0,26,0.817
26,2048,2047,26,0.88
26,2047,2048,26,0.809
26,4070,0,26,0.954
26,4080,0,26,0.964
26,4088,4080,26,0.853
26,4064,0,26,0.969
26,4048,0,26,0.966
26,4072,4048,26,0.817
26,4032,0,26,0.961
26,4016,0,26,0.934
26,4056,4016,26,0.818
26,4000,0,26,0.959
26,3984,0,26,0.933
26,4040,3984,26,0.82
27,0,0,27,0.965
27,27,0,27,0.817
27,2048,2047,27,0.886
27,2047,2048,27,0.805
27,4069,0,27,0.949
27,4080,0,27,0.942
27,4088,4080,27,0.859
27,4064,0,27,0.96
27,4048,0,27,0.946
27,4072,4048,27,0.818
27,4032,0,27,0.954
27,4016,0,27,0.922
27,4056,4016,27,0.819
27,4000,0,27,0.95
27,3984,0,27,0.933
27,4040,3984,27,0.818
28,0,0,28,0.964
28,28,0,28,0.822
28,2048,2047,28,0.889
28,2047,2048,28,0.803
28,4068,0,28,0.944
28,4080,0,28,0.966
28,4088,4080,28,0.863
28,4064,0,28,0.97
28,4048,0,28,0.96
28,4072,4048,28,0.817
28,4032,0,28,0.961
28,4016,0,28,0.944
28,4056,4016,28,0.818
28,4000,0,28,0.957
28,3984,0,28,0.949
28,4040,3984,28,0.817
29,0,0,29,0.958
29,29,0,29,0.819
29,2048,2047,29,0.884
29,2047,2048,29,0.807
29,4067,0,29,0.962
29,4080,0,29,0.956
29,4088,4080,29,0.859
29,4064,0,29,0.956
29,4048,0,29,0.962
29,4072,4048,29,0.817
29,4032,0,29,0.962
29,4016,0,29,0.949
29,4056,4016,29,0.818
29,4000,0,29,0.965
29,3984,0,29,0.955
29,4040,3984,29,0.818
30,0,0,30,0.971
30,30,0,30,0.818
30,2048,2047,30,0.89
30,2047,2048,30,0.804
30,4066,0,30,0.951
30,4080,0,30,0.957
30,4088,4080,30,0.858
30,4064,0,30,0.957
30,4048,0,30,0.964
30,4072,4048,30,0.818
30,4032,0,30,0.958
30,4016,0,30,0.937
30,4056,4016,30,0.818
30,4000,0,30,0.97
30,3984,0,30,0.937
30,4040,3984,30,0.818
31,0,0,31,0.962
31,31,0,31,0.82
31,2048,2047,31,0.888
31,2047,2048,31,0.806
31,4065,0,31,0.95
31,4080,0,31,0.959
31,4088,4080,31,0.854
31,4064,0,31,0.964
31,4048,0,31,0.968
31,4072,4048,31,0.816
31,4032,0,31,0.968
31,4016,0,31,0.938
31,4056,4016,31,0.817
31,4000,0,31,0.963
31,3984,0,31,0.94
31,4040,3984,31,0.818
32,0,0,32,0.916
32,32,0,32,0.891
32,2048,2047,32,0.891
32,2047,2048,32,0.807
32,4064,0,32,0.909
32,4080,0,32,0.896
32,4088,4080,32,0.847
32,4048,0,32,0.907
32,4072,4048,32,0.816
32,4032,0,32,0.913
32,4016,0,32,0.883
32,4056,4016,32,0.818
32,4000,0,32,0.913
32,3984,0,32,0.899
32,4040,3984,32,0.817
40,0,0,40,0.856
40,40,0,40,0.906
40,2048,2047,40,0.849
40,2047,2048,40,0.804
40,4056,0,40,0.908
40,4080,0,40,0.856
40,4088,4080,40,0.934
40,4064,0,40,0.856
40,4048,0,40,0.853
40,4072,4048,40,0.908
40,4032,0,40,0.861
40,4016,0,40,0.851
40,4000,0,40,0.853
40,3984,0,40,0.862
40,4040,3984,40,0.909
48,0,0,48,0.932
48,48,0,48,0.926
48,2048,2047,48,0.862
48,2047,2048,48,0.802
48,4048,0,48,0.931
48,4080,0,48,0.933
48,4088,4080,48,0.859
48,4064,0,48,0.929
48,4072,4048,48,0.814
48,4032,0,48,0.935
48,4016,0,48,0.925
48,4056,4016,48,0.784
48,4000,0,48,0.934
48,3984,0,48,0.909
48,4040,3984,48,0.784
56,0,0,56,0.832
56,56,0,56,0.876
56,2048,2047,56,0.828
56,2047,2048,56,0.775
56,4040,0,56,0.859
56,4080,0,56,0.833
56,4088,4080,56,0.944
56,4064,0,56,0.833
56,4048,0,56,0.833
56,4072,4048,56,0.872
56,4032,0,56,0.835
56,4016,0,56,0.838
56,4056,4016,56,0.856
56,4000,0,56,0.833
56,3984,0,56,0.836
64,0,0,64,0.895
64,64,0,64,0.897
64,2048,2047,64,0.847
64,2047,2048,64,0.78
64,4032,0,64,0.898
64,4080,0,64,0.891
64,4088,4080,64,0.846
64,4064,0,64,0.896
64,4048,0,64,0.896
64,4072,4048,64,0.791
64,4016,0,64,0.893
64,4056,4016,64,0.786
64,4000,0,64,0.895
64,3984,0,64,0.892
64,4040,3984,64,0.786
72,0,0,72,0.825
72,72,0,72,0.852
72,2048,2047,72,0.808
72,2047,2048,72,0.77
72,4024,0,72,0.859
72,4080,0,72,0.836
72,4088,4080,72,0.92
72,4064,0,72,0.842
72,4048,0,72,0.839
72,4072,4048,72,0.854
72,4032,0,72,0.827
72,4016,0,72,0.877
72,4056,4016,72,0.851
72,4000,0,72,0.843
72,3984,0,72,0.862
72,4040,3984,72,0.852
80,0,0,80,0.872
80,80,0,80,0.871
80,2048,2047,80,0.806
80,2047,2048,80,0.766
80,4016,0,80,0.878
80,4080,0,80,0.87
80,4088,4080,80,0.857
80,4064,0,80,0.875
80,4048,0,80,0.871
80,4072,4048,80,0.8
80,4032,0,80,0.869
80,4056,4016,80,0.78
80,4000,0,80,0.875
80,3984,0,80,0.872
80,4040,3984,80,0.774
88,0,0,88,0.862
88,88,0,88,0.83
88,2048,2047,88,0.809
88,2047,2048,88,0.748
88,4008,0,88,0.825
88,4080,0,88,0.857
88,4088,4080,88,0.944
88,4064,0,88,0.862
88,4048,0,88,0.864
88,4072,4048,88,0.853
88,4032,0,88,0.87
88,4016,0,88,0.856
88,4056,4016,88,0.852
88,4000,0,88,0.862
88,3984,0,88,0.863
88,4040,3984,88,0.827
96,0,0,96,0.91
96,96,0,96,0.903
96,2048,2047,96,0.814
96,2047,2048,96,0.751
96,4000,0,96,0.904
96,4080,0,96,0.902
96,4088,4080,96,0.855
96,4064,0,96,0.909
96,4048,0,96,0.903
96,4072,4048,96,0.787
96,4032,0,96,0.904
96,4016,0,96,0.898
96,4056,4016,96,0.778
96,3984,0,96,0.904
96,4040,3984,96,0.765
104,0,0,104,0.873
104,104,0,104,0.82
104,2048,2047,104,0.806
104,2047,2048,104,0.762
104,3992,0,104,0.819
104,4080,0,104,0.865
104,4088,4080,104,0.93
104,4064,0,104,0.87
104,4048,0,104,0.862
104,4072,4048,104,0.849
104,4032,0,104,0.869
104,4016,0,104,0.862
104,4056,4016,104,0.834
104,4000,0,104,0.863
104,3984,0,104,0.864
104,4040,3984,104,0.814
112,0,0,112,0.915
112,112,0,112,0.903
112,2048,2047,112,0.803
112,2047,2048,112,0.767
112,3984,0,112,0.909
112,4080,0,112,0.91
112,4088,4080,112,0.897
112,4064,0,112,0.915
112,4048,0,112,0.912
112,4072,4048,112,0.796
112,4032,0,112,0.906
112,4016,0,112,0.902
112,4056,4016,112,0.797
112,4000,0,112,0.906
112,4040,3984,112,0.771
120,0,0,120,0.902
120,120,0,120,0.847
120,2048,2047,120,0.816
120,2047,2048,120,0.761
120,3976,0,120,0.81
120,4080,0,120,0.897
120,4088,4080,120,0.919
120,4064,0,120,0.901
120,4048,0,120,0.895
120,4072,4048,120,0.82
120,4032,0,120,0.895
120,4016,0,120,0.893
120,4056,4016,120,0.831
120,4000,0,120,0.895
120,3984,0,120,0.893
120,4040,3984,120,0.827
128,0,0,128,0.938
128,128,0,128,0.927
128,2048,2047,128,0.817
128,2047,2048,128,0.76
128,3968,0,128,0.924
128,4080,0,128,0.927
128,4088,4080,128,0.894
128,4064,0,128,0.937
128,4048,0,128,0.931
128,4072,4048,128,0.791
128,4032,0,128,0.935
128,4016,0,128,0.924
128,4056,4016,128,0.802
128,4000,0,128,0.931
128,3984,0,128,0.923
128,4040,3984,128,0.794
136,0,0,136,0.912
136,136,0,136,0.813
136,2048,2047,136,0.814
136,2047,2048,136,0.776
136,3960,0,136,0.836
136,4080,0,136,0.907
136,4088,4080,136,0.906
136,4064,0,136,0.91
136,4048,0,136,0.908
136,4072,4048,136,0.839
136,4032,0,136,0.906
136,4016,0,136,0.899
136,4056,4016,136,0.837
136,4000,0,136,0.903
136,3984,0,136,0.895
136,4040,3984,136,0.834
144,0,0,144,0.937
144,144,0,144,0.923
144,2048,2047,144,0.814
144,2047,2048,144,0.777
144,3952,0,144,0.923
144,4080,0,144,0.934
144,4088,4080,144,0.891
144,4064,0,144,0.936
144,4048,0,144,0.933
144,4072,4048,144,0.804
144,4032,0,144,0.934
144,4016,0,144,0.929
144,4056,4016,144,0.817
144,4000,0,144,0.929
144,3984,0,144,0.921
144,4040,3984,144,0.791
152,0,0,152,0.942
152,152,0,152,0.825
152,2048,2047,152,0.833
152,2047,2048,152,0.777
152,3944,0,152,0.829
152,4080,0,152,0.937
152,4088,4080,152,0.919
152,4064,0,152,0.941
152,4048,0,152,0.941
152,4072,4048,152,0.828
152,4032,0,152,0.937
152,4016,0,152,0.93
152,4056,4016,152,0.825
152,4000,0,152,0.937
152,3984,0,152,0.927
152,4040,3984,152,0.839
160,0,0,160,0.96
160,160,0,160,0.946
160,2048,2047,160,0.829
160,2047,2048,160,0.78
160,3936,0,160,0.944
160,4080,0,160,0.956
160,4088,4080,160,0.89
160,4064,0,160,0.959
160,4048,0,160,0.953
160,4072,4048,160,0.794
160,4032,0,160,0.95
160,4016,0,160,0.94
160,4056,4016,160,0.814
160,4000,0,160,0.954
160,3984,0,160,0.941
160,4040,3984,160,0.806
192,0,0,192,0.98
192,192,0,192,0.971
192,2048,2047,192,0.841
192,2047,2048,192,0.789
192,3904,0,192,0.969
192,4080,0,192,0.98
192,4088,4080,192,0.892
192,4064,0,192,0.98
192,4048,0,192,0.98
192,4072,4048,192,0.813
192,4032,0,192,0.979
192,4016,0,192,0.967
192,4056,4016,192,0.813
192,4000,0,192,0.978
192,3984,0,192,0.966
192,4040,3984,192,0.819
224,0,0,224,0.995
224,224,0,224,0.982
224,2048,2047,224,0.842
224,2047,2048,224,0.798
224,3872,0,224,0.979
224,4080,0,224,0.995
224,4088,4080,224,0.906
224,4064,0,224,0.995
224,4048,0,224,0.995
224,4072,4048,224,0.832
224,4032,0,224,0.995
224,4016,0,224,0.982
224,4056,4016,224,0.822
224,4000,0,224,0.992
224,3984,0,224,0.984
224,4040,3984,224,0.823
256,0,0,256,1.0
256,256,0,256,0.993
256,2048,2047,256,0.842
256,2047,2048,256,0.809
256,3840,0,256,0.994
256,4080,0,256,0.999
256,4088,4080,256,0.927
256,4064,0,256,1.0
256,4048,0,256,1.002
256,4072,4048,256,0.825
256,4032,0,256,1.0
256,4016,0,256,0.997
256,4056,4016,256,0.83
256,4000,0,256,1.002
256,3984,0,256,0.994
256,4040,3984,256,0.833
512,0,0,512,1.047
512,512,0,512,1.05
512,2048,2047,512,0.937
512,2047,2048,512,0.777
512,3584,0,512,1.045
512,4080,0,512,1.06
512,4088,4080,512,0.909
512,4064,0,512,1.056
512,4048,0,512,1.061
512,4072,4048,512,0.849
512,4032,0,512,1.059
512,4016,0,512,1.052
512,4056,4016,512,0.847
512,4000,0,512,1.057
512,3984,0,512,1.052
512,4040,3984,512,0.84
1024,0,0,1024,0.964
1024,1024,0,1024,1.003
1024,2048,2047,1024,0.877
1024,2047,2048,1024,0.894
1024,3072,0,1024,0.999
1024,4080,0,1024,0.954
1024,4088,4080,1024,0.906
1024,4064,0,1024,0.942
1024,4048,0,1024,0.957
1024,4072,4048,1024,0.889
1024,4032,0,1024,0.936
1024,4016,0,1024,0.957
1024,4056,4016,1024,0.89
1024,4000,0,1024,0.956
1024,3984,0,1024,0.957
1024,4040,3984,1024,0.893
2048,0,0,2048,1.097
2048,2048,0,2048,1.097
2048,2047,2048,2048,0.857
2048,4080,0,2048,1.091
2048,4088,4080,2048,0.884
2048,4064,0,2048,1.093
2048,4048,0,2048,1.093
2048,4072,4048,2048,0.867
2048,4032,0,2048,1.091
2048,4016,0,2048,1.089
2048,4056,4016,2048,0.872
2048,4000,0,2048,1.092
2048,3984,0,2048,1.089
2048,4040,3984,2048,0.873
4096,0,0,4096,1.132
4096,2048,2047,4096,0.865
4096,2047,2048,4096,0.868
4096,4080,0,4096,1.133
4096,4088,4080,4096,0.87
4096,4064,0,4096,1.137
4096,4048,0,4096,1.13
4096,4072,4048,4096,0.866
4096,4032,0,4096,1.134
4096,4016,0,4096,1.132
4096,4056,4016,4096,0.869
4096,4000,0,4096,1.132
4096,3984,0,4096,1.131
4096,4040,3984,4096,0.871
65,0,0,1,0.938
65,1,0,1,0.897
65,2048,2047,1,0.881
65,2047,2048,1,0.817
65,4095,0,1,0.818
65,4080,0,1,0.943
65,4088,4080,1,1.002
65,4064,0,1,0.943
65,4048,0,1,0.925
65,4072,4048,1,0.881
65,4032,0,1,0.923
65,4016,0,1,0.952
65,4056,4016,1,0.889
65,4000,0,1,0.935
65,3984,0,1,0.915
65,4040,3984,1,0.908
66,0,0,2,0.948
66,2,0,2,0.9
66,2048,2047,2,0.906
66,2047,2048,2,0.817
66,4094,0,2,0.814
66,4080,0,2,0.946
66,4088,4080,2,1.003
66,4064,0,2,0.939
66,4048,0,2,0.94
66,4072,4048,2,0.885
66,4032,0,2,0.93
66,4016,0,2,0.944
66,4056,4016,2,0.888
66,4000,0,2,0.903
66,3984,0,2,0.907
66,4040,3984,2,0.893
67,0,0,3,0.95
67,3,0,3,0.893
67,2048,2047,3,0.892
67,2047,2048,3,0.813
67,4093,0,3,0.815
67,4080,0,3,0.948
67,4088,4080,3,1.001
67,4064,0,3,0.944
67,4048,0,3,0.925
67,4072,4048,3,0.886
67,4032,0,3,0.931
67,4016,0,3,0.946
67,4056,4016,3,0.89
67,4000,0,3,0.92
67,3984,0,3,0.913
67,4040,3984,3,0.879
68,0,0,4,0.93
68,4,0,4,0.892
68,2048,2047,4,0.896
68,2047,2048,4,0.818
68,4092,0,4,0.817
68,4080,0,4,0.948
68,4088,4080,4,1.004
68,4064,0,4,0.943
68,4048,0,4,0.909
68,4072,4048,4,0.862
68,4032,0,4,0.914
68,4016,0,4,0.946
68,4056,4016,4,0.902
68,4000,0,4,0.923
68,3984,0,4,0.937
68,4040,3984,4,0.887
69,0,0,5,0.948
69,5,0,5,0.902
69,2048,2047,5,0.899
69,2047,2048,5,0.814
69,4091,0,5,0.814
69,4080,0,5,0.95
69,4088,4080,5,1.002
69,4064,0,5,0.942
69,4048,0,5,0.931
69,4072,4048,5,0.934
69,4032,0,5,0.899
69,4016,0,5,0.945
69,4056,4016,5,0.89
69,4000,0,5,0.921
69,3984,0,5,0.924
69,4040,3984,5,0.892
70,0,0,6,0.954
70,6,0,6,0.916
70,2048,2047,6,0.891
70,2047,2048,6,0.818
70,4090,0,6,0.815
70,4080,0,6,0.948
70,4088,4080,6,1.003
70,4064,0,6,0.948
70,4048,0,6,0.938
70,4072,4048,6,0.942
70,4032,0,6,0.937
70,4016,0,6,0.946
70,4056,4016,6,0.896
70,4000,0,6,0.946
70,3984,0,6,0.936
70,4040,3984,6,0.893
71,0,0,7,0.942
71,7,0,7,0.889
71,2048,2047,7,0.902
71,2047,2048,7,0.815
71,4089,0,7,0.814
71,4080,0,7,0.952
71,4088,4080,7,1.003
71,4064,0,7,0.949
71,4048,0,7,0.936
71,4072,4048,7,0.946
71,4032,0,7,0.927
71,4016,0,7,0.95
71,4056,4016,7,0.902
71,4000,0,7,0.952
71,3984,0,7,0.918
71,4040,3984,7,0.894
72,0,0,8,0.948
72,8,0,8,0.89
72,2048,2047,8,0.896
72,2047,2048,8,0.814
72,4088,0,8,0.815
72,4080,0,8,0.95
72,4064,0,8,0.954
72,4048,0,8,0.951
72,4072,4048,8,0.942
72,4032,0,8,0.932
72,4016,0,8,0.953
72,4056,4016,8,0.873
72,4000,0,8,0.953
72,3984,0,8,0.946
72,4040,3984,8,0.904
73,0,0,9,0.947
73,9,0,9,0.886
73,2048,2047,9,0.903
73,2047,2048,9,0.82
73,4087,0,9,0.814
73,4080,0,9,0.942
73,4088,4080,9,0.884
73,4064,0,9,0.95
73,4048,0,9,0.949
73,4072,4048,9,0.934
73,4032,0,9,0.915
73,4016,0,9,0.951
73,4056,4016,9,0.886
73,4000,0,9,0.95
73,3984,0,9,0.934
73,4040,3984,9,0.873
74,0,0,10,0.95
74,10,0,10,0.89
74,2048,2047,10,0.894
74,2047,2048,10,0.818
74,4086,0,10,0.814
74,4080,0,10,0.954
74,4088,4080,10,0.89
74,4064,0,10,0.952
74,4048,0,10,0.953
74,4072,4048,10,0.945
74,4032,0,10,0.918
74,4016,0,10,0.951
74,4056,4016,10,0.905
74,4000,0,10,0.953
74,3984,0,10,0.926
74,4040,3984,10,0.9
75,0,0,11,0.948
75,11,0,11,0.901
75,2048,2047,11,0.902
75,2047,2048,11,0.814
75,4085,0,11,0.815
75,4080,0,11,0.953
75,4088,4080,11,0.882
75,4064,0,11,0.95
75,4048,0,11,0.95
75,4072,4048,11,0.93
75,4032,0,11,0.899
75,4016,0,11,0.949
75,4056,4016,11,0.913
75,4000,0,11,0.949
75,3984,0,11,0.943
75,4040,3984,11,0.897
76,0,0,12,0.946
76,12,0,12,0.9
76,2048,2047,12,0.896
76,2047,2048,12,0.813
76,4084,0,12,0.811
76,4080,0,12,0.954
76,4088,4080,12,0.887
76,4064,0,12,0.95
76,4048,0,12,0.953
76,4072,4048,12,0.953
76,4032,0,12,0.915
76,4016,0,12,0.934
76,4056,4016,12,0.897
76,4000,0,12,0.95
76,3984,0,12,0.954
76,4040,3984,12,0.9
77,0,0,13,0.946
77,13,0,13,0.873
77,2048,2047,13,0.891
77,2047,2048,13,0.819
77,4083,0,13,0.819
77,4080,0,13,0.95
77,4088,4080,13,0.889
77,4064,0,13,0.947
77,4048,0,13,0.953
77,4072,4048,13,0.932
77,4032,0,13,0.908
77,4016,0,13,0.951
77,4056,4016,13,0.887
77,4000,0,13,0.943
77,3984,0,13,0.954
77,4040,3984,13,0.872
78,0,0,14,0.943
78,14,0,14,0.892
78,2048,2047,14,0.896
78,2047,2048,14,0.819
78,4082,0,14,0.815
78,4080,0,14,0.949
78,4088,4080,14,0.887
78,4064,0,14,0.95
78,4048,0,14,0.949
78,4072,4048,14,0.954
78,4032,0,14,0.91
78,4016,0,14,0.946
78,4056,4016,14,0.916
78,4000,0,14,0.943
78,3984,0,14,0.946
78,4040,3984,14,0.902
79,0,0,15,0.941
79,15,0,15,0.879
79,2048,2047,15,0.9
79,2047,2048,15,0.817
79,4081,0,15,0.813
79,4080,0,15,0.95
79,4088,4080,15,0.88
79,4064,0,15,0.951
79,4048,0,15,0.95
79,4072,4048,15,0.955
79,4032,0,15,0.894
79,4016,0,15,0.951
79,4056,4016,15,0.885
79,4000,0,15,0.948
79,3984,0,15,0.95
79,4040,3984,15,0.904
80,0,0,16,0.943
80,16,0,16,0.932
80,2048,2047,16,0.901
80,2047,2048,16,0.819
80,4080,0,16,0.943
80,4088,4080,16,0.844
80,4064,0,16,0.943
80,4048,0,16,0.945
80,4072,4048,16,0.938
80,4032,0,16,0.935
80,4016,0,16,0.928
80,4056,4016,16,0.939
80,4000,0,16,0.944
80,3984,0,16,0.94
80,4040,3984,16,0.937
81,0,0,17,0.943
81,17,0,17,0.938
81,2048,2047,17,0.839
81,2047,2048,17,0.782
81,4079,0,17,0.803
81,4080,0,17,0.941
81,4088,4080,17,0.856
81,4064,0,17,0.945
81,4048,0,17,0.944
81,4072,4048,17,0.937
81,4032,0,17,0.935
81,4016,0,17,0.924
81,4056,4016,17,0.942
81,4000,0,17,0.944
81,3984,0,17,0.938
81,4040,3984,17,0.94
82,0,0,18,0.939
82,18,0,18,0.936
82,2048,2047,18,0.863
82,2047,2048,18,0.78
82,4078,0,18,0.8
82,4080,0,18,0.945
82,4088,4080,18,0.855
82,4064,0,18,0.943
82,4048,0,18,0.945
82,4072,4048,18,0.933
82,4032,0,18,0.936
82,4016,0,18,0.934
82,4056,4016,18,0.94
82,4000,0,18,0.944
82,3984,0,18,0.934
82,4040,3984,18,0.937
83,0,0,19,0.943
83,19,0,19,0.938
83,2048,2047,19,0.864
83,2047,2048,19,0.782
83,4077,0,19,0.8
83,4080,0,19,0.943
83,4088,4080,19,0.849
83,4064,0,19,0.944
83,4048,0,19,0.945
83,4072,4048,19,0.936
83,4032,0,19,0.939
83,4016,0,19,0.924
83,4056,4016,19,0.942
83,4000,0,19,0.945
83,3984,0,19,0.931
83,4040,3984,19,0.937
84,0,0,20,0.939
84,20,0,20,0.937
84,2048,2047,20,0.869
84,2047,2048,20,0.78
84,4076,0,20,0.799
84,4080,0,20,0.944
84,4088,4080,20,0.844
84,4064,0,20,0.944
84,4048,0,20,0.943
84,4072,4048,20,0.938
84,4032,0,20,0.935
84,4016,0,20,0.923
84,4056,4016,20,0.939
84,4000,0,20,0.944
84,3984,0,20,0.931
84,4040,3984,20,0.935
85,0,0,21,0.941
85,21,0,21,0.938
85,2048,2047,21,0.872
85,2047,2048,21,0.783
85,4075,0,21,0.799
85,4080,0,21,0.94
85,4088,4080,21,0.846
85,4064,0,21,0.941
85,4048,0,21,0.943
85,4072,4048,21,0.937
85,4032,0,21,0.938
85,4016,0,21,0.929
85,4056,4016,21,0.941
85,4000,0,21,0.944
85,3984,0,21,0.928
85,4040,3984,21,0.937
86,0,0,22,0.935
86,22,0,22,0.934
86,2048,2047,22,0.872
86,2047,2048,22,0.781
86,4074,0,22,0.797
86,4080,0,22,0.938
86,4088,4080,22,0.847
86,4064,0,22,0.94
86,4048,0,22,0.944
86,4072,4048,22,0.938
86,4032,0,22,0.935
86,4016,0,22,0.927
86,4056,4016,22,0.941
86,4000,0,22,0.944
86,3984,0,22,0.934
86,4040,3984,22,0.936
87,0,0,23,0.94
87,23,0,23,0.936
87,2048,2047,23,0.874
87,2047,2048,23,0.78
87,4073,0,23,0.798
87,4080,0,23,0.943
87,4088,4080,23,0.843
87,4064,0,23,0.945
87,4048,0,23,0.943
87,4072,4048,23,0.936
87,4032,0,23,0.945
87,4016,0,23,0.933
87,4056,4016,23,0.941
87,4000,0,23,0.947
87,3984,0,23,0.934
87,4040,3984,23,0.937
88,0,0,24,0.935
88,24,0,24,0.801
88,2048,2047,24,0.866
88,2047,2048,24,0.783
88,4072,0,24,0.799
88,4080,0,24,0.941
88,4088,4080,24,0.835
88,4064,0,24,0.939
88,4048,0,24,0.943
88,4032,0,24,0.941
88,4016,0,24,0.924
88,4056,4016,24,0.803
88,4000,0,24,0.943
88,3984,0,24,0.936
88,4040,3984,24,0.799
89,0,0,25,0.938
89,25,0,25,0.8
89,2048,2047,25,0.87
89,2047,2048,25,0.78
89,4071,0,25,0.798
89,4080,0,25,0.941
89,4088,4080,25,0.833
89,4064,0,25,0.938
89,4048,0,25,0.942
89,4072,4048,25,0.798
89,4032,0,25,0.941
89,4016,0,25,0.932
89,4056,4016,25,0.801
89,4000,0,25,0.945
89,3984,0,25,0.933
89,4040,3984,25,0.799
90,0,0,26,0.939
90,26,0,26,0.801
90,2048,2047,26,0.865
90,2047,2048,26,0.782
90,4070,0,26,0.798
90,4080,0,26,0.943
90,4088,4080,26,0.84
90,4064,0,26,0.942
90,4048,0,26,0.944
90,4072,4048,26,0.799
90,4032,0,26,0.942
90,4016,0,26,0.933
90,4056,4016,26,0.801
90,4000,0,26,0.942
90,3984,0,26,0.931
90,4040,3984,26,0.8
91,0,0,27,0.941
91,27,0,27,0.802
91,2048,2047,27,0.869
91,2047,2048,27,0.782
91,4069,0,27,0.799
91,4080,0,27,0.938
91,4088,4080,27,0.835
91,4064,0,27,0.94
91,4048,0,27,0.943
91,4072,4048,27,0.799
91,4032,0,27,0.943
91,4016,0,27,0.932
91,4056,4016,27,0.799
91,4000,0,27,0.941
91,3984,0,27,0.939
91,4040,3984,27,0.799
92,0,0,28,0.944
92,28,0,28,0.799
92,2048,2047,28,0.872
92,2047,2048,28,0.784
92,4068,0,28,0.8
92,4080,0,28,0.943
92,4088,4080,28,0.84
92,4064,0,28,0.935
92,4048,0,28,0.944
92,4072,4048,28,0.799
92,4032,0,28,0.94
92,4016,0,28,0.93
92,4056,4016,28,0.8
92,4000,0,28,0.943
92,3984,0,28,0.936
92,4040,3984,28,0.799
93,0,0,29,0.937
93,29,0,29,0.8
93,2048,2047,29,0.872
93,2047,2048,29,0.781
93,4067,0,29,0.801
93,4080,0,29,0.943
93,4088,4080,29,0.83
93,4064,0,29,0.945
93,4048,0,29,0.941
93,4072,4048,29,0.8
93,4032,0,29,0.941
93,4016,0,29,0.932
93,4056,4016,29,0.802
93,4000,0,29,0.942
93,3984,0,29,0.937
93,4040,3984,29,0.799
94,0,0,30,0.944
94,30,0,30,0.799
94,2048,2047,30,0.873
94,2047,2048,30,0.782
94,4066,0,30,0.799
94,4080,0,30,0.937
94,4088,4080,30,0.83
94,4064,0,30,0.935
94,4048,0,30,0.934
94,4072,4048,30,0.799
94,4032,0,30,0.936
94,4016,0,30,0.928
94,4056,4016,30,0.8
94,4000,0,30,0.942
94,3984,0,30,0.936
94,4040,3984,30,0.799
95,0,0,31,0.938
95,31,0,31,0.8
95,2048,2047,31,0.872
95,2047,2048,31,0.787
95,4065,0,31,0.801
95,4080,0,31,0.939
95,4088,4080,31,0.822
95,4064,0,31,0.94
95,4048,0,31,0.942
95,4072,4048,31,0.799
95,4032,0,31,0.943
95,4016,0,31,0.929
95,4056,4016,31,0.8
95,4000,0,31,0.941
95,3984,0,31,0.937
95,4040,3984,31,0.8
96,0,0,32,0.839
96,32,0,32,0.846
96,2048,2047,32,0.873
96,2047,2048,32,0.784
96,4064,0,32,0.837
96,4080,0,32,0.843
96,4088,4080,32,0.831
96,4048,0,32,0.835
96,4072,4048,32,0.799
96,4032,0,32,0.839
96,4016,0,32,0.845
96,4056,4016,32,0.799
96,4000,0,32,0.838
96,3984,0,32,0.833
96,4040,3984,32,0.798
104,0,0,40,0.84
104,40,0,40,0.772
104,2048,2047,40,0.821
104,2047,2048,40,0.781
104,4056,0,40,0.77
104,4080,0,40,0.84
104,4088,4080,40,0.848
104,4064,0,40,0.839
104,4048,0,40,0.838
104,4072,4048,40,0.814
104,4032,0,40,0.845
104,4016,0,40,0.84
104,4000,0,40,0.838
104,3984,0,40,0.844
104,4040,3984,40,0.77
112,0,0,48,0.794
112,48,0,48,0.795
112,2048,2047,48,0.844
112,2047,2048,48,0.78
112,4048,0,48,0.792
112,4080,0,48,0.793
112,4088,4080,48,0.851
112,4064,0,48,0.791
112,4072,4048,48,0.803
112,4032,0,48,0.796
112,4016,0,48,0.793
112,4056,4016,48,0.771
112,4000,0,48,0.792
112,3984,0,48,0.793
112,4040,3984,48,0.769
120,0,0,56,0.794
120,56,0,56,0.768
120,2048,2047,56,0.812
120,2047,2048,56,0.759
120,4040,0,56,0.769
120,4080,0,56,0.791
120,4088,4080,56,0.83
120,4064,0,56,0.792
120,4048,0,56,0.793
120,4072,4048,56,0.786
120,4032,0,56,0.793
120,4016,0,56,0.792
120,4056,4016,56,0.769
120,4000,0,56,0.795
120,3984,0,56,0.793
128,0,0,64,0.818
128,64,0,64,0.854
128,2048,2047,64,0.839
128,2047,2048,64,0.758
128,4032,0,64,0.83
128,4080,0,64,0.828
128,4088,4080,64,0.834
128,4064,0,64,0.816
128,4048,0,64,0.829
128,4072,4048,64,0.787
128,4016,0,64,0.854
128,4056,4016,64,0.77
128,4000,0,64,0.834
128,3984,0,64,0.875
128,4040,3984,64,0.772
136,0,0,72,0.816
136,72,0,72,0.763
136,2048,2047,72,0.793
136,2047,2048,72,0.764
136,4024,0,72,0.779
136,4080,0,72,0.835
136,4088,4080,72,0.848
136,4064,0,72,0.821
136,4048,0,72,0.834
136,4072,4048,72,0.792
136,4032,0,72,0.833
136,4016,0,72,0.889
136,4056,4016,72,0.801
136,4000,0,72,0.822
136,3984,0,72,0.883
136,4040,3984,72,0.76
144,0,0,80,0.836
144,80,0,80,0.905
144,2048,2047,80,0.797
144,2047,2048,80,0.766
144,4016,0,80,0.837
144,4080,0,80,0.836
144,4088,4080,80,0.849
144,4064,0,80,0.835
144,4048,0,80,0.84
144,4072,4048,80,0.788
144,4032,0,80,0.841
144,4056,4016,80,0.799
144,4000,0,80,0.841
144,3984,0,80,0.853
144,4040,3984,80,0.76
152,0,0,88,0.836
152,88,0,88,0.776
152,2048,2047,88,0.79
152,2047,2048,88,0.753
152,4008,0,88,0.771
152,4080,0,88,0.838
152,4088,4080,88,0.841
152,4064,0,88,0.835
152,4048,0,88,0.836
152,4072,4048,88,0.771
152,4032,0,88,0.835
152,4016,0,88,0.844
152,4056,4016,88,0.78
152,4000,0,88,0.84
152,3984,0,88,0.837
152,4040,3984,88,0.772
160,0,0,96,0.86
160,96,0,96,0.855
160,2048,2047,96,0.795
160,2047,2048,96,0.754
160,4000,0,96,0.859
160,4080,0,96,0.858
160,4088,4080,96,0.836
160,4064,0,96,0.859
160,4048,0,96,0.859
160,4072,4048,96,0.781
160,4032,0,96,0.857
160,4016,0,96,0.856
160,4056,4016,96,0.777
160,3984,0,96,0.856
160,4040,3984,96,0.769
168,0,0,104,0.86
168,104,0,104,0.768
168,2048,2047,104,0.796
168,2047,2048,104,0.755
168,3992,0,104,0.787
168,4080,0,104,0.857
168,4088,4080,104,0.886
168,4064,0,104,0.859
168,4048,0,104,0.858
168,4072,4048,104,0.777
168,4032,0,104,0.857
168,4016,0,104,0.856
168,4056,4016,104,0.774
168,4000,0,104,0.859
168,3984,0,104,0.856
168,4040,3984,104,0.793
176,0,0,112,0.892
176,112,0,112,0.891
176,2048,2047,112,0.795
176,2047,2048,112,0.753
176,3984,0,112,0.891
176,4080,0,112,0.891
176,4088,4080,112,0.906
176,4064,0,112,0.891
176,4048,0,112,0.891
176,4072,4048,112,0.778
176,4032,0,112,0.89
176,4016,0,112,0.889
176,4056,4016,112,0.776
176,4000,0,112,0.889
176,4040,3984,112,0.774
184,0,0,120,0.891
184,120,0,120,0.791
184,2048,2047,120,0.793
184,2047,2048,120,0.754
184,3976,0,120,0.772
184,4080,0,120,0.891
184,4088,4080,120,0.842
184,4064,0,120,0.892
184,4048,0,120,0.891
184,4072,4048,120,0.786
184,4032,0,120,0.89
184,4016,0,120,0.888
184,4056,4016,120,0.787
184,4000,0,120,0.889
184,3984,0,120,0.886
184,4040,3984,120,0.788
192,0,0,128,0.9
192,128,0,128,0.891
192,2048,2047,128,0.8
192,2047,2048,128,0.752
192,3968,0,128,0.894
192,4080,0,128,0.895
192,4088,4080,128,0.872
192,4064,0,128,0.901
192,4048,0,128,0.897
192,4072,4048,128,0.781
192,4032,0,128,0.899
192,4016,0,128,0.891
192,4056,4016,128,0.784
192,4000,0,128,0.895
192,3984,0,128,0.893
192,4040,3984,128,0.789
200,0,0,136,0.9
200,136,0,136,0.775
200,2048,2047,136,0.8
200,2047,2048,136,0.769
200,3960,0,136,0.801
200,4080,0,136,0.896
200,4088,4080,136,0.866
200,4064,0,136,0.9
200,4048,0,136,0.898
200,4072,4048,136,0.799
200,4032,0,136,0.899
200,4016,0,136,0.893
200,4056,4016,136,0.798
200,4000,0,136,0.898
200,3984,0,136,0.895
200,4040,3984,136,0.787
208,0,0,144,0.924
208,144,0,144,0.918
208,2048,2047,144,0.807
208,2047,2048,144,0.771
208,3952,0,144,0.922
208,4080,0,144,0.922
208,4088,4080,144,0.877
208,4064,0,144,0.922
208,4048,0,144,0.923
208,4072,4048,144,0.796
208,4032,0,144,0.923
208,4016,0,144,0.92
208,4056,4016,144,0.798
208,4000,0,144,0.923
208,3984,0,144,0.917
208,4040,3984,144,0.786
216,0,0,152,0.924
216,152,0,152,0.781
216,2048,2047,152,0.814
216,2047,2048,152,0.772
216,3944,0,152,0.784
216,4080,0,152,0.922
216,4088,4080,152,0.869
216,4064,0,152,0.924
216,4048,0,152,0.924
216,4072,4048,152,0.802
216,4032,0,152,0.923
216,4016,0,152,0.92
216,4056,4016,152,0.799
216,4000,0,152,0.923
216,3984,0,152,0.921
216,4040,3984,152,0.797
224,0,0,160,0.934
224,160,0,160,0.922
224,2048,2047,160,0.821
224,2047,2048,160,0.772
224,3936,0,160,0.922
224,4080,0,160,0.932
224,4088,4080,160,0.88
224,4064,0,160,0.934
224,4048,0,160,0.932
224,4072,4048,160,0.803
224,4032,0,160,0.931
224,4016,0,160,0.921
224,4056,4016,160,0.801
224,4000,0,160,0.929
224,3984,0,160,0.925
224,4040,3984,160,0.798
256,0,0,192,0.967
256,192,0,192,0.953
256,2048,2047,192,0.826
256,2047,2048,192,0.786
256,3904,0,192,0.958
256,4080,0,192,0.962
256,4088,4080,192,0.888
256,4064,0,192,0.968
256,4048,0,192,0.96
256,4072,4048,192,0.817
256,4032,0,192,0.96
256,4016,0,192,0.957
256,4056,4016,192,0.814
256,4000,0,192,0.963
256,3984,0,192,0.958
256,4040,3984,192,0.812
288,0,0,224,0.966
288,224,0,224,0.962
288,2048,2047,224,0.832
288,2047,2048,224,0.791
288,3872,0,224,0.99
288,4080,0,224,0.976
288,4088,4080,224,0.905
288,4064,0,224,0.976
288,4048,0,224,0.974
288,4072,4048,224,0.823
288,4032,0,224,0.971
288,4016,0,224,0.97
288,4056,4016,224,0.829
288,4000,0,224,0.976
288,3984,0,224,0.969
288,4040,3984,224,0.809
320,0,0,256,0.924
320,256,0,256,0.925
320,2048,2047,256,0.831
320,2047,2048,256,0.802
320,3840,0,256,0.926
320,4080,0,256,0.927
320,4088,4080,256,0.924
320,4064,0,256,0.933
320,4048,0,256,0.93
320,4072,4048,256,0.822
320,4032,0,256,0.934
320,4016,0,256,0.925
320,4056,4016,256,0.828
320,4000,0,256,0.931
320,3984,0,256,0.926
320,4040,3984,256,0.821
576,0,0,512,1.029
576,512,0,512,1.039
576,2048,2047,512,0.84
576,2047,2048,512,0.784
576,3584,0,512,1.035
576,4080,0,512,1.041
576,4088,4080,512,0.91
576,4064,0,512,1.04
576,4048,0,512,1.038
576,4072,4048,512,0.838
576,4032,0,512,1.04
576,4016,0,512,1.037
576,4056,4016,512,0.85
576,4000,0,512,1.037
576,3984,0,512,1.036
576,4040,3984,512,0.84
1088,0,0,1024,0.961
1088,1024,0,1024,1.097
1088,2048,2047,1024,0.875
1088,2047,2048,1024,0.887
1088,3072,0,1024,1.074
1088,4080,0,1024,0.897
1088,4088,4080,1024,0.909
1088,4064,0,1024,0.897
1088,4048,0,1024,0.896
1088,4072,4048,1024,0.894
1088,4032,0,1024,0.911
1088,4016,0,1024,0.901
1088,4056,4016,1024,0.885
1088,4000,0,1024,0.886
1088,3984,0,1024,0.919
1088,4040,3984,1024,0.889
2112,0,0,2048,1.146
2112,2048,0,2048,1.107
2112,2047,2048,2048,0.858
2112,4080,0,2048,1.133
2112,4088,4080,2048,0.88
2112,4064,0,2048,1.137
2112,4048,0,2048,1.134
2112,4072,4048,2048,0.873
2112,4032,0,2048,1.138
2112,4016,0,2048,1.135
2112,4056,4016,2048,0.87
2112,4000,0,2048,1.132
2112,3984,0,2048,1.132
2112,4040,3984,2048,0.872
4160,0,0,4096,1.16
4160,2048,2047,4096,0.868
4160,2047,2048,4096,0.867
4160,4016,0,4096,1.16
4160,4000,0,4096,1.166
4160,3984,0,4096,1.161
129,0,0,1,0.951
129,1,0,1,0.906
129,2048,2047,1,0.888
129,2047,2048,1,0.814
129,4095,0,1,0.813
129,4080,0,1,0.952
129,4088,4080,1,1.004
129,4064,0,1,0.953
129,4048,0,1,0.94
129,4072,4048,1,0.943
129,4032,0,1,0.942
129,4016,0,1,0.946
129,4056,4016,1,0.935
129,4000,0,1,0.947
129,3984,0,1,0.915
129,4040,3984,1,0.883
130,0,0,2,0.948
130,2,0,2,0.876
130,2048,2047,2,0.905
130,2047,2048,2,0.817
130,4094,0,2,0.816
130,4080,0,2,0.948
130,4088,4080,2,1.003
130,4064,0,2,0.948
130,4048,0,2,0.954
130,4072,4048,2,0.946
130,4032,0,2,0.948
130,4016,0,2,0.941
130,4056,4016,2,0.954
130,4000,0,2,0.947
130,3984,0,2,0.9
130,4040,3984,2,0.871
131,0,0,3,0.951
131,3,0,3,0.888
131,2048,2047,3,0.898
131,2047,2048,3,0.815
131,4093,0,3,0.816
131,4080,0,3,0.947
131,4088,4080,3,1.001
131,4064,0,3,0.946
131,4048,0,3,0.949
131,4072,4048,3,0.928
131,4032,0,3,0.943
131,4016,0,3,0.931
131,4056,4016,3,0.929
131,4000,0,3,0.94
131,3984,0,3,0.894
131,4040,3984,3,0.878
132,0,0,4,0.954
132,4,0,4,0.89
132,2048,2047,4,0.894
132,2047,2048,4,0.817
132,4092,0,4,0.815
132,4080,0,4,0.952
132,4088,4080,4,1.002
132,4064,0,4,0.946
132,4048,0,4,0.951
132,4072,4048,4,0.929
132,4032,0,4,0.942
132,4016,0,4,0.946
132,4056,4016,4,0.943
132,4000,0,4,0.952
132,3984,0,4,0.914
132,4040,3984,4,0.869
133,0,0,5,0.954
133,5,0,5,0.9
133,2048,2047,5,0.898
133,2047,2048,5,0.815
133,4091,0,5,0.816
133,4080,0,5,0.947
133,4088,4080,5,1.002
133,4064,0,5,0.949
133,4048,0,5,0.943
133,4072,4048,5,0.931
133,4032,0,5,0.936
133,4016,0,5,0.942
133,4056,4016,5,0.914
133,4000,0,5,0.947
133,3984,0,5,0.948
133,4040,3984,5,0.932
134,0,0,6,0.954
134,6,0,6,0.895
134,2048,2047,6,0.897
134,2047,2048,6,0.812
134,4090,0,6,0.814
134,4080,0,6,0.946
134,4088,4080,6,1.005
134,4064,0,6,0.948
134,4048,0,6,0.944
134,4072,4048,6,0.928
134,4032,0,6,0.946
134,4016,0,6,0.944
134,4056,4016,6,0.944
134,4000,0,6,0.947
134,3984,0,6,0.952
134,4040,3984,6,0.926
135,0,0,7,0.947
135,7,0,7,0.888
135,2048,2047,7,0.894
135,2047,2048,7,0.813
135,4089,0,7,0.814
135,4080,0,7,0.952
135,4088,4080,7,1.003
135,4064,0,7,0.949
135,4048,0,7,0.95
135,4072,4048,7,0.952
135,4032,0,7,0.95
135,4016,0,7,0.952
135,4056,4016,7,0.949
135,4000,0,7,0.953
135,3984,0,7,0.951
135,4040,3984,7,0.95
136,0,0,8,0.951
136,8,0,8,0.902
136,2048,2047,8,0.897
136,2047,2048,8,0.816
136,4088,0,8,0.815
136,4080,0,8,0.953
136,4064,0,8,0.952
136,4048,0,8,0.949
136,4072,4048,8,0.938
136,4032,0,8,0.954
136,4016,0,8,0.953
136,4056,4016,8,0.938
136,4000,0,8,0.953
136,3984,0,8,0.952
136,4040,3984,8,0.943
137,0,0,9,0.952
137,9,0,9,0.865
137,2048,2047,9,0.893
137,2047,2048,9,0.816
137,4087,0,9,0.815
137,4080,0,9,0.953
137,4088,4080,9,0.893
137,4064,0,9,0.953
137,4048,0,9,0.952
137,4072,4048,9,0.946
137,4032,0,9,0.948
137,4016,0,9,0.953
137,4056,4016,9,0.953
137,4000,0,9,0.941
137,3984,0,9,0.954
137,4040,3984,9,0.954
138,0,0,10,0.952
138,10,0,10,0.872
138,2048,2047,10,0.901
138,2047,2048,10,0.815
138,4086,0,10,0.815
138,4080,0,10,0.946
138,4088,4080,10,0.886
138,4064,0,10,0.952
138,4048,0,10,0.953
138,4072,4048,10,0.94
138,4032,0,10,0.954
138,4016,0,10,0.949
138,4056,4016,10,0.944
138,4000,0,10,0.949
138,3984,0,10,0.949
138,4040,3984,10,0.946
139,0,0,11,0.953
139,11,0,11,0.887
139,2048,2047,11,0.896
139,2047,2048,11,0.815
139,4085,0,11,0.817
139,4080,0,11,0.944
139,4088,4080,11,0.885
139,4064,0,11,0.952
139,4048,0,11,0.948
139,4072,4048,11,0.943
139,4032,0,11,0.952
139,4016,0,11,0.952
139,4056,4016,11,0.93
139,4000,0,11,0.953
139,3984,0,11,0.953
139,4040,3984,11,0.94
140,0,0,12,0.95
140,12,0,12,0.894
140,2048,2047,12,0.898
140,2047,2048,12,0.816
140,4084,0,12,0.814
140,4080,0,12,0.954
140,4088,4080,12,0.878
140,4064,0,12,0.953
140,4048,0,12,0.952
140,4072,4048,12,0.944
140,4032,0,12,0.948
140,4016,0,12,0.949
140,4056,4016,12,0.935
140,4000,0,12,0.953
140,3984,0,12,0.953
140,4040,3984,12,0.945
141,0,0,13,0.948
141,13,0,13,0.882
141,2048,2047,13,0.905
141,2047,2048,13,0.814
141,4083,0,13,0.814
141,4080,0,13,0.953
141,4088,4080,13,0.883
141,4064,0,13,0.952
141,4048,0,13,0.95
141,4072,4048,13,0.935
141,4032,0,13,0.953
141,4016,0,13,0.934
141,4056,4016,13,0.93
141,4000,0,13,0.953
141,3984,0,13,0.954
141,4040,3984,13,0.934
142,0,0,14,0.949
142,14,0,14,0.908
142,2048,2047,14,0.9
142,2047,2048,14,0.817
142,4082,0,14,0.815
142,4080,0,14,0.952
142,4088,4080,14,0.885
142,4064,0,14,0.953
142,4048,0,14,0.952
142,4072,4048,14,0.948
142,4032,0,14,0.951
142,4016,0,14,0.951
142,4056,4016,14,0.949
142,4000,0,14,0.948
142,3984,0,14,0.953
142,4040,3984,14,0.947
143,0,0,15,0.955
143,15,0,15,0.895
143,2048,2047,15,0.903
143,2047,2048,15,0.82
143,4081,0,15,0.814
143,4080,0,15,0.952
143,4088,4080,15,0.884
143,4064,0,15,0.951
143,4048,0,15,0.953
143,4072,4048,15,0.949
143,4032,0,15,0.952
143,4016,0,15,0.95
143,4056,4016,15,0.945
143,4000,0,15,0.953
143,3984,0,15,0.951
143,4040,3984,15,0.954
144,0,0,16,0.937
144,16,0,16,0.933
144,2048,2047,16,0.901
144,2047,2048,16,0.821
144,4080,0,16,0.944
144,4088,4080,16,0.846
144,4064,0,16,0.938
144,4048,0,16,0.943
144,4072,4048,16,0.939
144,4032,0,16,0.941
144,4016,0,16,0.928
144,4056,4016,16,0.937
144,4000,0,16,0.942
144,3984,0,16,0.934
144,4040,3984,16,0.936
145,0,0,17,0.943
145,17,0,17,0.939
145,2048,2047,17,0.843
145,2047,2048,17,0.782
145,4079,0,17,0.805
145,4080,0,17,0.94
145,4088,4080,17,0.865
145,4064,0,17,0.944
145,4048,0,17,0.942
145,4072,4048,17,0.938
145,4032,0,17,0.942
145,4016,0,17,0.94
145,4056,4016,17,0.938
145,4000,0,17,0.943
145,3984,0,17,0.938
145,4040,3984,17,0.935
146,0,0,18,0.936
146,18,0,18,0.938
146,2048,2047,18,0.872
146,2047,2048,18,0.787
146,4078,0,18,0.798
146,4080,0,18,0.937
146,4088,4080,18,0.859
146,4064,0,18,0.942
146,4048,0,18,0.943
146,4072,4048,18,0.937
146,4032,0,18,0.942
146,4016,0,18,0.933
146,4056,4016,18,0.935
146,4000,0,18,0.94
146,3984,0,18,0.938
146,4040,3984,18,0.935
147,0,0,19,0.944
147,19,0,19,0.935
147,2048,2047,19,0.875
147,2047,2048,19,0.783
147,4077,0,19,0.798
147,4080,0,19,0.943
147,4088,4080,19,0.853
147,4064,0,19,0.937
147,4048,0,19,0.941
147,4072,4048,19,0.935
147,4032,0,19,0.943
147,4016,0,19,0.935
147,4056,4016,19,0.938
147,4000,0,19,0.942
147,3984,0,19,0.932
147,4040,3984,19,0.936
148,0,0,20,0.932
148,20,0,20,0.938
148,2048,2047,20,0.873
148,2047,2048,20,0.785
148,4076,0,20,0.801
148,4080,0,20,0.945
148,4088,4080,20,0.85
148,4064,0,20,0.944
148,4048,0,20,0.941
148,4072,4048,20,0.935
148,4032,0,20,0.944
148,4016,0,20,0.933
148,4056,4016,20,0.94
148,4000,0,20,0.938
148,3984,0,20,0.935
148,4040,3984,20,0.936
149,0,0,21,0.943
149,21,0,21,0.936
149,2048,2047,21,0.872
149,2047,2048,21,0.779
149,4075,0,21,0.8
149,4080,0,21,0.941
149,4088,4080,21,0.848
149,4064,0,21,0.945
149,4048,0,21,0.945
149,4072,4048,21,0.935
149,4032,0,21,0.945
149,4016,0,21,0.938
149,4056,4016,21,0.939
149,4000,0,21,0.941
149,3984,0,21,0.931
149,4040,3984,21,0.936
150,0,0,22,0.942
150,22,0,22,0.938
150,2048,2047,22,0.873
150,2047,2048,22,0.785
150,4074,0,22,0.799
150,4080,0,22,0.945
150,4088,4080,22,0.851
150,4064,0,22,0.94
150,4048,0,22,0.941
150,4072,4048,22,0.932
150,4032,0,22,0.944
150,4016,0,22,0.935
150,4056,4016,22,0.937
150,4000,0,22,0.942
150,3984,0,22,0.943
150,4040,3984,22,0.939
151,0,0,23,0.93
151,23,0,23,0.938
151,2048,2047,23,0.875
151,2047,2048,23,0.786
151,4073,0,23,0.798
151,4080,0,23,0.941
151,4088,4080,23,0.851
151,4064,0,23,0.941
151,4048,0,23,0.942
151,4072,4048,23,0.936
151,4032,0,23,0.942
151,4016,0,23,0.933
151,4056,4016,23,0.936
151,4000,0,23,0.944
151,3984,0,23,0.935
151,4040,3984,23,0.935
152,0,0,24,0.935
152,24,0,24,0.801
152,2048,2047,24,0.869
152,2047,2048,24,0.782
152,4072,0,24,0.8
152,4080,0,24,0.943
152,4088,4080,24,0.836
152,4064,0,24,0.941
152,4048,0,24,0.943
152,4032,0,24,0.944
152,4016,0,24,0.935
152,4056,4016,24,0.797
152,4000,0,24,0.938
152,3984,0,24,0.941
152,4040,3984,24,0.798
153,0,0,25,0.937
153,25,0,25,0.798
153,2048,2047,25,0.865
153,2047,2048,25,0.781
153,4071,0,25,0.799
153,4080,0,25,0.944
153,4088,4080,25,0.834
153,4064,0,25,0.942
153,4048,0,25,0.945
153,4072,4048,25,0.799
153,4032,0,25,0.945
153,4016,0,25,0.94
153,4056,4016,25,0.799
153,4000,0,25,0.946
153,3984,0,25,0.939
153,4040,3984,25,0.8
154,0,0,26,0.933
154,26,0,26,0.799
154,2048,2047,26,0.872
154,2047,2048,26,0.782
154,4070,0,26,0.799
154,4080,0,26,0.943
154,4088,4080,26,0.83
154,4064,0,26,0.94
154,4048,0,26,0.943
154,4072,4048,26,0.8
154,4032,0,26,0.941
154,4016,0,26,0.936
154,4056,4016,26,0.8
154,4000,0,26,0.944
154,3984,0,26,0.936
154,4040,3984,26,0.798
155,0,0,27,0.935
155,27,0,27,0.799
155,2048,2047,27,0.874
155,2047,2048,27,0.78
155,4069,0,27,0.8
155,4080,0,27,0.942
155,4088,4080,27,0.832
155,4064,0,27,0.941
155,4048,0,27,0.945
155,4072,4048,27,0.798
155,4032,0,27,0.943
155,4016,0,27,0.94
155,4056,4016,27,0.799
155,4000,0,27,0.938
155,3984,0,27,0.941
155,4040,3984,27,0.799
156,0,0,28,0.94
156,28,0,28,0.799
156,2048,2047,28,0.875
156,2047,2048,28,0.784
156,4068,0,28,0.798
156,4080,0,28,0.941
156,4088,4080,28,0.823
156,4064,0,28,0.941
156,4048,0,28,0.94
156,4072,4048,28,0.8
156,4032,0,28,0.943
156,4016,0,28,0.936
156,4056,4016,28,0.797
156,4000,0,28,0.941
156,3984,0,28,0.937
156,4040,3984,28,0.8
157,0,0,29,0.93
157,29,0,29,0.8
157,2048,2047,29,0.874
157,2047,2048,29,0.781
157,4067,0,29,0.8
157,4080,0,29,0.939
157,4088,4080,29,0.832
157,4064,0,29,0.943
157,4048,0,29,0.944
157,4072,4048,29,0.799
157,4032,0,29,0.943
157,4016,0,29,0.937
157,4056,4016,29,0.8
157,4000,0,29,0.942
157,3984,0,29,0.939
157,4040,3984,29,0.8
158,0,0,30,0.945
158,30,0,30,0.8
158,2048,2047,30,0.868
158,2047,2048,30,0.783
158,4066,0,30,0.799
158,4080,0,30,0.938
158,4088,4080,30,0.836
158,4064,0,30,0.934
158,4048,0,30,0.941
158,4072,4048,30,0.799
158,4032,0,30,0.94
158,4016,0,30,0.937
158,4056,4016,30,0.798
158,4000,0,30,0.94
158,3984,0,30,0.935
158,4040,3984,30,0.799
159,0,0,31,0.943
159,31,0,31,0.798
159,2048,2047,31,0.872
159,2047,2048,31,0.781
159,4065,0,31,0.797
159,4080,0,31,0.94
159,4088,4080,31,0.833
159,4064,0,31,0.938
159,4048,0,31,0.945
159,4072,4048,31,0.798
159,4032,0,31,0.943
159,4016,0,31,0.932
159,4056,4016,31,0.8
159,4000,0,31,0.94
159,3984,0,31,0.933
159,4040,3984,31,0.798
160,0,0,32,0.839
160,32,0,32,0.85
160,2048,2047,32,0.871
160,2047,2048,32,0.783
160,4064,0,32,0.841
160,4080,0,32,0.839
160,4088,4080,32,0.827
160,4048,0,32,0.841
160,4072,4048,32,0.8
160,4032,0,32,0.839
160,4016,0,32,0.847
160,4056,4016,32,0.8
160,4000,0,32,0.838
160,3984,0,32,0.844
160,4040,3984,32,0.799
168,0,0,40,0.839
168,40,0,40,0.772
168,2048,2047,40,0.822
168,2047,2048,40,0.784
168,4056,0,40,0.771
168,4080,0,40,0.84
168,4088,4080,40,0.841
168,4064,0,40,0.839
168,4048,0,40,0.84
168,4072,4048,40,0.811
168,4032,0,40,0.838
168,4016,0,40,0.852
168,4000,0,40,0.839
168,3984,0,40,0.841
168,4040,3984,40,0.769
176,0,0,48,0.798
176,48,0,48,0.792
176,2048,2047,48,0.856
176,2047,2048,48,0.782
176,4048,0,48,0.792
176,4080,0,48,0.791
176,4088,4080,48,0.855
176,4064,0,48,0.792
176,4072,4048,48,0.804
176,4032,0,48,0.793
176,4016,0,48,0.794
176,4056,4016,48,0.77
176,4000,0,48,0.793
176,3984,0,48,0.793
176,4040,3984,48,0.772
184,0,0,56,0.795
184,56,0,56,0.782
184,2048,2047,56,0.813
184,2047,2048,56,0.757
184,4040,0,56,0.768
184,4080,0,56,0.793
184,4088,4080,56,0.833
184,4064,0,56,0.793
184,4048,0,56,0.789
184,4072,4048,56,0.788
184,4032,0,56,0.792
184,4016,0,56,0.793
184,4056,4016,56,0.768
184,4000,0,56,0.794
184,3984,0,56,0.795
192,0,0,64,0.817
192,64,0,64,0.864
192,2048,2047,64,0.825
192,2047,2048,64,0.759
192,4032,0,64,0.815
192,4080,0,64,0.829
192,4088,4080,64,0.844
192,4064,0,64,0.822
192,4048,0,64,0.827
192,4072,4048,64,0.789
192,4016,0,64,0.845
192,4056,4016,64,0.769
192,4000,0,64,0.827
192,3984,0,64,0.847
192,4040,3984,64,0.769
200,0,0,72,0.815
200,72,0,72,0.766
200,2048,2047,72,0.795
200,2047,2048,72,0.768
200,4024,0,72,0.783
200,4080,0,72,0.826
200,4088,4080,72,0.849
200,4064,0,72,0.818
200,4048,0,72,0.829
200,4072,4048,72,0.793
200,4032,0,72,0.815
200,4016,0,72,0.841
200,4056,4016,72,0.792
200,4000,0,72,0.827
200,3984,0,72,0.848
200,4040,3984,72,0.767
208,0,0,80,0.839
208,80,0,80,0.899
208,2048,2047,80,0.801
208,2047,2048,80,0.766
208,4016,0,80,0.835
208,4080,0,80,0.836
208,4088,4080,80,0.848
208,4064,0,80,0.837
208,4048,0,80,0.835
208,4072,4048,80,0.792
208,4032,0,80,0.838
208,4056,4016,80,0.797
208,4000,0,80,0.843
208,3984,0,80,0.868
208,4040,3984,80,0.756
216,0,0,88,0.836
216,88,0,88,0.772
216,2048,2047,88,0.793
216,2047,2048,88,0.756
216,4008,0,88,0.779
216,4080,0,88,0.839
216,4088,4080,88,0.842
216,4064,0,88,0.836
216,4048,0,88,0.839
216,4072,4048,88,0.785
216,4032,0,88,0.837
216,4016,0,88,0.854
216,4056,4016,88,0.781
216,4000,0,88,0.838
216,3984,0,88,0.866
216,4040,3984,88,0.743
224,0,0,96,0.86
224,96,0,96,0.857
224,2048,2047,96,0.802
224,2047,2048,96,0.759
224,4000,0,96,0.859
224,4080,0,96,0.857
224,4088,4080,96,0.848
224,4064,0,96,0.86
224,4048,0,96,0.859
224,4072,4048,96,0.781
224,4032,0,96,0.859
224,4016,0,96,0.854
224,4056,4016,96,0.778
224,3984,0,96,0.86
224,4040,3984,96,0.757
232,0,0,104,0.86
232,104,0,104,0.779
232,2048,2047,104,0.788
232,2047,2048,104,0.756
232,3992,0,104,0.78
232,4080,0,104,0.859
232,4088,4080,104,0.897
232,4064,0,104,0.859
232,4048,0,104,0.858
232,4072,4048,104,0.782
232,4032,0,104,0.856
232,4016,0,104,0.854
232,4056,4016,104,0.781
232,4000,0,104,0.857
232,3984,0,104,0.858
232,4040,3984,104,0.789
240,0,0,112,0.892
240,112,0,112,0.885
240,2048,2047,112,0.796
240,2047,2048,112,0.759
240,3984,0,112,0.89
240,4080,0,112,0.89
240,4088,4080,112,0.885
240,4064,0,112,0.892
240,4048,0,112,0.891
240,4072,4048,112,0.771
240,4032,0,112,0.891
240,4016,0,112,0.886
240,4056,4016,112,0.775
240,4000,0,112,0.89
240,4040,3984,112,0.788
248,0,0,120,0.892
248,120,0,120,0.784
248,2048,2047,120,0.799
248,2047,2048,120,0.754
248,3976,0,120,0.772
248,4080,0,120,0.891
248,4088,4080,120,0.858
248,4064,0,120,0.891
248,4048,0,120,0.891
248,4072,4048,120,0.78
248,4032,0,120,0.891
248,4016,0,120,0.888
248,4056,4016,120,0.778
248,4000,0,120,0.89
248,3984,0,120,0.885
248,4040,3984,120,0.796
256,0,0,128,0.901
256,128,0,128,0.89
256,2048,2047,128,0.801
256,2047,2048,128,0.756
256,3968,0,128,0.894
256,4080,0,128,0.897
256,4088,4080,128,0.863
256,4064,0,128,0.901
256,4048,0,128,0.899
256,4072,4048,128,0.789
256,4032,0,128,0.897
256,4016,0,128,0.893
256,4056,4016,128,0.785
256,4000,0,128,0.895
256,3984,0,128,0.892
256,4040,3984,128,0.787
264,0,0,136,0.9
264,136,0,136,0.772
264,2048,2047,136,0.799
264,2047,2048,136,0.77
264,3960,0,136,0.81
264,4080,0,136,0.896
264,4088,4080,136,0.886
264,4064,0,136,0.901
264,4048,0,136,0.9
264,4072,4048,136,0.8
264,4032,0,136,0.897
264,4016,0,136,0.894
264,4056,4016,136,0.805
264,4000,0,136,0.897
264,3984,0,136,0.893
264,4040,3984,136,0.784
272,0,0,144,0.924
272,144,0,144,0.915
272,2048,2047,144,0.81
272,2047,2048,144,0.769
272,3952,0,144,0.922
272,4080,0,144,0.923
272,4088,4080,144,0.889
272,4064,0,144,0.924
272,4048,0,144,0.922
272,4072,4048,144,0.789
272,4032,0,144,0.922
272,4016,0,144,0.921
272,4056,4016,144,0.79
272,4000,0,144,0.924
272,3984,0,144,0.92
272,4040,3984,144,0.787
280,0,0,152,0.924
280,152,0,152,0.794
280,2048,2047,152,0.816
280,2047,2048,152,0.773
280,3944,0,152,0.795
280,4080,0,152,0.923
280,4088,4080,152,0.876
280,4064,0,152,0.924
280,4048,0,152,0.925
280,4072,4048,152,0.792
280,4032,0,152,0.924
280,4016,0,152,0.923
280,4056,4016,152,0.805
280,4000,0,152,0.924
280,3984,0,152,0.92
280,4040,3984,152,0.8
288,0,0,160,0.934
288,160,0,160,0.924
288,2048,2047,160,0.82
288,2047,2048,160,0.773
288,3936,0,160,0.916
288,4080,0,160,0.93
288,4088,4080,160,0.892
288,4064,0,160,0.935
288,4048,0,160,0.929
288,4072,4048,160,0.805
288,4032,0,160,0.931
288,4016,0,160,0.921
288,4056,4016,160,0.792
288,4000,0,160,0.931
288,3984,0,160,0.918
288,4040,3984,160,0.799
320,0,0,192,0.967
320,192,0,192,0.957
320,2048,2047,192,0.828
320,2047,2048,192,0.784
320,3904,0,192,0.948
320,4080,0,192,0.962
320,4088,4080,192,0.873
320,4064,0,192,0.966
320,4048,0,192,0.965
320,4072,4048,192,0.814
320,4032,0,192,0.964
320,4016,0,192,0.95
320,4056,4016,192,0.815
320,4000,0,192,0.963
320,3984,0,192,0.957
320,4040,3984,192,0.812
352,0,0,224,0.969
352,224,0,224,0.956
352,2048,2047,224,0.833
352,2047,2048,224,0.795
352,3872,0,224,1.021
352,4080,0,224,0.97
352,4088,4080,224,0.903
352,4064,0,224,0.974
352,4048,0,224,0.975
352,4072,4048,224,0.827
352,4032,0,224,0.968
352,4016,0,224,0.993
352,4056,4016,224,0.813
352,4000,0,224,0.975
352,3984,0,224,0.997
352,4040,3984,224,0.816
384,0,0,256,0.927
384,256,0,256,0.922
384,2048,2047,256,0.832
384,2047,2048,256,0.801
384,3840,0,256,0.926
384,4080,0,256,0.931
384,4088,4080,256,0.893
384,4064,0,256,0.931
384,4048,0,256,0.937
384,4072,4048,256,0.828
384,4032,0,256,0.933
384,4016,0,256,0.926
384,4056,4016,256,0.821
384,4000,0,256,0.936
384,3984,0,256,0.919
384,4040,3984,256,0.824
640,0,0,512,1.027
640,512,0,512,1.094
640,2048,2047,512,0.885
640,2047,2048,512,0.723
640,3584,0,512,1.037
640,4080,0,512,1.04
640,4088,4080,512,0.908
640,4064,0,512,1.038
640,4048,0,512,1.038
640,4072,4048,512,0.837
640,4032,0,512,1.039
640,4016,0,512,1.04
640,4056,4016,512,0.836
640,4000,0,512,1.042
640,3984,0,512,1.035
640,4040,3984,512,0.839
1152,0,0,1024,0.935
1152,1024,0,1024,1.078
1152,2048,2047,1024,0.876
1152,2047,2048,1024,0.885
1152,3072,0,1024,1.058
1152,4080,0,1024,0.886
1152,4088,4080,1024,0.913
1152,4064,0,1024,0.902
1152,4048,0,1024,0.888
1152,4072,4048,1024,0.888
1152,4032,0,1024,0.881
1152,4016,0,1024,0.909
1152,4056,4016,1024,0.892
1152,4000,0,1024,0.897
1152,3984,0,1024,0.907
1152,4040,3984,1024,0.895
2176,0,0,2048,1.141
2176,2048,0,2048,1.108
2176,2047,2048,2048,0.857
2176,4080,0,2048,1.136
2176,4088,4080,2048,0.89
2176,4064,0,2048,1.137
2176,4048,0,2048,1.137
2176,4072,4048,2048,0.874
2176,4032,0,2048,1.132
2176,4016,0,2048,1.131
2176,4056,4016,2048,0.869
2176,4000,0,2048,1.132
2176,3984,0,2048,1.125
2176,4040,3984,2048,0.876
4224,0,0,4096,1.159
4224,2048,2047,4096,0.869
4224,2047,2048,4096,0.871
32,0,0,16,0.943
32,7,2,16,0.933
32,2,1,16,0.936
64,0,0,32,0.841
64,6,4,32,0.804
64,4,2,32,0.807
128,5,6,64,0.84
128,6,3,64,0.782
256,4,8,128,0.802
256,8,4,128,0.77
512,0,0,256,0.936
512,3,10,256,0.822
512,10,5,256,0.807
1024,0,0,512,1.03
1024,2,12,512,0.833
1024,12,6,512,0.829
2048,0,0,1024,0.952
2048,1,14,1024,0.884
2048,14,7,1024,0.886
20,4,0,21,0.926
20,0,4,21,0.908
24,8,0,25,0.942
24,0,8,25,0.922
16,0,0,17,0.995
16,0,0,15,0.949
15,0,0,16,1.071
15,0,0,14,0.938
14,0,0,15,1.134
14,0,0,13,0.945
13,0,0,14,1.124
13,0,0,12,0.941
12,0,0,13,1.132
12,0,0,11,0.94
11,0,0,12,1.127
11,0,0,10,0.94
10,0,0,11,1.13
10,0,0,9,0.947
9,0,0,10,1.139
99,8063,8063,128,0.944
99,8062,8063,129,0.943
100,8062,8062,129,0.945
100,8061,8062,130,0.939
101,8061,8061,130,0.947
101,8060,8061,131,0.943
102,8060,8060,131,0.938
102,8059,8060,132,0.945
103,8059,8059,132,0.934
103,8058,8059,133,0.94
104,8058,8058,133,0.944
104,8057,8058,134,0.941
105,8057,8057,134,0.943
105,8056,8057,135,0.941
106,8056,8056,135,0.939
106,8055,8056,136,0.944
107,8055,8055,136,0.94
107,8054,8055,137,0.947
108,8054,8054,137,0.944
108,8053,8054,138,0.951
109,8053,8053,138,0.939
109,8052,8053,139,0.948
110,8052,8052,139,0.943
110,8051,8052,140,0.946
111,8051,8051,140,0.942
111,8050,8051,141,0.937
112,8050,8050,141,0.942
112,8049,8050,142,0.941
113,8049,8049,142,0.941
113,8048,8049,143,0.923
114,8048,8048,143,0.918
114,8047,8048,144,0.905
115,8047,8047,144,0.907
115,8046,8047,145,0.912
116,8046,8046,145,0.904
116,8045,8046,146,0.909
117,8045,8045,146,0.9
117,8044,8045,147,0.908
118,8044,8044,147,0.903
118,8043,8044,148,0.909
119,8043,8043,148,0.902
119,8042,8043,149,0.9
120,8042,8042,149,0.907
120,8041,8042,150,0.904
121,8041,8041,150,0.918
121,8040,8041,151,0.907
122,8040,8040,151,0.908
122,8039,8040,152,0.917
123,8039,8039,152,0.913
123,8038,8039,153,0.903
124,8038,8038,153,0.905
124,8037,8038,154,0.904
125,8037,8037,154,0.91
125,8036,8037,155,0.905
126,8036,8036,155,0.91
126,8035,8036,156,0.911
127,8035,8035,156,0.906
127,8034,8035,157,0.905
128,8034,8034,157,0.91
128,8033,8034,158,0.903
8192,8084,6732,108,0.857
8192,8085,6732,107,0.858
8192,8086,6732,106,0.851
8192,8087,6732,105,0.861
8192,8088,6732,104,0.87
8192,8089,6732,103,0.859
8192,8090,6732,102,0.852
8192,8091,6732,101,0.862
8192,8092,6732,100,0.896
8192,8093,6732,99,0.861
8192,8094,6732,98,0.859
8192,8095,6732,97,0.855
8192,8096,6732,96,0.87
8192,8097,6732,95,0.841
8192,8098,6732,94,0.842
8192,8099,6732,93,0.862
8192,8100,6732,92,0.873
8192,8101,6732,91,0.845
8192,8102,6732,90,0.843
8192,8103,6732,89,0.849
8192,8104,6732,88,0.873
8192,8105,6732,87,0.852
8192,8106,6732,86,0.844
8192,8107,6732,85,0.85
8192,8108,6732,84,0.881
8192,8109,6732,83,0.867
8192,8110,6732,82,0.849
8192,8111,6732,81,0.852
8192,8112,6732,80,0.88
8192,8113,6732,79,0.872
8192,8114,6732,78,0.87
8192,8115,6732,77,0.889
8192,8116,6732,76,0.91
8192,8117,6732,75,0.878
8192,8118,6732,74,0.869
8192,8119,6732,73,0.886
8192,8120,6732,72,0.903
8192,8121,6732,71,0.874
8192,8122,6732,70,0.871
8192,8123,6732,69,0.874
8192,8124,6732,68,0.941
8192,8125,6732,67,0.894
8192,8126,6732,66,0.875
8192,8127,6732,65,0.88
8192,8128,6732,64,0.919
8192,8129,6732,63,0.887
8192,8130,6732,62,0.867
8192,8131,6732,61,0.897
8192,8132,6732,60,0.918
8192,8133,6732,59,0.891
8192,8134,6732,58,0.883
8192,8135,6732,57,0.885
8192,8136,6732,56,0.913
8192,8137,6732,55,0.884
8192,8138,6732,54,0.875
8192,8139,6732,53,0.887
8192,8140,6732,52,0.851
8192,8141,6732,51,0.908
8192,8142,6732,50,0.88
8192,8143,6732,49,0.88
8192,8144,6732,48,0.932
8192,8145,6732,47,0.923
8192,8146,6732,46,0.924
8192,8147,6732,45,0.932
8192,8148,6732,44,0.923
8192,8149,6732,43,0.926
8192,8150,6732,42,0.923
8192,8151,6732,41,0.927
8192,8152,6732,40,0.927
8192,8153,6732,39,0.928
8192,8154,6732,38,0.927
8192,8155,6732,37,0.933
8192,8156,6732,36,0.862
8192,8157,6732,35,0.917
8192,8158,6732,34,0.915
8192,8159,6732,33,0.915
8192,8160,6732,32,0.977
8192,8161,6732,31,0.978
8192,8162,6732,30,0.958
8192,8163,6732,29,0.957
8192,8164,6732,28,0.96
8192,8165,6732,27,0.957
8192,8166,6732,26,0.957
8192,8167,6732,25,0.96
8192,8168,6732,24,0.963
8192,8169,6732,23,0.954
8192,8170,6732,22,0.96
8192,8171,6732,21,0.952
8192,8172,6732,20,0.935
8192,8173,6732,19,0.94
8192,8174,6732,18,0.939
8192,8175,6732,17,0.934
8192,8176,6732,16,0.927
8192,8177,6732,15,1.009
8192,8178,6732,14,1.002
8192,8179,6732,13,0.994
8192,8180,6732,12,1.035
8192,8181,6732,11,1.029
8192,8182,6732,10,0.998
8192,8183,6732,9,1.002
8192,8184,6732,8,1.032
8192,8185,6732,7,1.011
8192,8186,6732,6,0.998
8192,8187,6732,5,0.983
8192,8188,6732,4,1.051
8192,8189,6732,3,1.005
8192,8190,6732,2,1.007
8192,8191,6732,1,1.003
