Geometric mean of N = 30 runs.
Benchmarked on Tigerlake: https://ark.intel.com/content/www/us/en/ark/products/208921/intel-core-i71165g7-processor-12m-cache-up-to-4-70-ghz-with-ipu.html

Aggregate Geometric Mean of New / Old: 0.9674465599435252

Results For: memchr
 len, align,  pos, seek_char, invert_pos, New / Old
2048,     0,   32,        23,          0,     0.949
 256,     1,   64,        23,          0,     0.978
2048,     0,   32,         0,          0,      0.92
 256,     1,   64,         0,          0,     1.022
 256,  4081,   64,         0,          0,     1.037
2048,     0,   64,        23,          0,     1.048
 256,     2,   64,        23,          0,     1.028
2048,     0,   64,         0,          0,     1.011
 256,     2,   64,         0,          0,     1.036
2048,     0,  128,        23,          0,      1.01
 256,     3,   64,        23,          0,     1.016
2048,     0,  128,         0,          0,     1.006
 256,     3,   64,         0,          0,     1.017
2048,     0,  256,        23,          0,     1.008
 256,     4,   64,        23,          0,     0.999
2048,     0,  256,         0,          0,     1.015
 256,     4,   64,         0,          0,     0.985
2048,     0,  512,        23,          0,     1.008
 256,     5,   64,        23,          0,     0.993
2048,     0,  512,         0,          0,     1.007
 256,     5,   64,         0,          0,     1.031
2048,     0, 1024,        23,          0,     1.014
 256,     6,   64,        23,          0,     0.998
2048,     0, 1024,         0,          0,     1.013
 256,     6,   64,         0,          0,     1.004
2048,     0, 2048,        23,          0,     1.004
 256,     7,   64,        23,          0,     1.027
2048,     0, 2048,         0,          0,     1.005
 256,     7,   64,         0,          0,     0.999
 192,     1,   32,        23,          0,     0.949
 192,     1,   32,         0,          0,     0.952
 256,     1,   32,        23,          0,     0.958
 256,     1,   32,         0,          0,     0.961
 512,     1,   32,        23,          0,     0.943
 512,     1,   32,         0,          0,     0.937
 256,  4081,   32,        23,          0,     0.993
 192,     2,   64,        23,          0,     0.996
 192,     2,   64,         0,          0,     1.012
 512,     2,   64,        23,          0,     1.023
 512,     2,   64,         0,          0,     1.036
 256,  4081,   64,        23,          0,     1.029
 192,     3,   96,        23,          0,     1.008
 192,     3,   96,         0,          0,     1.006
 256,     3,   96,        23,          0,       1.0
 256,     3,   96,         0,          0,     0.998
 512,     3,   96,        23,          0,     1.014
 512,     3,   96,         0,          0,      1.01
 256,  4081,   96,        23,          0,     1.056
 192,     4,  128,        23,          0,     1.006
 192,     4,  128,         0,          0,     1.021
 256,     4,  128,        23,          0,     1.012
 256,     4,  128,         0,          0,     1.005
 512,     4,  128,        23,          0,     1.011
 512,     4,  128,         0,          0,     1.018
 256,  4081,  128,        23,          0,     1.027
 192,     5,  160,        23,          0,     1.001
 192,     5,  160,         0,          0,      1.02
 256,     5,  160,        23,          0,     1.021
 256,     5,  160,         0,          0,     1.015
 512,     5,  160,        23,          0,      1.02
 512,     5,  160,         0,          0,     1.021
 256,  4081,  160,        23,          0,     1.023
 192,     6,  192,        23,          0,     1.008
 192,     6,  192,         0,          0,     1.003
 256,     6,  192,        23,          0,     1.004
 256,     6,  192,         0,          0,     0.997
 512,     6,  192,        23,          0,      1.02
 512,     6,  192,         0,          0,     1.023
 256,  4081,  192,        23,          0,     1.023
 192,     7,  224,        23,          0,     1.006
 192,     7,  224,         0,          0,     1.004
 256,     7,  224,        23,          0,     1.023
 256,     7,  224,         0,          0,     1.016
 512,     7,  224,        23,          0,     1.022
 512,     7,  224,         0,          0,     1.019
 256,  4081,  224,        23,          0,     1.021
   2,     0,    1,        23,          0,     0.859
   2,     0,    1,         0,          0,     0.879
   2,     1,    1,        23,          0,     0.846
   2,     1,    1,         0,          0,     0.871
   0,     0,    1,        23,          0,     0.999
   0,     0,    1,         0,          0,     0.999
   0,     1,    1,        23,          0,     0.999
   0,     1,    1,         0,          0,     0.999
   2,  2048,    1,        23,          0,     0.864
   2,  2048,    1,         0,          0,     0.852
   2,  2049,    1,        23,          0,     0.872
   2,  2049,    1,         0,          0,     0.846
   0,  2048,    1,        23,          0,     0.995
   0,  2048,    1,         0,          0,     0.994
   0,  2049,    1,        23,          0,     0.996
   0,  2049,    1,         0,          0,     0.996
   0,  4081,    1,        23,          0,     0.995
   0,  4081,    1,         0,          0,     0.996
   2,  4081,    1,        23,          0,     0.996
   2,  4081,    1,         0,          0,     0.996
   3,     0,    2,        23,          0,     0.919
   3,     0,    2,         0,          0,     0.883
   3,     2,    2,        23,          0,     0.868
   3,     2,    2,         0,          0,      0.85
   1,     0,    2,        23,          0,     1.001
   1,     0,    2,         0,          0,     1.001
   1,     2,    2,        23,          0,       1.0
   1,     2,    2,         0,          0,       1.0
   3,  2048,    2,        23,          0,     0.887
   3,  2048,    2,         0,          0,     0.894
   3,  2050,    2,        23,          0,     0.844
   3,  2050,    2,         0,          0,     0.863
   1,  2048,    2,        23,          0,     1.001
   1,  2048,    2,         0,          0,     1.003
   1,  2050,    2,        23,          0,     1.006
   1,  2050,    2,         0,          0,     0.999
   1,  4081,    2,        23,          0,     1.139
   1,  4081,    2,         0,          0,     1.141
   3,  4081,    2,        23,          0,     0.995
   3,  4081,    2,         0,          0,     1.002
   4,     0,    3,        23,          0,     0.844
   4,     0,    3,         0,          0,     0.918
   4,     3,    3,        23,          0,     0.925
   4,     3,    3,         0,          0,     0.868
   2,     0,    3,        23,          0,     0.999
   2,     0,    3,         0,          0,     0.998
   2,     3,    3,        23,          0,     0.996
   2,     3,    3,         0,          0,     0.994
   4,  2048,    3,        23,          0,     0.858
   4,  2048,    3,         0,          0,     0.891
   4,  2051,    3,        23,          0,     0.911
   4,  2051,    3,         0,          0,     0.864
   2,  2048,    3,        23,          0,     0.997
   2,  2048,    3,         0,          0,     0.998
   2,  2051,    3,        23,          0,     0.999
   2,  2051,    3,         0,          0,     0.999
   2,  4081,    3,        23,          0,     1.136
   2,  4081,    3,         0,          0,     1.139
   4,  4081,    3,        23,          0,       1.0
   4,  4081,    3,         0,          0,     0.998
   5,     0,    4,        23,          0,     0.875
   5,     0,    4,         0,          0,     0.858
   5,     4,    4,        23,          0,     0.887
   5,     4,    4,         0,          0,     0.913
   3,     0,    4,        23,          0,     1.001
   3,     0,    4,         0,          0,       1.0
   3,     4,    4,        23,          0,     1.002
   3,     4,    4,         0,          0,       1.0
   5,  2048,    4,        23,          0,     0.883
   5,  2048,    4,         0,          0,     0.906
   5,  2052,    4,        23,          0,      0.88
   5,  2052,    4,         0,          0,     0.881
   3,  2048,    4,        23,          0,     0.999
   3,  2048,    4,         0,          0,       1.0
   3,  2052,    4,        23,          0,     0.999
   3,  2052,    4,         0,          0,     0.999
   3,  4081,    4,        23,          0,     1.145
   3,  4081,    4,         0,          0,     1.139
   5,  4081,    4,        23,          0,     0.995
   5,  4081,    4,         0,          0,     0.997
   6,     0,    5,        23,          0,     0.878
   6,     0,    5,         0,          0,     0.891
   6,     5,    5,        23,          0,     0.901
   6,     5,    5,         0,          0,     0.882
   4,     0,    5,        23,          0,     1.003
   4,     0,    5,         0,          0,       1.0
   4,     5,    5,        23,          0,     0.999
   4,     5,    5,         0,          0,     0.999
   6,  2048,    5,        23,          0,     0.878
   6,  2048,    5,         0,          0,     0.878
   6,  2053,    5,        23,          0,      0.87
   6,  2053,    5,         0,          0,     0.907
   4,  2048,    5,        23,          0,       1.0
   4,  2048,    5,         0,          0,     1.002
   4,  2053,    5,        23,          0,     1.002
   4,  2053,    5,         0,          0,       1.0
   4,  4081,    5,        23,          0,     1.143
   4,  4081,    5,         0,          0,     1.143
   6,  4081,    5,        23,          0,     0.997
   6,  4081,    5,         0,          0,       1.0
   7,     0,    6,        23,          0,     0.887
   7,     0,    6,         0,          0,     0.855
   7,     6,    6,        23,          0,     0.903
   7,     6,    6,         0,          0,     0.898
   5,     0,    6,        23,          0,     0.999
   5,     0,    6,         0,          0,     1.002
   5,     6,    6,        23,          0,     1.001
   5,     6,    6,         0,          0,     0.996
   7,  2048,    6,        23,          0,     0.866
   7,  2048,    6,         0,          0,     0.884
   7,  2054,    6,        23,          0,     0.912
   7,  2054,    6,         0,          0,     0.899
   5,  2048,    6,        23,          0,     0.998
   5,  2048,    6,         0,          0,       1.0
   5,  2054,    6,        23,          0,     0.998
   5,  2054,    6,         0,          0,     1.001
   5,  4081,    6,        23,          0,     1.142
   5,  4081,    6,         0,          0,     1.145
   7,  4081,    6,        23,          0,     1.009
   7,  4081,    6,         0,          0,     1.005
   8,     0,    7,        23,          0,     0.845
   8,     0,    7,         0,          0,     0.867
   8,     7,    7,        23,          0,     0.864
   8,     7,    7,         0,          0,     0.875
   6,     0,    7,        23,          0,       1.0
   6,     0,    7,         0,          0,     0.997
   6,     7,    7,        23,          0,       1.0
   6,     7,    7,         0,          0,     1.001
   8,  2048,    7,        23,          0,     0.896
   8,  2048,    7,         0,          0,     0.878
   8,  2055,    7,        23,          0,     0.864
   8,  2055,    7,         0,          0,     0.937
   6,  2048,    7,        23,          0,       1.0
   6,  2048,    7,         0,          0,       1.0
   6,  2055,    7,        23,          0,     1.002
   6,  2055,    7,         0,          0,     0.998
   6,  4081,    7,        23,          0,     1.136
   6,  4081,    7,         0,          0,     1.136
   8,  4081,    7,        23,          0,     1.001
   8,  4081,    7,         0,          0,     0.998
   9,     0,    8,        23,          0,     0.902
   9,     0,    8,         0,          0,     0.868
   9,     8,    8,        23,          0,     0.874
   9,     8,    8,         0,          0,     0.913
   7,     0,    8,        23,          0,       1.0
   7,     0,    8,         0,          0,     0.998
   7,     8,    8,        23,          0,     1.005
   7,     8,    8,         0,          0,     1.002
   9,  2048,    8,        23,          0,     0.891
   9,  2048,    8,         0,          0,     0.903
   9,  2056,    8,        23,          0,     0.901
   9,  2056,    8,         0,          0,     0.883
   7,  2048,    8,        23,          0,       1.0
   7,  2048,    8,         0,          0,     0.996
   7,  2056,    8,        23,          0,     0.997
   7,  2056,    8,         0,          0,     0.994
   7,  4081,    8,        23,          0,     1.141
   7,  4081,    8,         0,          0,     1.146
   9,  4081,    8,        23,          0,     0.999
   9,  4081,    8,         0,          0,     1.002
  10,     0,    9,        23,          0,     0.885
  10,     0,    9,         0,          0,     0.847
  10,     9,    9,        23,          0,     0.888
  10,     9,    9,         0,          0,     0.863
   8,     0,    9,        23,          0,     1.001
   8,     0,    9,         0,          0,     1.001
   8,     9,    9,        23,          0,     0.998
   8,     9,    9,         0,          0,     1.002
  10,  2048,    9,        23,          0,     0.858
  10,  2048,    9,         0,          0,     0.859
  10,  2057,    9,        23,          0,     0.878
  10,  2057,    9,         0,          0,     0.908
   8,  2048,    9,        23,          0,     0.993
   8,  2048,    9,         0,          0,     0.997
   8,  2057,    9,        23,          0,     1.006
   8,  2057,    9,         0,          0,     1.001
   8,  4081,    9,        23,          0,     1.138
   8,  4081,    9,         0,          0,     1.137
  10,  4081,    9,        23,          0,     0.993
  10,  4081,    9,         0,          0,     0.999
  11,     0,   10,        23,          0,     0.862
  11,     0,   10,         0,          0,     0.913
  11,    10,   10,        23,          0,     0.901
  11,    10,   10,         0,          0,      0.88
   9,     0,   10,        23,          0,     0.998
   9,     0,   10,         0,          0,       1.0
   9,    10,   10,        23,          0,     1.004
   9,    10,   10,         0,          0,     1.005
  11,  2048,   10,        23,          0,     0.902
  11,  2048,   10,         0,          0,     0.944
  11,  2058,   10,        23,          0,      0.92
  11,  2058,   10,         0,          0,     0.891
   9,  2048,   10,        23,          0,     0.998
   9,  2048,   10,         0,          0,     0.995
   9,  2058,   10,        23,          0,     0.998
   9,  2058,   10,         0,          0,     0.998
   9,  4081,   10,        23,          0,     1.137
   9,  4081,   10,         0,          0,     1.143
  11,  4081,   10,        23,          0,     0.996
  11,  4081,   10,         0,          0,     0.992
  12,     0,   11,        23,          0,     0.865
  12,     0,   11,         0,          0,     0.891
  12,    11,   11,        23,          0,     0.907
  12,    11,   11,         0,          0,     0.911
  10,     0,   11,        23,          0,       1.0
  10,     0,   11,         0,          0,     0.998
  10,    11,   11,        23,          0,     0.996
  10,    11,   11,         0,          0,     0.999
  12,  2048,   11,        23,          0,     0.889
  12,  2048,   11,         0,          0,     0.901
  12,  2059,   11,        23,          0,     0.886
  12,  2059,   11,         0,          0,     0.892
  10,  2048,   11,        23,          0,       1.0
  10,  2048,   11,         0,          0,     0.995
  10,  2059,   11,        23,          0,       1.0
  10,  2059,   11,         0,          0,     0.997
  10,  4081,   11,        23,          0,     1.133
  10,  4081,   11,         0,          0,     1.139
  12,  4081,   11,        23,          0,     1.006
  12,  4081,   11,         0,          0,     1.002
  13,     0,   12,        23,          0,     0.889
  13,     0,   12,         0,          0,      0.87
  13,    12,   12,        23,          0,     0.899
  13,    12,   12,         0,          0,     0.885
  11,     0,   12,        23,          0,     1.001
  11,     0,   12,         0,          0,     0.998
  11,    12,   12,        23,          0,      0.99
  11,    12,   12,         0,          0,     0.999
  13,  2048,   12,        23,          0,     0.882
  13,  2048,   12,         0,          0,     0.904
  13,  2060,   12,        23,          0,     0.887
  13,  2060,   12,         0,          0,     0.912
  11,  2048,   12,        23,          0,     1.001
  11,  2048,   12,         0,          0,     1.002
  11,  2060,   12,        23,          0,     0.993
  11,  2060,   12,         0,          0,     0.993
  11,  4081,   12,        23,          0,     1.148
  11,  4081,   12,         0,          0,     1.136
  13,  4081,   12,        23,          0,     1.001
  13,  4081,   12,         0,          0,     1.005
  14,     0,   13,        23,          0,     0.903
  14,     0,   13,         0,          0,     0.867
  14,    13,   13,        23,          0,     0.883
  14,    13,   13,         0,          0,     0.926
  12,     0,   13,        23,          0,       1.0
  12,     0,   13,         0,          0,     1.003
  12,    13,   13,        23,          0,     0.999
  12,    13,   13,         0,          0,     1.005
  14,  2048,   13,        23,          0,     0.869
  14,  2048,   13,         0,          0,     0.867
  14,  2061,   13,        23,          0,     0.912
  14,  2061,   13,         0,          0,       0.9
  12,  2048,   13,        23,          0,     1.006
  12,  2048,   13,         0,          0,     0.996
  12,  2061,   13,        23,          0,     0.996
  12,  2061,   13,         0,          0,       1.0
  12,  4081,   13,        23,          0,     1.139
  12,  4081,   13,         0,          0,     1.143
  14,  4081,   13,        23,          0,     1.002
  14,  4081,   13,         0,          0,     1.003
  15,     0,   14,        23,          0,      0.88
  15,     0,   14,         0,          0,     0.916
  15,    14,   14,        23,          0,     0.913
  15,    14,   14,         0,          0,      0.88
  13,     0,   14,        23,          0,     0.999
  13,     0,   14,         0,          0,     0.998
  13,    14,   14,        23,          0,     1.001
  13,    14,   14,         0,          0,     1.006
  15,  2048,   14,        23,          0,     0.876
  15,  2048,   14,         0,          0,     0.881
  15,  2062,   14,        23,          0,     0.937
  15,  2062,   14,         0,          0,     0.916
  13,  2048,   14,        23,          0,     1.003
  13,  2048,   14,         0,          0,     0.993
  13,  2062,   14,        23,          0,     1.003
  13,  2062,   14,         0,          0,     1.001
  13,  4081,   14,        23,          0,      1.15
  13,  4081,   14,         0,          0,     1.104
  15,  4081,   14,        23,          0,     0.999
  15,  4081,   14,         0,          0,     0.999
  16,     0,   15,        23,          0,     0.883
  16,     0,   15,         0,          0,     0.897
  16,    15,   15,        23,          0,     0.866
  16,    15,   15,         0,          0,     0.908
  14,     0,   15,        23,          0,     0.993
  14,     0,   15,         0,          0,     1.001
  14,    15,   15,        23,          0,     0.998
  14,    15,   15,         0,          0,     0.999
  16,  2048,   15,        23,          0,     0.902
  16,  2048,   15,         0,          0,     0.888
  16,  2063,   15,        23,          0,     0.922
  16,  2063,   15,         0,          0,     0.902
  14,  2048,   15,        23,          0,     0.999
  14,  2048,   15,         0,          0,     0.995
  14,  2063,   15,        23,          0,     0.998
  14,  2063,   15,         0,          0,     1.001
  14,  4081,   15,        23,          0,     1.127
  14,  4081,   15,         0,          0,     1.138
  16,  4081,   15,        23,          0,     1.003
  16,  4081,   15,         0,          0,     1.018
  17,     0,   16,        23,          0,     0.871
  17,     0,   16,         0,          0,     0.892
  17,    16,   16,        23,          0,     0.878
  17,    16,   16,         0,          0,      0.88
  15,     0,   16,        23,          0,     1.006
  15,     0,   16,         0,          0,     1.002
  15,    16,   16,        23,          0,     1.003
  15,    16,   16,         0,          0,     1.005
  17,  2048,   16,        23,          0,     0.889
  17,  2048,   16,         0,          0,     0.895
  17,  2064,   16,        23,          0,      0.87
  17,  2064,   16,         0,          0,     0.871
  15,  2048,   16,        23,          0,     1.003
  15,  2048,   16,         0,          0,     1.006
  15,  2064,   16,        23,          0,     0.999
  15,  2064,   16,         0,          0,       1.0
  15,  4081,   16,        23,          0,     1.134
  15,  4081,   16,         0,          0,     1.132
  17,  4081,   16,        23,          0,     1.016
  17,  4081,   16,         0,          0,     1.044
  18,     0,   17,        23,          0,     0.884
  18,     0,   17,         0,          0,     0.869
  18,    17,   17,        23,          0,     0.901
  18,    17,   17,         0,          0,     0.907
  16,     0,   17,        23,          0,     1.004
  16,     0,   17,         0,          0,     1.001
  16,    17,   17,        23,          0,     1.006
  16,    17,   17,         0,          0,       1.0
  18,  2048,   17,        23,          0,     0.922
  18,  2048,   17,         0,          0,     0.893
  18,  2065,   17,        23,          0,     0.871
  18,  2065,   17,         0,          0,     0.906
  16,  2048,   17,        23,          0,     1.008
  16,  2048,   17,         0,          0,       1.0
  16,  2065,   17,        23,          0,     1.001
  16,  2065,   17,         0,          0,     1.004
  16,  4081,   17,        23,          0,       1.0
  16,  4081,   17,         0,          0,     1.003
  18,  4081,   17,        23,          0,     1.033
  18,  4081,   17,         0,          0,     1.023
  19,     0,   18,        23,          0,     0.882
  19,     0,   18,         0,          0,      0.88
  19,    18,   18,        23,          0,      0.91
  19,    18,   18,         0,          0,     0.877
  17,     0,   18,        23,          0,     1.005
  17,     0,   18,         0,          0,     1.004
  17,    18,   18,        23,          0,     1.002
  17,    18,   18,         0,          0,     1.001
  19,  2048,   18,        23,          0,     0.907
  19,  2048,   18,         0,          0,     0.862
  19,  2066,   18,        23,          0,     0.884
  19,  2066,   18,         0,          0,     0.892
  17,  2048,   18,        23,          0,     1.007
  17,  2048,   18,         0,          0,     1.005
  17,  2066,   18,        23,          0,     0.999
  17,  2066,   18,         0,          0,     1.002
  17,  4081,   18,        23,          0,     0.999
  17,  4081,   18,         0,          0,       1.0
  19,  4081,   18,        23,          0,     1.024
  19,  4081,   18,         0,          0,     1.017
  20,     0,   19,        23,          0,     0.862
  20,     0,   19,         0,          0,     0.914
  20,    19,   19,        23,          0,     0.905
  20,    19,   19,         0,          0,     0.896
  18,     0,   19,        23,          0,     0.997
  18,     0,   19,         0,          0,       1.0
  18,    19,   19,        23,          0,       1.0
  18,    19,   19,         0,          0,     1.003
  20,  2048,   19,        23,          0,     0.886
  20,  2048,   19,         0,          0,     0.867
  20,  2067,   19,        23,          0,     0.876
  20,  2067,   19,         0,          0,     0.865
  18,  2048,   19,        23,          0,     1.006
  18,  2048,   19,         0,          0,     0.997
  18,  2067,   19,        23,          0,     0.999
  18,  2067,   19,         0,          0,     0.999
  18,  4081,   19,        23,          0,     0.997
  18,  4081,   19,         0,          0,     0.998
  20,  4081,   19,        23,          0,     1.023
  20,  4081,   19,         0,          0,     1.019
  21,     0,   20,        23,          0,     0.897
  21,     0,   20,         0,          0,     0.892
  21,    20,   20,        23,          0,     0.917
  21,    20,   20,         0,          0,     0.868
  19,     0,   20,        23,          0,     1.003
  19,     0,   20,         0,          0,     0.999
  19,    20,   20,        23,          0,     0.998
  19,    20,   20,         0,          0,       1.0
  21,  2048,   20,        23,          0,     0.913
  21,  2048,   20,         0,          0,     0.929
  21,  2068,   20,        23,          0,     0.887
  21,  2068,   20,         0,          0,     0.917
  19,  2048,   20,        23,          0,     1.002
  19,  2048,   20,         0,          0,     1.001
  19,  2068,   20,        23,          0,     1.009
  19,  2068,   20,         0,          0,     0.995
  19,  4081,   20,        23,          0,       1.0
  19,  4081,   20,         0,          0,       1.0
  21,  4081,   20,        23,          0,      1.04
  21,  4081,   20,         0,          0,     1.016
  22,     0,   21,        23,          0,       0.9
  22,     0,   21,         0,          0,     0.917
  22,    21,   21,        23,          0,     0.891
  22,    21,   21,         0,          0,     0.916
  20,     0,   21,        23,          0,     1.008
  20,     0,   21,         0,          0,     1.006
  20,    21,   21,        23,          0,     0.994
  20,    21,   21,         0,          0,     1.007
  22,  2048,   21,        23,          0,     0.907
  22,  2048,   21,         0,          0,     0.901
  22,  2069,   21,        23,          0,     0.879
  22,  2069,   21,         0,          0,     0.906
  20,  2048,   21,        23,          0,     1.008
  20,  2048,   21,         0,          0,     0.997
  20,  2069,   21,        23,          0,     1.006
  20,  2069,   21,         0,          0,     1.005
  20,  4081,   21,        23,          0,     1.004
  20,  4081,   21,         0,          0,     1.001
  22,  4081,   21,        23,          0,     1.019
  22,  4081,   21,         0,          0,     1.019
  23,     0,   22,        23,          0,     0.896
  23,     0,   22,         0,          0,     0.916
  23,    22,   22,        23,          0,     0.926
  23,    22,   22,         0,          0,     0.925
  21,     0,   22,        23,          0,     0.997
  21,     0,   22,         0,          0,     1.005
  21,    22,   22,        23,          0,     1.007
  21,    22,   22,         0,          0,     1.004
  23,  2048,   22,        23,          0,      0.89
  23,  2048,   22,         0,          0,     0.898
  23,  2070,   22,        23,          0,     0.922
  23,  2070,   22,         0,          0,     0.906
  21,  2048,   22,        23,          0,     1.006
  21,  2048,   22,         0,          0,     1.003
  21,  2070,   22,        23,          0,     1.003
  21,  2070,   22,         0,          0,     0.999
  21,  4081,   22,        23,          0,     0.998
  21,  4081,   22,         0,          0,     1.001
  23,  4081,   22,        23,          0,     1.029
  23,  4081,   22,         0,          0,     1.015
  24,     0,   23,        23,          0,      0.91
  24,     0,   23,         0,          0,     0.923
  24,    23,   23,        23,          0,      0.87
  24,    23,   23,         0,          0,      0.89
  22,     0,   23,        23,          0,     1.011
  22,     0,   23,         0,          0,     1.009
  22,    23,   23,        23,          0,     0.997
  22,    23,   23,         0,          0,     0.997
  24,  2048,   23,        23,          0,     0.911
  24,  2048,   23,         0,          0,       0.9
  24,  2071,   23,        23,          0,     0.882
  24,  2071,   23,         0,          0,     0.883
  22,  2048,   23,        23,          0,     0.998
  22,  2048,   23,         0,          0,     0.999
  22,  2071,   23,        23,          0,     1.004
  22,  2071,   23,         0,          0,     1.002
  22,  4081,   23,        23,          0,     0.999
  22,  4081,   23,         0,          0,       1.0
  24,  4081,   23,        23,          0,     1.037
  24,  4081,   23,         0,          0,     1.036
  25,     0,   24,        23,          0,     0.921
  25,     0,   24,         0,          0,     0.888
  25,    24,   24,        23,          0,     0.887
  25,    24,   24,         0,          0,     0.883
  23,     0,   24,        23,          0,     1.007
  23,     0,   24,         0,          0,     0.999
  23,    24,   24,        23,          0,     1.006
  23,    24,   24,         0,          0,     1.007
  25,  2048,   24,        23,          0,     0.898
  25,  2048,   24,         0,          0,     0.908
  25,  2072,   24,        23,          0,       0.9
  25,  2072,   24,         0,          0,     0.889
  23,  2048,   24,        23,          0,     1.005
  23,  2048,   24,         0,          0,     1.007
  23,  2072,   24,        23,          0,     1.005
  23,  2072,   24,         0,          0,       1.0
  23,  4081,   24,        23,          0,     1.003
  23,  4081,   24,         0,          0,     1.006
  25,  4081,   24,        23,          0,     1.032
  25,  4081,   24,         0,          0,     1.038
  26,     0,   25,        23,          0,     0.876
  26,     0,   25,         0,          0,     0.882
  26,    25,   25,        23,          0,     0.871
  26,    25,   25,         0,          0,     0.897
  24,     0,   25,        23,          0,       1.0
  24,     0,   25,         0,          0,     0.993
  24,    25,   25,        23,          0,     1.002
  24,    25,   25,         0,          0,     1.001
  26,  2048,   25,        23,          0,     0.891
  26,  2048,   25,         0,          0,     0.899
  26,  2073,   25,        23,          0,     0.905
  26,  2073,   25,         0,          0,     0.925
  24,  2048,   25,        23,          0,     1.005
  24,  2048,   25,         0,          0,     1.006
  24,  2073,   25,        23,          0,     0.999
  24,  2073,   25,         0,          0,     1.003
  24,  4081,   25,        23,          0,     1.003
  24,  4081,   25,         0,          0,     1.002
  26,  4081,   25,        23,          0,     1.016
  26,  4081,   25,         0,          0,      1.02
  27,     0,   26,        23,          0,     0.909
  27,     0,   26,         0,          0,     0.903
  27,    26,   26,        23,          0,     0.923
  27,    26,   26,         0,          0,     0.889
  25,     0,   26,        23,          0,     0.998
  25,     0,   26,         0,          0,     1.016
  25,    26,   26,        23,          0,     1.006
  25,    26,   26,         0,          0,     1.006
  27,  2048,   26,        23,          0,     0.927
  27,  2048,   26,         0,          0,      0.91
  27,  2074,   26,        23,          0,     0.894
  27,  2074,   26,         0,          0,     0.912
  25,  2048,   26,        23,          0,     1.005
  25,  2048,   26,         0,          0,     1.006
  25,  2074,   26,        23,          0,     1.001
  25,  2074,   26,         0,          0,     1.004
  25,  4081,   26,        23,          0,     1.009
  25,  4081,   26,         0,          0,     1.001
  27,  4081,   26,        23,          0,     1.032
  27,  4081,   26,         0,          0,     1.039
  28,     0,   27,        23,          0,     0.867
  28,     0,   27,         0,          0,     0.901
  28,    27,   27,        23,          0,     0.902
  28,    27,   27,         0,          0,     0.895
  26,     0,   27,        23,          0,       1.0
  26,     0,   27,         0,          0,     1.008
  26,    27,   27,        23,          0,     0.996
  26,    27,   27,         0,          0,     1.006
  28,  2048,   27,        23,          0,     0.895
  28,  2048,   27,         0,          0,     0.916
  28,  2075,   27,        23,          0,     0.888
  28,  2075,   27,         0,          0,     0.908
  26,  2048,   27,        23,          0,     1.004
  26,  2048,   27,         0,          0,     1.011
  26,  2075,   27,        23,          0,     1.003
  26,  2075,   27,         0,          0,     1.004
  26,  4081,   27,        23,          0,       1.0
  26,  4081,   27,         0,          0,     1.002
  28,  4081,   27,        23,          0,     1.017
  28,  4081,   27,         0,          0,     1.021
  29,     0,   28,        23,          0,     0.894
  29,     0,   28,         0,          0,     0.928
  29,    28,   28,        23,          0,     0.875
  29,    28,   28,         0,          0,     0.924
  27,     0,   28,        23,          0,     1.007
  27,     0,   28,         0,          0,       1.0
  27,    28,   28,        23,          0,     1.008
  27,    28,   28,         0,          0,     1.001
  29,  2048,   28,        23,          0,     0.902
  29,  2048,   28,         0,          0,      0.91
  29,  2076,   28,        23,          0,     0.875
  29,  2076,   28,         0,          0,     0.908
  27,  2048,   28,        23,          0,     1.012
  27,  2048,   28,         0,          0,     1.001
  27,  2076,   28,        23,          0,     0.996
  27,  2076,   28,         0,          0,     1.001
  27,  4081,   28,        23,          0,     0.995
  27,  4081,   28,         0,          0,     0.998
  29,  4081,   28,        23,          0,     1.045
  29,  4081,   28,         0,          0,     1.027
  30,     0,   29,        23,          0,     0.895
  30,     0,   29,         0,          0,     0.907
  30,    29,   29,        23,          0,     0.889
  30,    29,   29,         0,          0,     0.914
  28,     0,   29,        23,          0,     1.002
  28,     0,   29,         0,          0,     1.005
  28,    29,   29,        23,          0,       1.0
  28,    29,   29,         0,          0,      1.01
  30,  2048,   29,        23,          0,      0.93
  30,  2048,   29,         0,          0,      0.88
  30,  2077,   29,        23,          0,     0.893
  30,  2077,   29,         0,          0,       0.9
  28,  2048,   29,        23,          0,     1.003
  28,  2048,   29,         0,          0,     1.014
  28,  2077,   29,        23,          0,     1.005
  28,  2077,   29,         0,          0,     1.008
  28,  4081,   29,        23,          0,     0.999
  28,  4081,   29,         0,          0,     1.005
  30,  4081,   29,        23,          0,     1.018
  30,  4081,   29,         0,          0,     1.021
  31,     0,   30,        23,          0,     0.918
  31,     0,   30,         0,          0,     0.882
  31,    30,   30,        23,          0,      0.89
  31,    30,   30,         0,          0,      0.89
  29,     0,   30,        23,          0,     1.006
  29,     0,   30,         0,          0,     0.997
  29,    30,   30,        23,          0,     0.999
  29,    30,   30,         0,          0,     0.995
  31,  2048,   30,        23,          0,     0.899
  31,  2048,   30,         0,          0,      0.88
  31,  2078,   30,        23,          0,     0.914
  31,  2078,   30,         0,          0,     0.894
  29,  2048,   30,        23,          0,     1.003
  29,  2048,   30,         0,          0,       1.0
  29,  2078,   30,        23,          0,     1.008
  29,  2078,   30,         0,          0,     1.006
  29,  4081,   30,        23,          0,     0.998
  29,  4081,   30,         0,          0,     1.001
  31,  4081,   30,        23,          0,      1.01
  31,  4081,   30,         0,          0,     1.045
  32,     0,   31,        23,          0,     0.879
  32,     0,   31,         0,          0,     0.906
  32,    31,   31,        23,          0,     0.873
  32,    31,   31,         0,          0,     0.902
  30,     0,   31,        23,          0,     1.006
  30,     0,   31,         0,          0,     0.998
  30,    31,   31,        23,          0,     1.001
  30,    31,   31,         0,          0,     0.995
  32,  2048,   31,        23,          0,     0.926
  32,  2048,   31,         0,          0,     0.899
  32,  2079,   31,        23,          0,     0.893
  32,  2079,   31,         0,          0,       0.9
  30,  2048,   31,        23,          0,       1.0
  30,  2048,   31,         0,          0,     1.006
  30,  2079,   31,        23,          0,     1.008
  30,  2079,   31,         0,          0,     0.995
  30,  4081,   31,        23,          0,     1.003
  30,  4081,   31,         0,          0,     0.998
  32,  4081,   31,        23,          0,     1.018
  32,  4081,   31,         0,          0,     1.016
