Geometric mean of N = 30 runs.
Benchmarked on Tigerlake: https://ark.intel.com/content/www/us/en/ark/products/208921/intel-core-i71165g7-processor-12m-cache-up-to-4-70-ghz-with-ipu.html

Aggregate Geometric Mean of New / Old: 0.9996456480425209

Results For: memchr
 len, align,  pos, seek_char, invert_pos, New / Old
2048,     0,   32,        23,          0,     1.012
 256,     1,   64,        23,          0,     0.991
2048,     0,   32,         0,          0,     0.994
 256,     1,   64,         0,          0,     0.997
 256,  4081,   64,         0,          0,       1.0
2048,     0,   64,        23,          0,     0.992
 256,     2,   64,        23,          0,     0.999
2048,     0,   64,         0,          0,     0.993
 256,     2,   64,         0,          0,     0.998
2048,     0,  128,        23,          0,     0.992
 256,     3,   64,        23,          0,     1.002
2048,     0,  128,         0,          0,     0.995
 256,     3,   64,         0,          0,       1.0
2048,     0,  256,        23,          0,     0.998
 256,     4,   64,        23,          0,     0.988
2048,     0,  256,         0,          0,     0.996
 256,     4,   64,         0,          0,     1.001
2048,     0,  512,        23,          0,     0.996
 256,     5,   64,        23,          0,       1.0
2048,     0,  512,         0,          0,     0.994
 256,     5,   64,         0,          0,       1.0
2048,     0, 1024,        23,          0,     1.001
 256,     6,   64,        23,          0,     0.992
2048,     0, 1024,         0,          0,       1.0
 256,     6,   64,         0,          0,     1.013
2048,     0, 2048,        23,          0,       1.0
 256,     7,   64,        23,          0,     0.991
2048,     0, 2048,         0,          0,     1.001
 256,     7,   64,         0,          0,     1.004
 192,     1,   32,        23,          0,       1.0
 192,     1,   32,         0,          0,       1.0
 256,     1,   32,        23,          0,       1.0
 256,     1,   32,         0,          0,       1.0
 512,     1,   32,        23,          0,       1.0
 512,     1,   32,         0,          0,       1.0
 256,  4081,   32,        23,          0,       1.0
 192,     2,   64,        23,          0,      0.99
 192,     2,   64,         0,          0,     0.985
 512,     2,   64,        23,          0,     0.995
 512,     2,   64,         0,          0,     1.008
 256,  4081,   64,        23,          0,       1.0
 192,     3,   96,        23,          0,       1.0
 192,     3,   96,         0,          0,     0.984
 256,     3,   96,        23,          0,     1.007
 256,     3,   96,         0,          0,     0.998
 512,     3,   96,        23,          0,     0.998
 512,     3,   96,         0,          0,     1.002
 256,  4081,   96,        23,          0,     1.008
 192,     4,  128,        23,          0,     0.997
 192,     4,  128,         0,          0,     0.996
 256,     4,  128,        23,          0,     0.999
 256,     4,  128,         0,          0,     1.001
 512,     4,  128,        23,          0,     0.999
 512,     4,  128,         0,          0,     0.996
 256,  4081,  128,        23,          0,     0.999
 192,     5,  160,        23,          0,     0.998
 192,     5,  160,         0,          0,       1.0
 256,     5,  160,        23,          0,     0.999
 256,     5,  160,         0,          0,     0.999
 512,     5,  160,        23,          0,     0.999
 512,     5,  160,         0,          0,       1.0
 256,  4081,  160,        23,          0,     0.998
 192,     6,  192,        23,          0,       1.0
 192,     6,  192,         0,          0,       1.0
 256,     6,  192,        23,          0,     0.998
 256,     6,  192,         0,          0,     1.001
 512,     6,  192,        23,          0,     0.994
 512,     6,  192,         0,          0,     0.998
 256,  4081,  192,        23,          0,     1.008
 192,     7,  224,        23,          0,       1.0
 192,     7,  224,         0,          0,     1.001
 256,     7,  224,        23,          0,     1.001
 256,     7,  224,         0,          0,     1.001
 512,     7,  224,        23,          0,     0.999
 512,     7,  224,         0,          0,       1.0
 256,  4081,  224,        23,          0,     0.997
   2,     0,    1,        23,          0,     0.998
   2,     0,    1,         0,          0,     0.998
   2,     1,    1,        23,          0,     0.998
   2,     1,    1,         0,          0,     0.997
   0,     0,    1,        23,          0,     0.999
   0,     0,    1,         0,          0,     0.999
   0,     1,    1,        23,          0,     0.999
   0,     1,    1,         0,          0,     0.999
   2,  2048,    1,        23,          0,     0.997
   2,  2048,    1,         0,          0,     0.997
   2,  2049,    1,        23,          0,     0.997
   2,  2049,    1,         0,          0,     0.995
   0,  2048,    1,        23,          0,     0.994
   0,  2048,    1,         0,          0,     0.994
   0,  2049,    1,        23,          0,     0.995
   0,  2049,    1,         0,          0,     0.994
   0,  4081,    1,        23,          0,     0.996
   0,  4081,    1,         0,          0,     0.994
   2,  4081,    1,        23,          0,     0.997
   2,  4081,    1,         0,          0,     0.996
   3,     0,    2,        23,          0,     0.997
   3,     0,    2,         0,          0,     0.998
   3,     2,    2,        23,          0,     0.998
   3,     2,    2,         0,          0,     1.001
   1,     0,    2,        23,          0,     1.001
   1,     0,    2,         0,          0,     1.001
   1,     2,    2,        23,          0,       1.0
   1,     2,    2,         0,          0,     0.999
   3,  2048,    2,        23,          0,       1.0
   3,  2048,    2,         0,          0,       1.0
   3,  2050,    2,        23,          0,     0.998
   3,  2050,    2,         0,          0,       1.0
   1,  2048,    2,        23,          0,     1.002
   1,  2048,    2,         0,          0,     1.003
   1,  2050,    2,        23,          0,       1.0
   1,  2050,    2,         0,          0,     0.997
   1,  4081,    2,        23,          0,     1.003
   1,  4081,    2,         0,          0,     1.003
   3,  4081,    2,        23,          0,     0.995
   3,  4081,    2,         0,          0,     1.003
   4,     0,    3,        23,          0,       1.0
   4,     0,    3,         0,          0,     1.002
   4,     3,    3,        23,          0,     1.002
   4,     3,    3,         0,          0,     0.999
   2,     0,    3,        23,          0,     0.999
   2,     0,    3,         0,          0,     0.997
   2,     3,    3,        23,          0,     0.995
   2,     3,    3,         0,          0,     0.992
   4,  2048,    3,        23,          0,     0.996
   4,  2048,    3,         0,          0,       1.0
   4,  2051,    3,        23,          0,     1.001
   4,  2051,    3,         0,          0,     0.999
   2,  2048,    3,        23,          0,     1.001
   2,  2048,    3,         0,          0,     0.998
   2,  2051,    3,        23,          0,       1.0
   2,  2051,    3,         0,          0,     0.996
   2,  4081,    3,        23,          0,     0.993
   2,  4081,    3,         0,          0,     0.996
   4,  4081,    3,        23,          0,     0.997
   4,  4081,    3,         0,          0,     0.999
   5,     0,    4,        23,          0,     0.999
   5,     0,    4,         0,          0,     0.999
   5,     4,    4,        23,          0,       1.0
   5,     4,    4,         0,          0,       1.0
   3,     0,    4,        23,          0,     1.001
   3,     0,    4,         0,          0,     1.001
   3,     4,    4,        23,          0,     1.001
   3,     4,    4,         0,          0,     0.999
   5,  2048,    4,        23,          0,     0.998
   5,  2048,    4,         0,          0,     1.001
   5,  2052,    4,        23,          0,     1.001
   5,  2052,    4,         0,          0,       1.0
   3,  2048,    4,        23,          0,     0.999
   3,  2048,    4,         0,          0,       1.0
   3,  2052,    4,        23,          0,     0.999
   3,  2052,    4,         0,          0,     1.003
   3,  4081,    4,        23,          0,     1.006
   3,  4081,    4,         0,          0,     0.997
   5,  4081,    4,        23,          0,     0.992
   5,  4081,    4,         0,          0,       1.0
   6,     0,    5,        23,          0,     1.001
   6,     0,    5,         0,          0,     1.001
   6,     5,    5,        23,          0,     0.996
   6,     5,    5,         0,          0,     1.002
   4,     0,    5,        23,          0,     1.001
   4,     0,    5,         0,          0,       1.0
   4,     5,    5,        23,          0,     0.999
   4,     5,    5,         0,          0,     0.997
   6,  2048,    5,        23,          0,       1.0
   6,  2048,    5,         0,          0,     1.001
   6,  2053,    5,        23,          0,     1.001
   6,  2053,    5,         0,          0,     1.005
   4,  2048,    5,        23,          0,     1.001
   4,  2048,    5,         0,          0,     1.002
   4,  2053,    5,        23,          0,     1.002
   4,  2053,    5,         0,          0,       1.0
   4,  4081,    5,        23,          0,     1.001
   4,  4081,    5,         0,          0,       1.0
   6,  4081,    5,        23,          0,     0.996
   6,  4081,    5,         0,          0,       1.0
   7,     0,    6,        23,          0,     1.001
   7,     0,    6,         0,          0,     1.001
   7,     6,    6,        23,          0,     1.002
   7,     6,    6,         0,          0,     1.002
   5,     0,    6,        23,          0,     0.998
   5,     0,    6,         0,          0,     1.002
   5,     6,    6,        23,          0,     1.001
   5,     6,    6,         0,          0,     0.996
   7,  2048,    6,        23,          0,       1.0
   7,  2048,    6,         0,          0,     1.001
   7,  2054,    6,        23,          0,       1.0
   7,  2054,    6,         0,          0,     1.001
   5,  2048,    6,        23,          0,     0.999
   5,  2048,    6,         0,          0,     1.001
   5,  2054,    6,        23,          0,     0.999
   5,  2054,    6,         0,          0,     1.001
   5,  4081,    6,        23,          0,     0.999
   5,  4081,    6,         0,          0,     1.001
   7,  4081,    6,        23,          0,     1.002
   7,  4081,    6,         0,          0,     0.998
   8,     0,    7,        23,          0,     0.999
   8,     0,    7,         0,          0,     1.001
   8,     7,    7,        23,          0,     0.998
   8,     7,    7,         0,          0,       1.0
   6,     0,    7,        23,          0,       1.0
   6,     0,    7,         0,          0,     0.996
   6,     7,    7,        23,          0,     0.999
   6,     7,    7,         0,          0,       1.0
   8,  2048,    7,        23,          0,       1.0
   8,  2048,    7,         0,          0,     1.001
   8,  2055,    7,        23,          0,       1.0
   8,  2055,    7,         0,          0,     0.999
   6,  2048,    7,        23,          0,       1.0
   6,  2048,    7,         0,          0,     0.999
   6,  2055,    7,        23,          0,     0.999
   6,  2055,    7,         0,          0,     0.996
   6,  4081,    7,        23,          0,     0.992
   6,  4081,    7,         0,          0,     0.997
   8,  4081,    7,        23,          0,     1.003
   8,  4081,    7,         0,          0,     1.001
   9,     0,    8,        23,          0,     0.998
   9,     0,    8,         0,          0,     0.999
   9,     8,    8,        23,          0,     1.002
   9,     8,    8,         0,          0,     0.999
   7,     0,    8,        23,          0,     0.996
   7,     0,    8,         0,          0,     0.999
   7,     8,    8,        23,          0,     1.005
   7,     8,    8,         0,          0,     1.003
   9,  2048,    8,        23,          0,     0.997
   9,  2048,    8,         0,          0,     0.999
   9,  2056,    8,        23,          0,     1.003
   9,  2056,    8,         0,          0,       1.0
   7,  2048,    8,        23,          0,       1.0
   7,  2048,    8,         0,          0,     0.997
   7,  2056,    8,        23,          0,     0.998
   7,  2056,    8,         0,          0,     0.998
   7,  4081,    8,        23,          0,     1.004
   7,  4081,    8,         0,          0,     1.002
   9,  4081,    8,        23,          0,     1.002
   9,  4081,    8,         0,          0,     1.001
  10,     0,    9,        23,          0,     0.999
  10,     0,    9,         0,          0,     1.001
  10,     9,    9,        23,          0,       1.0
  10,     9,    9,         0,          0,       1.0
   8,     0,    9,        23,          0,       1.0
   8,     0,    9,         0,          0,     1.001
   8,     9,    9,        23,          0,     0.997
   8,     9,    9,         0,          0,     1.002
  10,  2048,    9,        23,          0,     0.999
  10,  2048,    9,         0,          0,     0.996
  10,  2057,    9,        23,          0,     1.005
  10,  2057,    9,         0,          0,     1.002
   8,  2048,    9,        23,          0,      0.99
   8,  2048,    9,         0,          0,     0.997
   8,  2057,    9,        23,          0,     1.003
   8,  2057,    9,         0,          0,     0.999
   8,  4081,    9,        23,          0,     0.999
   8,  4081,    9,         0,          0,     0.995
  10,  4081,    9,        23,          0,     0.998
  10,  4081,    9,         0,          0,     0.998
  11,     0,   10,        23,          0,     0.994
  11,     0,   10,         0,          0,     1.001
  11,    10,   10,        23,          0,     1.006
  11,    10,   10,         0,          0,     1.003
   9,     0,   10,        23,          0,     0.996
   9,     0,   10,         0,          0,     0.998
   9,    10,   10,        23,          0,     1.002
   9,    10,   10,         0,          0,     1.005
  11,  2048,   10,        23,          0,     1.001
  11,  2048,   10,         0,          0,     1.006
  11,  2058,   10,        23,          0,       1.0
  11,  2058,   10,         0,          0,     0.997
   9,  2048,   10,        23,          0,     0.997
   9,  2048,   10,         0,          0,     0.997
   9,  2058,   10,        23,          0,     0.998
   9,  2058,   10,         0,          0,     0.996
   9,  4081,   10,        23,          0,     0.997
   9,  4081,   10,         0,          0,     1.001
  11,  4081,   10,        23,          0,     0.999
  11,  4081,   10,         0,          0,       1.0
  12,     0,   11,        23,          0,     0.998
  12,     0,   11,         0,          0,     1.001
  12,    11,   11,        23,          0,     1.001
  12,    11,   11,         0,          0,     0.998
  10,     0,   11,        23,          0,     0.998
  10,     0,   11,         0,          0,       1.0
  10,    11,   11,        23,          0,     0.997
  10,    11,   11,         0,          0,     0.999
  12,  2048,   11,        23,          0,     0.999
  12,  2048,   11,         0,          0,     0.996
  12,  2059,   11,        23,          0,     0.997
  12,  2059,   11,         0,          0,     1.004
  10,  2048,   11,        23,          0,       1.0
  10,  2048,   11,         0,          0,     0.996
  10,  2059,   11,        23,          0,     1.003
  10,  2059,   11,         0,          0,     0.995
  10,  4081,   11,        23,          0,     0.994
  10,  4081,   11,         0,          0,     0.997
  12,  4081,   11,        23,          0,     1.001
  12,  4081,   11,         0,          0,     0.995
  13,     0,   12,        23,          0,     0.993
  13,     0,   12,         0,          0,     0.999
  13,    12,   12,        23,          0,       1.0
  13,    12,   12,         0,          0,     0.999
  11,     0,   12,        23,          0,     0.999
  11,     0,   12,         0,          0,     0.995
  11,    12,   12,        23,          0,     0.992
  11,    12,   12,         0,          0,     1.002
  13,  2048,   12,        23,          0,     0.997
  13,  2048,   12,         0,          0,     0.996
  13,  2060,   12,        23,          0,     1.001
  13,  2060,   12,         0,          0,     1.002
  11,  2048,   12,        23,          0,     1.001
  11,  2048,   12,         0,          0,     1.004
  11,  2060,   12,        23,          0,     0.997
  11,  2060,   12,         0,          0,     0.995
  11,  4081,   12,        23,          0,     1.004
  11,  4081,   12,         0,          0,       1.0
  13,  4081,   12,        23,          0,     1.002
  13,  4081,   12,         0,          0,     1.004
  14,     0,   13,        23,          0,       1.0
  14,     0,   13,         0,          0,     1.001
  14,    13,   13,        23,          0,     1.007
  14,    13,   13,         0,          0,     1.006
  12,     0,   13,        23,          0,       1.0
  12,     0,   13,         0,          0,       1.0
  12,    13,   13,        23,          0,       1.0
  12,    13,   13,         0,          0,     1.008
  14,  2048,   13,        23,          0,     0.996
  14,  2048,   13,         0,          0,       1.0
  14,  2061,   13,        23,          0,     1.001
  14,  2061,   13,         0,          0,     1.001
  12,  2048,   13,        23,          0,     1.008
  12,  2048,   13,         0,          0,     0.996
  12,  2061,   13,        23,          0,     0.995
  12,  2061,   13,         0,          0,     1.002
  12,  4081,   13,        23,          0,     0.997
  12,  4081,   13,         0,          0,     1.005
  14,  4081,   13,        23,          0,     1.002
  14,  4081,   13,         0,          0,     1.005
  15,     0,   14,        23,          0,     0.999
  15,     0,   14,         0,          0,       1.0
  15,    14,   14,        23,          0,       1.0
  15,    14,   14,         0,          0,       1.0
  13,     0,   14,        23,          0,     0.998
  13,     0,   14,         0,          0,     0.998
  13,    14,   14,        23,          0,     0.997
  13,    14,   14,         0,          0,     0.995
  15,  2048,   14,        23,          0,     1.001
  15,  2048,   14,         0,          0,     0.994
  15,  2062,   14,        23,          0,     1.006
  15,  2062,   14,         0,          0,       1.0
  13,  2048,   14,        23,          0,     1.003
  13,  2048,   14,         0,          0,     1.003
  13,  2062,   14,        23,          0,     1.002
  13,  2062,   14,         0,          0,     1.006
  13,  4081,   14,        23,          0,     1.003
  13,  4081,   14,         0,          0,       1.0
  15,  4081,   14,        23,          0,     0.996
  15,  4081,   14,         0,          0,       1.0
  16,     0,   15,        23,          0,     0.999
  16,     0,   15,         0,          0,       1.0
  16,    15,   15,        23,          0,       1.0
  16,    15,   15,         0,          0,       1.0
  14,     0,   15,        23,          0,       1.0
  14,     0,   15,         0,          0,       1.0
  14,    15,   15,        23,          0,     0.997
  14,    15,   15,         0,          0,     0.994
  16,  2048,   15,        23,          0,     1.006
  16,  2048,   15,         0,          0,     1.001
  16,  2063,   15,        23,          0,     0.998
  16,  2063,   15,         0,          0,       1.0
  14,  2048,   15,        23,          0,       1.0
  14,  2048,   15,         0,          0,       1.0
  14,  2063,   15,        23,          0,     0.997
  14,  2063,   15,         0,          0,     1.004
  14,  4081,   15,        23,          0,     0.989
  14,  4081,   15,         0,          0,     1.008
  16,  4081,   15,        23,          0,       1.0
  16,  4081,   15,         0,          0,       1.0
  17,     0,   16,        23,          0,       1.0
  17,     0,   16,         0,          0,       1.0
  17,    16,   16,        23,          0,     1.003
  17,    16,   16,         0,          0,       1.0
  15,     0,   16,        23,          0,     0.999
  15,     0,   16,         0,          0,     1.003
  15,    16,   16,        23,          0,     0.997
  15,    16,   16,         0,          0,       1.0
  17,  2048,   16,        23,          0,     0.998
  17,  2048,   16,         0,          0,       1.0
  17,  2064,   16,        23,          0,     0.994
  17,  2064,   16,         0,          0,     1.006
  15,  2048,   16,        23,          0,       1.0
  15,  2048,   16,         0,          0,     0.998
  15,  2064,   16,        23,          0,     0.993
  15,  2064,   16,         0,          0,     0.995
  15,  4081,   16,        23,          0,     1.004
  15,  4081,   16,         0,          0,     0.999
  17,  4081,   16,        23,          0,     0.999
  17,  4081,   16,         0,          0,       1.0
  18,     0,   17,        23,          0,     0.998
  18,     0,   17,         0,          0,     0.997
  18,    17,   17,        23,          0,       1.0
  18,    17,   17,         0,          0,       1.0
  16,     0,   17,        23,          0,     1.001
  16,     0,   17,         0,          0,     1.002
  16,    17,   17,        23,          0,     1.002
  16,    17,   17,         0,          0,     1.002
  18,  2048,   17,        23,          0,     1.003
  18,  2048,   17,         0,          0,     1.001
  18,  2065,   17,        23,          0,     1.001
  18,  2065,   17,         0,          0,       1.0
  16,  2048,   17,        23,          0,       1.0
  16,  2048,   17,         0,          0,       1.0
  16,  2065,   17,        23,          0,     1.002
  16,  2065,   17,         0,          0,     1.004
  16,  4081,   17,        23,          0,     0.999
  16,  4081,   17,         0,          0,     1.002
  18,  4081,   17,        23,          0,       1.0
  18,  4081,   17,         0,          0,       1.0
  19,     0,   18,        23,          0,     0.998
  19,     0,   18,         0,          0,     1.002
  19,    18,   18,        23,          0,       1.0
  19,    18,   18,         0,          0,       1.0
  17,     0,   18,        23,          0,     1.003
  17,     0,   18,         0,          0,     1.001
  17,    18,   18,        23,          0,       1.0
  17,    18,   18,         0,          0,     1.001
  19,  2048,   18,        23,          0,     0.998
  19,  2048,   18,         0,          0,       1.0
  19,  2066,   18,        23,          0,     0.999
  19,  2066,   18,         0,          0,       1.0
  17,  2048,   18,        23,          0,     1.001
  17,  2048,   18,         0,          0,     0.998
  17,  2066,   18,        23,          0,     0.998
  17,  2066,   18,         0,          0,     1.006
  17,  4081,   18,        23,          0,       1.0
  17,  4081,   18,         0,          0,     0.998
  19,  4081,   18,        23,          0,       1.0
  19,  4081,   18,         0,          0,       1.0
  20,     0,   19,        23,          0,       1.0
  20,     0,   19,         0,          0,       1.0
  20,    19,   19,        23,          0,     1.001
  20,    19,   19,         0,          0,       1.0
  18,     0,   19,        23,          0,       1.0
  18,     0,   19,         0,          0,       1.0
  18,    19,   19,        23,          0,     1.003
  18,    19,   19,         0,          0,     1.006
  20,  2048,   19,        23,          0,       1.0
  20,  2048,   19,         0,          0,       1.0
  20,  2067,   19,        23,          0,       1.0
  20,  2067,   19,         0,          0,     1.005
  18,  2048,   19,        23,          0,       1.0
  18,  2048,   19,         0,          0,     0.998
  18,  2067,   19,        23,          0,       1.0
  18,  2067,   19,         0,          0,       1.0
  18,  4081,   19,        23,          0,     1.001
  18,  4081,   19,         0,          0,       1.0
  20,  4081,   19,        23,          0,       1.0
  20,  4081,   19,         0,          0,     1.001
  21,     0,   20,        23,          0,       1.0
  21,     0,   20,         0,          0,       1.0
  21,    20,   20,        23,          0,       1.0
  21,    20,   20,         0,          0,     1.001
  19,     0,   20,        23,          0,       1.0
  19,     0,   20,         0,          0,       1.0
  19,    20,   20,        23,          0,     0.998
  19,    20,   20,         0,          0,     0.999
  21,  2048,   20,        23,          0,       1.0
  21,  2048,   20,         0,          0,     1.006
  21,  2068,   20,        23,          0,       1.0
  21,  2068,   20,         0,          0,       1.0
  19,  2048,   20,        23,          0,       1.0
  19,  2048,   20,         0,          0,     0.999
  19,  2068,   20,        23,          0,     1.004
  19,  2068,   20,         0,          0,     1.001
  19,  4081,   20,        23,          0,     1.002
  19,  4081,   20,         0,          0,     1.001
  21,  4081,   20,        23,          0,       1.0
  21,  4081,   20,         0,          0,       1.0
  22,     0,   21,        23,          0,     0.998
  22,     0,   21,         0,          0,       1.0
  22,    21,   21,        23,          0,       1.0
  22,    21,   21,         0,          0,       1.0
  20,     0,   21,        23,          0,       1.0
  20,     0,   21,         0,          0,     1.001
  20,    21,   21,        23,          0,       1.0
  20,    21,   21,         0,          0,       1.0
  22,  2048,   21,        23,          0,       1.0
  22,  2048,   21,         0,          0,       1.0
  22,  2069,   21,        23,          0,       1.0
  22,  2069,   21,         0,          0,       1.0
  20,  2048,   21,        23,          0,       1.0
  20,  2048,   21,         0,          0,       1.0
  20,  2069,   21,        23,          0,       1.0
  20,  2069,   21,         0,          0,       1.0
  20,  4081,   21,        23,          0,       1.0
  20,  4081,   21,         0,          0,       1.0
  22,  4081,   21,        23,          0,       1.0
  22,  4081,   21,         0,          0,       1.0
  23,     0,   22,        23,          0,       1.0
  23,     0,   22,         0,          0,       1.0
  23,    22,   22,        23,          0,       1.0
  23,    22,   22,         0,          0,       1.0
  21,     0,   22,        23,          0,       1.0
  21,     0,   22,         0,          0,       1.0
  21,    22,   22,        23,          0,       1.0
  21,    22,   22,         0,          0,       1.0
  23,  2048,   22,        23,          0,       1.0
  23,  2048,   22,         0,          0,       1.0
  23,  2070,   22,        23,          0,       1.0
  23,  2070,   22,         0,          0,       1.0
  21,  2048,   22,        23,          0,       1.0
  21,  2048,   22,         0,          0,       1.0
  21,  2070,   22,        23,          0,       1.0
  21,  2070,   22,         0,          0,       1.0
  21,  4081,   22,        23,          0,       1.0
  21,  4081,   22,         0,          0,       1.0
  23,  4081,   22,        23,          0,       1.0
  23,  4081,   22,         0,          0,       1.0
  24,     0,   23,        23,          0,       1.0
  24,     0,   23,         0,          0,       1.0
  24,    23,   23,        23,          0,       1.0
  24,    23,   23,         0,          0,       1.0
  22,     0,   23,        23,          0,       1.0
  22,     0,   23,         0,          0,       1.0
  22,    23,   23,        23,          0,       1.0
  22,    23,   23,         0,          0,       1.0
  24,  2048,   23,        23,          0,       1.0
  24,  2048,   23,         0,          0,       1.0
  24,  2071,   23,        23,          0,       1.0
  24,  2071,   23,         0,          0,       1.0
  22,  2048,   23,        23,          0,       1.0
  22,  2048,   23,         0,          0,       1.0
  22,  2071,   23,        23,          0,       1.0
  22,  2071,   23,         0,          0,       1.0
  22,  4081,   23,        23,          0,       1.0
  22,  4081,   23,         0,          0,       1.0
  24,  4081,   23,        23,          0,       1.0
  24,  4081,   23,         0,          0,       1.0
  25,     0,   24,        23,          0,       1.0
  25,     0,   24,         0,          0,       1.0
  25,    24,   24,        23,          0,       1.0
  25,    24,   24,         0,          0,       1.0
  23,     0,   24,        23,          0,       1.0
  23,     0,   24,         0,          0,       1.0
  23,    24,   24,        23,          0,       1.0
  23,    24,   24,         0,          0,       1.0
  25,  2048,   24,        23,          0,       1.0
  25,  2048,   24,         0,          0,       1.0
  25,  2072,   24,        23,          0,       1.0
  25,  2072,   24,         0,          0,       1.0
  23,  2048,   24,        23,          0,       1.0
  23,  2048,   24,         0,          0,       1.0
  23,  2072,   24,        23,          0,       1.0
  23,  2072,   24,         0,          0,       1.0
  23,  4081,   24,        23,          0,       1.0
  23,  4081,   24,         0,          0,       1.0
  25,  4081,   24,        23,          0,       1.0
  25,  4081,   24,         0,          0,       1.0
  26,     0,   25,        23,          0,       1.0
  26,     0,   25,         0,          0,       1.0
  26,    25,   25,        23,          0,       1.0
  26,    25,   25,         0,          0,       1.0
  24,     0,   25,        23,          0,       1.0
  24,     0,   25,         0,          0,       1.0
  24,    25,   25,        23,          0,       1.0
  24,    25,   25,         0,          0,       1.0
  26,  2048,   25,        23,          0,       1.0
  26,  2048,   25,         0,          0,       1.0
  26,  2073,   25,        23,          0,       1.0
  26,  2073,   25,         0,          0,       1.0
  24,  2048,   25,        23,          0,       1.0
  24,  2048,   25,         0,          0,       1.0
  24,  2073,   25,        23,          0,       1.0
  24,  2073,   25,         0,          0,       1.0
  24,  4081,   25,        23,          0,       1.0
  24,  4081,   25,         0,          0,       1.0
  26,  4081,   25,        23,          0,       1.0
  26,  4081,   25,         0,          0,       1.0
  27,     0,   26,        23,          0,       1.0
  27,     0,   26,         0,          0,       1.0
  27,    26,   26,        23,          0,       1.0
  27,    26,   26,         0,          0,       1.0
  25,     0,   26,        23,          0,       1.0
  25,     0,   26,         0,          0,       1.0
  25,    26,   26,        23,          0,       1.0
  25,    26,   26,         0,          0,       1.0
  27,  2048,   26,        23,          0,       1.0
  27,  2048,   26,         0,          0,       1.0
  27,  2074,   26,        23,          0,       1.0
  27,  2074,   26,         0,          0,       1.0
  25,  2048,   26,        23,          0,       1.0
  25,  2048,   26,         0,          0,       1.0
  25,  2074,   26,        23,          0,       1.0
  25,  2074,   26,         0,          0,       1.0
  25,  4081,   26,        23,          0,       1.0
  25,  4081,   26,         0,          0,       1.0
  27,  4081,   26,        23,          0,       1.0
  27,  4081,   26,         0,          0,       1.0
  28,     0,   27,        23,          0,       1.0
  28,     0,   27,         0,          0,       1.0
  28,    27,   27,        23,          0,       1.0
  28,    27,   27,         0,          0,       1.0
  26,     0,   27,        23,          0,       1.0
  26,     0,   27,         0,          0,       1.0
  26,    27,   27,        23,          0,       1.0
  26,    27,   27,         0,          0,       1.0
  28,  2048,   27,        23,          0,       1.0
  28,  2048,   27,         0,          0,       1.0
  28,  2075,   27,        23,          0,       1.0
  28,  2075,   27,         0,          0,       1.0
  26,  2048,   27,        23,          0,       1.0
  26,  2048,   27,         0,          0,       1.0
  26,  2075,   27,        23,          0,       1.0
  26,  2075,   27,         0,          0,       1.0
  26,  4081,   27,        23,          0,       1.0
  26,  4081,   27,         0,          0,       1.0
  28,  4081,   27,        23,          0,       1.0
  28,  4081,   27,         0,          0,       1.0
  29,     0,   28,        23,          0,       1.0
  29,     0,   28,         0,          0,       1.0
  29,    28,   28,        23,          0,       1.0
  29,    28,   28,         0,          0,       1.0
  27,     0,   28,        23,          0,       1.0
  27,     0,   28,         0,          0,       1.0
  27,    28,   28,        23,          0,       1.0
  27,    28,   28,         0,          0,       1.0
  29,  2048,   28,        23,          0,       1.0
  29,  2048,   28,         0,          0,       1.0
  29,  2076,   28,        23,          0,       1.0
  29,  2076,   28,         0,          0,       1.0
  27,  2048,   28,        23,          0,       1.0
  27,  2048,   28,         0,          0,       1.0
  27,  2076,   28,        23,          0,       1.0
  27,  2076,   28,         0,          0,       1.0
  27,  4081,   28,        23,          0,       1.0
  27,  4081,   28,         0,          0,       1.0
  29,  4081,   28,        23,          0,       1.0
  29,  4081,   28,         0,          0,       1.0
  30,     0,   29,        23,          0,       1.0
  30,     0,   29,         0,          0,       1.0
  30,    29,   29,        23,          0,       1.0
  30,    29,   29,         0,          0,       1.0
  28,     0,   29,        23,          0,       1.0
  28,     0,   29,         0,          0,       1.0
  28,    29,   29,        23,          0,       1.0
  28,    29,   29,         0,          0,       1.0
  30,  2048,   29,        23,          0,       1.0
  30,  2048,   29,         0,          0,       1.0
  30,  2077,   29,        23,          0,       1.0
  30,  2077,   29,         0,          0,       1.0
  28,  2048,   29,        23,          0,       1.0
  28,  2048,   29,         0,          0,       1.0
  28,  2077,   29,        23,          0,       1.0
  28,  2077,   29,         0,          0,       1.0
  28,  4081,   29,        23,          0,       1.0
  28,  4081,   29,         0,          0,       1.0
  30,  4081,   29,        23,          0,       1.0
  30,  4081,   29,         0,          0,       1.0
  31,     0,   30,        23,          0,       1.0
  31,     0,   30,         0,          0,       1.0
  31,    30,   30,        23,          0,       1.0
  31,    30,   30,         0,          0,       1.0
  29,     0,   30,        23,          0,       1.0
  29,     0,   30,         0,          0,       1.0
  29,    30,   30,        23,          0,       1.0
  29,    30,   30,         0,          0,       1.0
  31,  2048,   30,        23,          0,       1.0
  31,  2048,   30,         0,          0,       1.0
  31,  2078,   30,        23,          0,       1.0
  31,  2078,   30,         0,          0,       1.0
  29,  2048,   30,        23,          0,       1.0
  29,  2048,   30,         0,          0,       1.0
  29,  2078,   30,        23,          0,       1.0
  29,  2078,   30,         0,          0,       1.0
  29,  4081,   30,        23,          0,       1.0
  29,  4081,   30,         0,          0,       1.0
  31,  4081,   30,        23,          0,       1.0
  31,  4081,   30,         0,          0,       1.0
  32,     0,   31,        23,          0,       1.0
  32,     0,   31,         0,          0,       1.0
  32,    31,   31,        23,          0,       1.0
  32,    31,   31,         0,          0,       1.0
  30,     0,   31,        23,          0,       1.0
  30,     0,   31,         0,          0,       1.0
  30,    31,   31,        23,          0,       1.0
  30,    31,   31,         0,          0,       1.0
  32,  2048,   31,        23,          0,       1.0
  32,  2048,   31,         0,          0,       1.0
  32,  2079,   31,        23,          0,       1.0
  32,  2079,   31,         0,          0,       1.0
  30,  2048,   31,        23,          0,       1.0
  30,  2048,   31,         0,          0,       1.0
  30,  2079,   31,        23,          0,       1.0
  30,  2079,   31,         0,          0,       1.0
  30,  4081,   31,        23,          0,       1.0
  30,  4081,   31,         0,          0,       1.0
  32,  4081,   31,        23,          0,       1.0
  32,  4081,   31,         0,          0,       1.0
