Results For: strrchr

Geometric Mean of N=30 runs.

Geometric Mean of all benchmarks New / Old: 0.741
Benchmarks performance on Tigerlake:
https://ark.intel.com/content/www/us/en/ark/products/208921/intel-core-i71165g7-processor-12m-cache-up-to-4-70-ghz-with-ipu.html

 len, align,  pos, seek, max_char, freq, New Time / Old Time
2048,     0,   32,    0,      127,    1,               0.647
2048,     1,   32,    0,      127,    1,               0.621
2048,     0,   64,    0,      127,    1,               0.661
2048,     2,   64,    0,      127,    1,               0.655
2048,     0,  128,    0,      127,    1,                0.69
2048,     3,  128,    0,      127,    1,               0.689
2048,     0,  256,    0,      127,    1,               0.718
2048,     4,  256,    0,      127,    1,               0.718
2048,     0,  512,    0,      127,    1,               0.758
2048,     5,  512,    0,      127,    1,               0.754
2048,     0, 1024,    0,      127,    1,               1.029
2048,     6, 1024,    0,      127,    1,               1.032
2048,     0, 2048,    0,      127,    1,               0.826
2048,     7, 2048,    0,      127,    1,               0.834
2048,     0, 4096,    0,      127,    1,               0.825
2048,     8, 4096,    0,      127,    1,                0.83
 256,     1,   64,    0,      127,    1,               0.657
 256,    15,   64,    0,      127,    1,               0.657
 256,     2,   64,    0,      127,    1,               0.657
 256,    30,   64,    0,      127,    1,               0.523
 256,     3,   64,    0,      127,    1,               0.657
 256,    45,   64,    0,      127,    1,               0.654
 256,     4,   64,    0,      127,    1,               0.657
 256,    60,   64,    0,      127,    1,               0.526
 256,     5,   64,    0,      127,    1,               0.658
 256,    75,   64,    0,      127,    1,               0.658
 256,     6,   64,    0,      127,    1,               0.655
 256,    90,   64,    0,      127,    1,               0.523
 256,     7,   64,    0,      127,    1,               0.655
 256,   105,   64,    0,      127,    1,               0.654
   1,     0,    0,    0,      127,    1,                0.98
   2,     0,    1,    0,      127,    1,               0.978
   3,     0,    2,    0,      127,    1,               0.975
   4,     0,    3,    0,      127,    1,               0.976
   5,     0,    4,    0,      127,    1,               0.977
   6,     0,    5,    0,      127,    1,               0.981
   7,     0,    6,    0,      127,    1,               0.982
   8,     0,    7,    0,      127,    1,                0.98
   9,     0,    8,    0,      127,    1,               0.978
  10,     0,    9,    0,      127,    1,               0.981
  11,     0,   10,    0,      127,    1,               0.984
  12,     0,   11,    0,      127,    1,               0.982
  13,     0,   12,    0,      127,    1,                0.98
  14,     0,   13,    0,      127,    1,               0.978
  15,     0,   14,    0,      127,    1,               0.979
  16,     0,   15,    0,      127,    1,               0.986
  17,     0,   16,    0,      127,    1,               0.529
  18,     0,   17,    0,      127,    1,               0.566
  19,     0,   18,    0,      127,    1,               0.575
  20,     0,   19,    0,      127,    1,               0.573
  21,     0,   20,    0,      127,    1,               0.579
  22,     0,   21,    0,      127,    1,               0.595
  23,     0,   22,    0,      127,    1,               0.585
  24,     0,   23,    0,      127,    1,               0.586
  25,     0,   24,    0,      127,    1,               0.587
  26,     0,   25,    0,      127,    1,               0.592
  27,     0,   26,    0,      127,    1,               0.595
  28,     0,   27,    0,      127,    1,               0.592
  29,     0,   28,    0,      127,    1,                 0.6
  30,     0,   29,    0,      127,    1,               0.598
  31,     0,   30,    0,      127,    1,               0.595
  32,     0,   31,    0,      127,    1,               0.592
2048,     0,   32,   23,      127,    1,               0.827
2048,     1,   32,   23,      127,    1,               0.826
2048,     0,   64,   23,      127,    1,               0.824
2048,     2,   64,   23,      127,    1,               0.825
2048,     0,  128,   23,      127,    1,               0.829
2048,     3,  128,   23,      127,    1,               0.824
2048,     0,  256,   23,      127,    1,               0.832
2048,     4,  256,   23,      127,    1,               0.825
2048,     0,  512,   23,      127,    1,               0.831
2048,     5,  512,   23,      127,    1,               0.837
2048,     0, 1024,   23,      127,    1,               0.721
2048,     6, 1024,   23,      127,    1,               0.757
2048,     0, 2048,   23,      127,    1,               0.825
2048,     7, 2048,   23,      127,    1,               0.824
2048,     0, 4096,   23,      127,    1,               0.828
2048,     8, 4096,   23,      127,    1,               0.823
 256,     1,   64,   23,      127,    1,               0.665
 256,    15,   64,   23,      127,    1,               0.661
 256,     2,   64,   23,      127,    1,               0.674
 256,    30,   64,   23,      127,    1,               0.605
 256,     3,   64,   23,      127,    1,               0.668
 256,    45,   64,   23,      127,    1,               0.661
 256,     4,   64,   23,      127,    1,               0.657
 256,    60,   64,   23,      127,    1,               0.594
 256,     5,   64,   23,      127,    1,               0.654
 256,    75,   64,   23,      127,    1,               0.673
 256,     6,   64,   23,      127,    1,               0.688
 256,    90,   64,   23,      127,    1,                 0.6
 256,     7,   64,   23,      127,    1,                0.66
 256,   105,   64,   23,      127,    1,               0.654
   1,     0,    0,   23,      127,    1,               0.981
   2,     0,    1,   23,      127,    1,               0.976
   3,     0,    2,   23,      127,    1,               0.983
   4,     0,    3,   23,      127,    1,               0.984
   5,     0,    4,   23,      127,    1,               0.973
   6,     0,    5,   23,      127,    1,               0.987
   7,     0,    6,   23,      127,    1,               0.977
   8,     0,    7,   23,      127,    1,               0.979
   9,     0,    8,   23,      127,    1,               0.981
  10,     0,    9,   23,      127,    1,                0.98
  11,     0,   10,   23,      127,    1,               0.983
  12,     0,   11,   23,      127,    1,                0.98
  13,     0,   12,   23,      127,    1,                0.98
  14,     0,   13,   23,      127,    1,               0.977
  15,     0,   14,   23,      127,    1,               0.982
  16,     0,   15,   23,      127,    1,               0.581
  17,     0,   16,   23,      127,    1,               0.551
  18,     0,   17,   23,      127,    1,               0.555
  19,     0,   18,   23,      127,    1,               0.586
  20,     0,   19,   23,      127,    1,               0.585
  21,     0,   20,   23,      127,    1,               0.582
  22,     0,   21,   23,      127,    1,               0.571
  23,     0,   22,   23,      127,    1,               0.576
  24,     0,   23,   23,      127,    1,               0.581
  25,     0,   24,   23,      127,    1,               0.589
  26,     0,   25,   23,      127,    1,               0.593
  27,     0,   26,   23,      127,    1,               0.595
  28,     0,   27,   23,      127,    1,               0.583
  29,     0,   28,   23,      127,    1,               0.595
  30,     0,   29,   23,      127,    1,                0.58
  31,     0,   30,   23,      127,    1,               0.594
  32,     0,   31,   23,      127,    1,               0.665
2048,     0,   32,   23,      127,    2,               0.825
2048,     1,   32,   23,      127,    2,               0.818
2048,     0,   64,   23,      127,    2,               0.829
2048,     2,   64,   23,      127,    2,               0.828
2048,     0,  128,   23,      127,    2,               0.823
2048,     3,  128,   23,      127,    2,               0.825
2048,     0,  256,   23,      127,    2,               0.819
2048,     4,  256,   23,      127,    2,               0.828
2048,     0,  512,   23,      127,    2,               0.824
2048,     5,  512,   23,      127,    2,               0.827
2048,     0, 1024,   23,      127,    2,               0.813
2048,     6, 1024,   23,      127,    2,               0.834
2048,     0, 2048,   23,      127,    2,               0.927
2048,     7, 2048,   23,      127,    2,               0.923
2048,     0, 4096,   23,      127,    2,               0.818
2048,     8, 4096,   23,      127,    2,                0.82
 256,     1,   64,   23,      127,    2,               0.693
 256,    15,   64,   23,      127,    2,               0.686
 256,     2,   64,   23,      127,    2,                0.69
 256,    30,   64,   23,      127,    2,               0.611
 256,     3,   64,   23,      127,    2,               0.692
 256,    45,   64,   23,      127,    2,               0.685
 256,     4,   64,   23,      127,    2,               0.688
 256,    60,   64,   23,      127,    2,                 0.6
 256,     5,   64,   23,      127,    2,                0.69
 256,    75,   64,   23,      127,    2,               0.689
 256,     6,   64,   23,      127,    2,               0.688
 256,    90,   64,   23,      127,    2,               0.611
 256,     7,   64,   23,      127,    2,                0.69
 256,   105,   64,   23,      127,    2,               0.686
   1,     0,    0,   23,      127,    2,               0.982
   2,     0,    1,   23,      127,    2,               0.987
   3,     0,    2,   23,      127,    2,               0.978
   4,     0,    3,   23,      127,    2,               0.977
   5,     0,    4,   23,      127,    2,               0.979
   6,     0,    5,   23,      127,    2,               0.985
   7,     0,    6,   23,      127,    2,               0.975
   8,     0,    7,   23,      127,    2,               0.981
   9,     0,    8,   23,      127,    2,               0.984
  10,     0,    9,   23,      127,    2,               0.983
  11,     0,   10,   23,      127,    2,               0.982
  12,     0,   11,   23,      127,    2,               0.976
  13,     0,   12,   23,      127,    2,               0.985
  14,     0,   13,   23,      127,    2,               0.984
  15,     0,   14,   23,      127,    2,                0.98
  16,     0,   15,   23,      127,    2,               0.583
  17,     0,   16,   23,      127,    2,               0.552
  18,     0,   17,   23,      127,    2,               0.564
  19,     0,   18,   23,      127,    2,               0.585
  20,     0,   19,   23,      127,    2,               0.578
  21,     0,   20,   23,      127,    2,               0.578
  22,     0,   21,   23,      127,    2,               0.571
  23,     0,   22,   23,      127,    2,               0.587
  24,     0,   23,   23,      127,    2,               0.589
  25,     0,   24,   23,      127,    2,               0.593
  26,     0,   25,   23,      127,    2,               0.589
  27,     0,   26,   23,      127,    2,               0.588
  28,     0,   27,   23,      127,    2,               0.593
  29,     0,   28,   23,      127,    2,               0.579
  30,     0,   29,   23,      127,    2,               0.572
  31,     0,   30,   23,      127,    2,               0.582
  32,     0,   31,   23,      127,    2,               0.659
2048,     0,   32,   23,      127,    4,               0.822
2048,     1,   32,   23,      127,    4,               0.818
2048,     0,   64,   23,      127,    4,               0.826
2048,     2,   64,   23,      127,    4,               0.824
2048,     0,  128,   23,      127,    4,               0.833
2048,     3,  128,   23,      127,    4,               0.831
2048,     0,  256,   23,      127,    4,               0.826
2048,     4,  256,   23,      127,    4,               0.831
2048,     0,  512,   23,      127,    4,               0.834
2048,     5,  512,   23,      127,    4,                0.83
2048,     0, 1024,   23,      127,    4,               0.836
2048,     6, 1024,   23,      127,    4,               0.844
2048,     0, 2048,   23,      127,    4,               0.696
2048,     7, 2048,   23,      127,    4,               0.704
2048,     0, 4096,   23,      127,    4,               0.936
2048,     8, 4096,   23,      127,    4,               0.925
 256,     1,   64,   23,      127,    4,               0.694
 256,    15,   64,   23,      127,    4,                0.69
 256,     2,   64,   23,      127,    4,               0.687
 256,    30,   64,   23,      127,    4,               0.612
 256,     3,   64,   23,      127,    4,               0.685
 256,    45,   64,   23,      127,    4,               0.685
 256,     4,   64,   23,      127,    4,               0.684
 256,    60,   64,   23,      127,    4,               0.606
 256,     5,   64,   23,      127,    4,                0.69
 256,    75,   64,   23,      127,    4,               0.688
 256,     6,   64,   23,      127,    4,                0.69
 256,    90,   64,   23,      127,    4,               0.615
 256,     7,   64,   23,      127,    4,               0.691
 256,   105,   64,   23,      127,    4,               0.688
   1,     0,    0,   23,      127,    4,               0.982
   2,     0,    1,   23,      127,    4,               0.983
   3,     0,    2,   23,      127,    4,               0.981
   4,     0,    3,   23,      127,    4,               0.984
   5,     0,    4,   23,      127,    4,               0.963
   6,     0,    5,   23,      127,    4,               0.978
   7,     0,    6,   23,      127,    4,               0.985
   8,     0,    7,   23,      127,    4,               0.986
   9,     0,    8,   23,      127,    4,               0.978
  10,     0,    9,   23,      127,    4,               0.985
  11,     0,   10,   23,      127,    4,               0.986
  12,     0,   11,   23,      127,    4,               0.983
  13,     0,   12,   23,      127,    4,               0.986
  14,     0,   13,   23,      127,    4,                0.98
  15,     0,   14,   23,      127,    4,               0.979
  16,     0,   15,   23,      127,    4,               0.582
  17,     0,   16,   23,      127,    4,               0.542
  18,     0,   17,   23,      127,    4,               0.564
  19,     0,   18,   23,      127,    4,               0.571
  20,     0,   19,   23,      127,    4,               0.582
  21,     0,   20,   23,      127,    4,               0.573
  22,     0,   21,   23,      127,    4,               0.575
  23,     0,   22,   23,      127,    4,               0.578
  24,     0,   23,   23,      127,    4,                0.58
  25,     0,   24,   23,      127,    4,               0.592
  26,     0,   25,   23,      127,    4,               0.588
  27,     0,   26,   23,      127,    4,               0.574
  28,     0,   27,   23,      127,    4,               0.589
  29,     0,   28,   23,      127,    4,                0.56
  30,     0,   29,   23,      127,    4,               0.587
  31,     0,   30,   23,      127,    4,               0.584
  32,     0,   31,   23,      127,    4,               0.664
2048,     0,   32,   23,      127,    8,               0.826
2048,     1,   32,   23,      127,    8,               0.821
2048,     0,   64,   23,      127,    8,               0.828
2048,     2,   64,   23,      127,    8,               0.827
2048,     0,  128,   23,      127,    8,               0.833
2048,     3,  128,   23,      127,    8,                0.83
2048,     0,  256,   23,      127,    8,               0.855
2048,     4,  256,   23,      127,    8,               0.849
2048,     0,  512,   23,      127,    8,               0.849
2048,     5,  512,   23,      127,    8,               0.851
2048,     0, 1024,   23,      127,    8,               0.856
2048,     6, 1024,   23,      127,    8,               0.862
2048,     0, 2048,   23,      127,    8,               0.709
2048,     7, 2048,   23,      127,    8,               0.712
2048,     0, 4096,   23,      127,    8,               0.702
2048,     8, 4096,   23,      127,    8,               0.701
 256,     1,   64,   23,      127,    8,               0.689
 256,    15,   64,   23,      127,    8,               0.688
 256,     2,   64,   23,      127,    8,               0.691
 256,    30,   64,   23,      127,    8,               0.612
 256,     3,   64,   23,      127,    8,               0.688
 256,    45,   64,   23,      127,    8,               0.686
 256,     4,   64,   23,      127,    8,               0.694
 256,    60,   64,   23,      127,    8,               0.609
 256,     5,   64,   23,      127,    8,                0.69
 256,    75,   64,   23,      127,    8,                0.69
 256,     6,   64,   23,      127,    8,               0.691
 256,    90,   64,   23,      127,    8,               0.612
 256,     7,   64,   23,      127,    8,               0.689
 256,   105,   64,   23,      127,    8,               0.688
   1,     0,    0,   23,      127,    8,                0.98
   2,     0,    1,   23,      127,    8,               0.978
   3,     0,    2,   23,      127,    8,                0.98
   4,     0,    3,   23,      127,    8,               0.978
   5,     0,    4,   23,      127,    8,               0.977
   6,     0,    5,   23,      127,    8,               0.984
   7,     0,    6,   23,      127,    8,               0.982
   8,     0,    7,   23,      127,    8,               0.983
   9,     0,    8,   23,      127,    8,               0.987
  10,     0,    9,   23,      127,    8,               0.979
  11,     0,   10,   23,      127,    8,               0.985
  12,     0,   11,   23,      127,    8,               0.981
  13,     0,   12,   23,      127,    8,                0.98
  14,     0,   13,   23,      127,    8,               0.982
  15,     0,   14,   23,      127,    8,               0.981
  16,     0,   15,   23,      127,    8,               0.579
  17,     0,   16,   23,      127,    8,               0.531
  18,     0,   17,   23,      127,    8,               0.577
  19,     0,   18,   23,      127,    8,               0.588
  20,     0,   19,   23,      127,    8,               0.571
  21,     0,   20,   23,      127,    8,               0.576
  22,     0,   21,   23,      127,    8,                0.59
  23,     0,   22,   23,      127,    8,               0.574
  24,     0,   23,   23,      127,    8,               0.583
  25,     0,   24,   23,      127,    8,               0.581
  26,     0,   25,   23,      127,    8,               0.592
  27,     0,   26,   23,      127,    8,               0.586
  28,     0,   27,   23,      127,    8,               0.588
  29,     0,   28,   23,      127,    8,               0.578
  30,     0,   29,   23,      127,    8,               0.573
  31,     0,   30,   23,      127,    8,               0.588
  32,     0,   31,   23,      127,    8,               0.664
2048,     0,   32,   23,      127,   16,               0.825
2048,     1,   32,   23,      127,   16,               0.823
2048,     0,   64,   23,      127,   16,               0.831
2048,     2,   64,   23,      127,   16,               0.822
2048,     0,  128,   23,      127,   16,               0.831
2048,     3,  128,   23,      127,   16,               0.831
2048,     0,  256,   23,      127,   16,               0.849
2048,     4,  256,   23,      127,   16,                0.85
2048,     0,  512,   23,      127,   16,               0.751
2048,     5,  512,   23,      127,   16,                0.75
2048,     0, 1024,   23,      127,   16,               0.913
2048,     6, 1024,   23,      127,   16,               0.895
2048,     0, 2048,   23,      127,   16,               0.736
2048,     7, 2048,   23,      127,   16,               0.741
2048,     0, 4096,   23,      127,   16,               0.712
2048,     8, 4096,   23,      127,   16,               0.711
 256,     1,   64,   23,      127,   16,               0.758
 256,    15,   64,   23,      127,   16,               0.692
 256,     2,   64,   23,      127,   16,               0.692
 256,    30,   64,   23,      127,   16,               0.613
 256,     3,   64,   23,      127,   16,                0.69
 256,    45,   64,   23,      127,   16,               0.687
 256,     4,   64,   23,      127,   16,                0.69
 256,    60,   64,   23,      127,   16,               0.604
 256,     5,   64,   23,      127,   16,               0.687
 256,    75,   64,   23,      127,   16,               0.687
 256,     6,   64,   23,      127,   16,                0.69
 256,    90,   64,   23,      127,   16,                0.61
 256,     7,   64,   23,      127,   16,                0.69
 256,   105,   64,   23,      127,   16,               0.685
   1,     0,    0,   23,      127,   16,               0.981
   2,     0,    1,   23,      127,   16,               0.985
   3,     0,    2,   23,      127,   16,               0.985
   4,     0,    3,   23,      127,   16,               0.981
   5,     0,    4,   23,      127,   16,               0.979
   6,     0,    5,   23,      127,   16,               0.986
   7,     0,    6,   23,      127,   16,               0.986
   8,     0,    7,   23,      127,   16,               0.982
   9,     0,    8,   23,      127,   16,               0.982
  10,     0,    9,   23,      127,   16,                0.98
  11,     0,   10,   23,      127,   16,               0.983
  12,     0,   11,   23,      127,   16,               0.982
  13,     0,   12,   23,      127,   16,               0.982
  14,     0,   13,   23,      127,   16,               0.982
  15,     0,   14,   23,      127,   16,               0.982
  16,     0,   15,   23,      127,   16,               0.582
  17,     0,   16,   23,      127,   16,               0.542
  18,     0,   17,   23,      127,   16,               0.554
  19,     0,   18,   23,      127,   16,               0.562
  20,     0,   19,   23,      127,   16,               0.587
  21,     0,   20,   23,      127,   16,               0.584
  22,     0,   21,   23,      127,   16,               0.587
  23,     0,   22,   23,      127,   16,               0.594
  24,     0,   23,   23,      127,   16,               0.581
  25,     0,   24,   23,      127,   16,               0.577
  26,     0,   25,   23,      127,   16,               0.588
  27,     0,   26,   23,      127,   16,               0.589
  28,     0,   27,   23,      127,   16,               0.596
  29,     0,   28,   23,      127,   16,               0.591
  30,     0,   29,   23,      127,   16,               0.585
  31,     0,   30,   23,      127,   16,                0.59
  32,     0,   31,   23,      127,   16,               0.669
