
Results For: stpcpy
align1,align2 ,len  ,max_char ,new    ,old    ,new/old 
0     ,0      ,0    ,127      ,4.379  ,4.642  ,0.943   
0     ,0      ,1    ,127      ,5.316  ,5.15   ,1.032   
0     ,0      ,10   ,127      ,5.73   ,7.749  ,0.739   
0     ,0      ,1024 ,127      ,24.764 ,24.525 ,1.01    
0     ,0      ,11   ,127      ,5.717  ,7.805  ,0.732   
0     ,0      ,12   ,127      ,5.769  ,7.742  ,0.745   
0     ,0      ,128  ,127      ,8.901  ,8.086  ,1.101   
0     ,0      ,13   ,127      ,5.731  ,7.747  ,0.74    
0     ,0      ,14   ,127      ,5.718  ,7.727  ,0.74    
0     ,0      ,15   ,127      ,5.3    ,6.843  ,0.775   
0     ,0      ,16   ,127      ,5.817  ,7.922  ,0.734   
0     ,0      ,2    ,127      ,5.312  ,5.053  ,1.051   
0     ,0      ,256  ,127      ,12.567 ,12.308 ,1.021   
0     ,0      ,3    ,127      ,5.703  ,5.065  ,1.126   
0     ,0      ,32   ,127      ,5.875  ,6.076  ,0.967   
0     ,0      ,4    ,127      ,5.845  ,7.678  ,0.761   
0     ,0      ,5    ,127      ,5.876  ,7.559  ,0.777   
0     ,0      ,512  ,127      ,17.907 ,16.024 ,1.118   
0     ,0      ,6    ,127      ,5.768  ,7.559  ,0.763   
0     ,0      ,64   ,127      ,7.833  ,6.749  ,1.161   
0     ,0      ,7    ,127      ,5.501  ,6.716  ,0.819   
0     ,0      ,8    ,127      ,5.773  ,7.87   ,0.734   
0     ,0      ,9    ,127      ,5.687  ,7.767  ,0.732   
0     ,1      ,1    ,127      ,5.355  ,5.257  ,1.019   
0     ,1      ,9    ,127      ,5.74   ,7.753  ,0.74    
0     ,2      ,10   ,127      ,5.721  ,7.741  ,0.739   
0     ,2      ,2    ,127      ,5.371  ,5.211  ,1.031   
0     ,3      ,11   ,127      ,5.704  ,7.768  ,0.734   
0     ,3      ,3    ,127      ,5.735  ,4.989  ,1.15    
0     ,4      ,100  ,127      ,8.677  ,11.795 ,0.736   
0     ,4      ,104  ,127      ,8.656  ,11.846 ,0.731   
0     ,4      ,108  ,127      ,8.719  ,10.889 ,0.801   
0     ,4      ,112  ,127      ,8.713  ,11.752 ,0.741   
0     ,4      ,116  ,127      ,8.731  ,10.911 ,0.8     
0     ,4      ,12   ,127      ,5.704  ,7.509  ,0.76    
0     ,4      ,120  ,127      ,8.756  ,10.887 ,0.804   
0     ,4      ,124  ,127      ,8.641  ,10.644 ,0.812   
0     ,4      ,128  ,127      ,11.056 ,9.247  ,1.196   
0     ,4      ,132  ,127      ,9.966  ,13.016 ,0.766   
0     ,4      ,136  ,127      ,9.903  ,12.471 ,0.794   
0     ,4      ,140  ,127      ,9.992  ,10.997 ,0.909   
0     ,4      ,144  ,127      ,9.992  ,12.383 ,0.807   
0     ,4      ,148  ,127      ,9.927  ,11.003 ,0.902   
0     ,4      ,152  ,127      ,10.014 ,11.023 ,0.909   
0     ,4      ,156  ,127      ,9.837  ,11.049 ,0.89    
0     ,4      ,16   ,127      ,5.922  ,8.031  ,0.737   
0     ,4      ,160  ,127      ,13.927 ,9.942  ,1.401   
0     ,4      ,164  ,127      ,13.257 ,13.302 ,0.997   
0     ,4      ,168  ,127      ,13.149 ,13.138 ,1.001   
0     ,4      ,172  ,127      ,13.206 ,11.46  ,1.152   
0     ,4      ,176  ,127      ,13.276 ,13.157 ,1.009   
0     ,4      ,180  ,127      ,13.164 ,11.34  ,1.161   
0     ,4      ,184  ,127      ,13.183 ,11.33  ,1.164   
0     ,4      ,188  ,127      ,13.266 ,12.734 ,1.042   
0     ,4      ,192  ,127      ,15.587 ,10.933 ,1.426   
0     ,4      ,196  ,127      ,13.289 ,14.907 ,0.891   
0     ,4      ,20   ,127      ,5.909  ,7.989  ,0.74    
0     ,4      ,200  ,127      ,13.405 ,13.578 ,0.987   
0     ,4      ,204  ,127      ,13.352 ,11.771 ,1.134   
0     ,4      ,208  ,127      ,13.292 ,13.412 ,0.991   
0     ,4      ,212  ,127      ,13.376 ,11.833 ,1.13    
0     ,4      ,216  ,127      ,13.342 ,11.795 ,1.131   
0     ,4      ,220  ,127      ,13.166 ,11.641 ,1.131   
0     ,4      ,224  ,127      ,14.435 ,11.462 ,1.259   
0     ,4      ,228  ,127      ,13.535 ,13.751 ,0.984   
0     ,4      ,232  ,127      ,13.39  ,13.357 ,1.002   
0     ,4      ,236  ,127      ,13.586 ,12.05  ,1.127   
0     ,4      ,24   ,127      ,5.863  ,7.917  ,0.741   
0     ,4      ,240  ,127      ,13.484 ,13.206 ,1.021   
0     ,4      ,244  ,127      ,13.484 ,11.935 ,1.13    
0     ,4      ,248  ,127      ,13.542 ,11.995 ,1.129   
0     ,4      ,252  ,127      ,14.281 ,12.184 ,1.172   
0     ,4      ,256  ,127      ,17.698 ,14.124 ,1.253   
0     ,4      ,260  ,127      ,16.464 ,15.657 ,1.051   
0     ,4      ,264  ,127      ,16.626 ,14.799 ,1.123   
0     ,4      ,268  ,127      ,16.728 ,14.372 ,1.164   
0     ,4      ,272  ,127      ,16.661 ,14.63  ,1.139   
0     ,4      ,276  ,127      ,16.508 ,14.339 ,1.151   
0     ,4      ,28   ,127      ,5.846  ,7.707  ,0.758   
0     ,4      ,280  ,127      ,16.623 ,14.337 ,1.159   
0     ,4      ,284  ,127      ,16.473 ,14.294 ,1.152   
0     ,4      ,288  ,127      ,15.869 ,14.738 ,1.077   
0     ,4      ,292  ,127      ,14.82  ,15.783 ,0.939   
0     ,4      ,296  ,127      ,14.859 ,15.445 ,0.962   
0     ,4      ,300  ,127      ,14.947 ,14.984 ,0.997   
0     ,4      ,304  ,127      ,14.835 ,15.255 ,0.972   
0     ,4      ,308  ,127      ,14.89  ,14.899 ,0.999   
0     ,4      ,312  ,127      ,14.875 ,14.952 ,0.995   
0     ,4      ,316  ,127      ,15.1   ,15.312 ,0.986   
0     ,4      ,32   ,127      ,7.165  ,5.981  ,1.198   
0     ,4      ,320  ,127      ,18.844 ,14.985 ,1.258   
0     ,4      ,324  ,127      ,17.513 ,16.731 ,1.047   
0     ,4      ,328  ,127      ,17.545 ,16.361 ,1.072   
0     ,4      ,332  ,127      ,17.58  ,15.624 ,1.125   
0     ,4      ,336  ,127      ,17.509 ,16.404 ,1.067   
0     ,4      ,340  ,127      ,17.502 ,15.569 ,1.124   
0     ,4      ,344  ,127      ,17.554 ,15.712 ,1.117   
0     ,4      ,348  ,127      ,17.186 ,15.758 ,1.091   
0     ,4      ,352  ,127      ,18.085 ,15.339 ,1.179   
0     ,4      ,356  ,127      ,17.119 ,17.365 ,0.986   
0     ,4      ,36   ,127      ,7.155  ,8.255  ,0.867   
0     ,4      ,360  ,127      ,17.202 ,16.894 ,1.018   
0     ,4      ,364  ,127      ,17.059 ,16.213 ,1.052   
0     ,4      ,368  ,127      ,17.089 ,17.14  ,0.997   
0     ,4      ,372  ,127      ,17.078 ,16.15  ,1.057   
0     ,4      ,376  ,127      ,17.042 ,16.282 ,1.047   
0     ,4      ,380  ,127      ,17.342 ,16.472 ,1.053   
0     ,4      ,384  ,127      ,21.706 ,15.586 ,1.393   
0     ,4      ,388  ,127      ,20.231 ,18.362 ,1.102   
0     ,4      ,392  ,127      ,20.128 ,18.345 ,1.097   
0     ,4      ,396  ,127      ,20.292 ,16.661 ,1.218   
0     ,4      ,4    ,127      ,5.484  ,6.31   ,0.869   
0     ,4      ,40   ,127      ,7.168  ,8.959  ,0.8     
0     ,4      ,400  ,127      ,20.196 ,18.473 ,1.093   
0     ,4      ,404  ,127      ,20.18  ,16.898 ,1.194   
0     ,4      ,408  ,127      ,20.223 ,16.9   ,1.197   
0     ,4      ,412  ,127      ,19.769 ,17.232 ,1.147   
0     ,4      ,416  ,127      ,18.547 ,16.24  ,1.142   
0     ,4      ,420  ,127      ,17.86  ,19.399 ,0.921   
0     ,4      ,424  ,127      ,17.651 ,19.49  ,0.906   
0     ,4      ,428  ,127      ,17.817 ,17.825 ,1.0     
0     ,4      ,432  ,127      ,17.815 ,19.768 ,0.901   
0     ,4      ,436  ,127      ,17.806 ,18.225 ,0.977   
0     ,4      ,44   ,127      ,7.164  ,8.225  ,0.871   
0     ,4      ,440  ,127      ,17.844 ,18.399 ,0.97    
0     ,4      ,444  ,127      ,18.224 ,18.235 ,0.999   
0     ,4      ,448  ,127      ,22.956 ,17.214 ,1.334   
0     ,4      ,452  ,127      ,21.459 ,20.137 ,1.066   
0     ,4      ,456  ,127      ,21.445 ,20.078 ,1.068   
0     ,4      ,460  ,127      ,21.394 ,18.699 ,1.144   
0     ,4      ,464  ,127      ,21.393 ,20.026 ,1.068   
0     ,4      ,468  ,127      ,21.391 ,18.796 ,1.138   
0     ,4      ,472  ,127      ,21.382 ,18.817 ,1.136   
0     ,4      ,476  ,127      ,20.993 ,18.769 ,1.119   
0     ,4      ,48   ,127      ,7.143  ,9.014  ,0.792   
0     ,4      ,480  ,127      ,21.629 ,17.94  ,1.206   
0     ,4      ,484  ,127      ,20.659 ,20.941 ,0.987   
0     ,4      ,488  ,127      ,20.443 ,20.766 ,0.984   
0     ,4      ,492  ,127      ,20.391 ,19.409 ,1.051   
0     ,4      ,496  ,127      ,20.396 ,20.863 ,0.978   
0     ,4      ,500  ,127      ,20.449 ,19.608 ,1.043   
0     ,4      ,504  ,127      ,20.448 ,19.658 ,1.04    
0     ,4      ,508  ,127      ,20.348 ,19.641 ,1.036   
0     ,4      ,512  ,127      ,25.446 ,18.968 ,1.342   
0     ,4      ,52   ,127      ,7.153  ,8.343  ,0.857   
0     ,4      ,56   ,127      ,7.194  ,8.428  ,0.854   
0     ,4      ,60   ,127      ,7.248  ,8.447  ,0.858   
0     ,4      ,64   ,127      ,9.733  ,7.611  ,1.279   
0     ,4      ,68   ,127      ,8.662  ,10.756 ,0.805   
0     ,4      ,72   ,127      ,8.664  ,10.442 ,0.83    
0     ,4      ,76   ,127      ,8.627  ,10.41  ,0.829   
0     ,4      ,80   ,127      ,8.665  ,10.463 ,0.828   
0     ,4      ,84   ,127      ,8.691  ,10.431 ,0.833   
0     ,4      ,88   ,127      ,8.684  ,10.404 ,0.835   
0     ,4      ,92   ,127      ,8.117  ,10.401 ,0.78    
0     ,4      ,96   ,127      ,9.296  ,8.618  ,1.079   
0     ,5      ,13   ,127      ,5.716  ,7.509  ,0.761   
0     ,5      ,5    ,127      ,5.501  ,6.189  ,0.889   
0     ,6      ,14   ,127      ,5.706  ,7.543  ,0.757   
0     ,6      ,6    ,127      ,5.467  ,6.189  ,0.883   
0     ,7      ,15   ,127      ,5.698  ,7.527  ,0.757   
0     ,7      ,7    ,127      ,5.431  ,6.242  ,0.87    
1     ,0      ,1    ,127      ,5.399  ,5.483  ,0.985   
1     ,0      ,1024 ,127      ,35.596 ,33.909 ,1.05    
1     ,0      ,128  ,127      ,9.24   ,8.8    ,1.05    
1     ,0      ,16   ,127      ,5.853  ,8.071  ,0.725   
1     ,0      ,2    ,127      ,5.472  ,5.687  ,0.962   
1     ,0      ,256  ,127      ,14.813 ,12.973 ,1.142   
1     ,0      ,32   ,127      ,5.886  ,6.318  ,0.932   
1     ,0      ,4    ,127      ,5.975  ,7.923  ,0.754   
1     ,0      ,512  ,127      ,21.586 ,18.333 ,1.177   
1     ,0      ,64   ,127      ,7.928  ,7.555  ,1.049   
1     ,0      ,8    ,127      ,5.885  ,8.053  ,0.731   
1     ,0      ,9    ,127      ,5.689  ,7.738  ,0.735   
1     ,1      ,1    ,127      ,5.468  ,5.349  ,1.022   
1     ,1      ,16   ,127      ,5.911  ,7.902  ,0.748   
1     ,2      ,16   ,127      ,5.805  ,7.923  ,0.733   
1     ,6      ,1024 ,127      ,34.797 ,33.595 ,1.036   
1     ,7      ,100  ,127      ,8.653  ,11.444 ,0.756   
1     ,7      ,104  ,127      ,8.691  ,11.906 ,0.73    
1     ,7      ,108  ,127      ,8.717  ,11.628 ,0.75    
1     ,7      ,112  ,127      ,8.736  ,11.838 ,0.738   
1     ,7      ,116  ,127      ,8.738  ,11.699 ,0.747   
1     ,7      ,120  ,127      ,8.603  ,11.384 ,0.756   
1     ,7      ,124  ,127      ,8.62   ,11.426 ,0.754   
1     ,7      ,128  ,127      ,10.705 ,9.512  ,1.125   
1     ,7      ,132  ,127      ,9.921  ,13.287 ,0.747   
1     ,7      ,136  ,127      ,9.946  ,13.266 ,0.75    
1     ,7      ,140  ,127      ,9.971  ,12.109 ,0.823   
1     ,7      ,144  ,127      ,9.949  ,13.271 ,0.75    
1     ,7      ,148  ,127      ,9.974  ,11.989 ,0.832   
1     ,7      ,152  ,127      ,9.783  ,12.0   ,0.815   
1     ,7      ,156  ,127      ,9.862  ,11.936 ,0.826   
1     ,7      ,16   ,127      ,6.209  ,8.01   ,0.775   
1     ,7      ,160  ,127      ,13.912 ,10.526 ,1.322   
1     ,7      ,164  ,127      ,13.204 ,12.918 ,1.022   
1     ,7      ,168  ,127      ,13.207 ,12.994 ,1.016   
1     ,7      ,172  ,127      ,13.245 ,12.234 ,1.083   
1     ,7      ,176  ,127      ,13.242 ,12.979 ,1.02    
1     ,7      ,180  ,127      ,13.11  ,12.13  ,1.081   
1     ,7      ,184  ,127      ,12.868 ,12.1   ,1.063   
1     ,7      ,188  ,127      ,13.297 ,12.781 ,1.04    
1     ,7      ,192  ,127      ,15.475 ,11.365 ,1.362   
1     ,7      ,196  ,127      ,13.367 ,13.347 ,1.001   
1     ,7      ,20   ,127      ,5.899  ,7.961  ,0.741   
1     ,7      ,200  ,127      ,13.468 ,13.476 ,0.999   
1     ,7      ,204  ,127      ,13.321 ,13.246 ,1.006   
1     ,7      ,208  ,127      ,13.285 ,13.652 ,0.973   
1     ,7      ,212  ,127      ,13.409 ,13.235 ,1.013   
1     ,7      ,216  ,127      ,13.135 ,13.147 ,0.999   
1     ,7      ,220  ,127      ,13.248 ,13.051 ,1.015   
1     ,7      ,224  ,127      ,14.47  ,12.581 ,1.15    
1     ,7      ,228  ,127      ,13.553 ,13.354 ,1.015   
1     ,7      ,232  ,127      ,13.492 ,13.354 ,1.01    
1     ,7      ,236  ,127      ,13.549 ,12.692 ,1.068   
1     ,7      ,24   ,127      ,5.86   ,7.919  ,0.74    
1     ,7      ,240  ,127      ,13.543 ,13.213 ,1.025   
1     ,7      ,244  ,127      ,13.522 ,12.757 ,1.06    
1     ,7      ,248  ,127      ,13.356 ,12.711 ,1.051   
1     ,7      ,252  ,127      ,14.302 ,12.722 ,1.124   
1     ,7      ,256  ,127      ,17.677 ,14.983 ,1.18    
1     ,7      ,260  ,127      ,16.648 ,15.21  ,1.095   
1     ,7      ,264  ,127      ,16.706 ,15.247 ,1.096   
1     ,7      ,268  ,127      ,16.659 ,14.782 ,1.127   
1     ,7      ,272  ,127      ,16.624 ,15.376 ,1.081   
1     ,7      ,276  ,127      ,16.632 ,14.868 ,1.119   
1     ,7      ,28   ,127      ,5.849  ,7.72   ,0.758   
1     ,7      ,280  ,127      ,16.539 ,14.808 ,1.117   
1     ,7      ,284  ,127      ,16.5   ,14.829 ,1.113   
1     ,7      ,288  ,127      ,15.98  ,15.063 ,1.061   
1     ,7      ,292  ,127      ,14.907 ,15.874 ,0.939   
1     ,7      ,296  ,127      ,14.872 ,15.77  ,0.943   
1     ,7      ,300  ,127      ,14.978 ,15.287 ,0.98    
1     ,7      ,304  ,127      ,14.844 ,15.822 ,0.938   
1     ,7      ,308  ,127      ,14.767 ,15.398 ,0.959   
1     ,7      ,312  ,127      ,14.684 ,15.119 ,0.971   
1     ,7      ,316  ,127      ,15.122 ,15.723 ,0.962   
1     ,7      ,32   ,127      ,7.1    ,6.852  ,1.036   
1     ,7      ,320  ,127      ,18.581 ,15.443 ,1.203   
1     ,7      ,324  ,127      ,17.494 ,16.696 ,1.048   
1     ,7      ,328  ,127      ,17.642 ,16.811 ,1.049   
1     ,7      ,332  ,127      ,17.552 ,15.743 ,1.115   
1     ,7      ,336  ,127      ,17.519 ,16.907 ,1.036   
1     ,7      ,340  ,127      ,17.622 ,15.89  ,1.109   
1     ,7      ,344  ,127      ,17.285 ,15.905 ,1.087   
1     ,7      ,348  ,127      ,17.3   ,15.939 ,1.085   
1     ,7      ,352  ,127      ,18.081 ,15.533 ,1.164   
1     ,7      ,356  ,127      ,17.095 ,17.598 ,0.971   
1     ,7      ,36   ,127      ,7.067  ,9.929  ,0.712   
1     ,7      ,360  ,127      ,17.029 ,17.582 ,0.969   
1     ,7      ,364  ,127      ,17.139 ,16.389 ,1.046   
1     ,7      ,368  ,127      ,17.138 ,17.832 ,0.961   
1     ,7      ,372  ,127      ,17.196 ,16.563 ,1.038   
1     ,7      ,376  ,127      ,17.049 ,16.406 ,1.039   
1     ,7      ,380  ,127      ,17.238 ,16.524 ,1.043   
1     ,7      ,384  ,127      ,21.679 ,16.431 ,1.319   
1     ,7      ,388  ,127      ,20.154 ,18.882 ,1.067   
1     ,7      ,392  ,127      ,20.183 ,18.864 ,1.07    
1     ,7      ,396  ,127      ,20.24  ,17.288 ,1.171   
1     ,7      ,40   ,127      ,7.182  ,11.18  ,0.642   
1     ,7      ,400  ,127      ,20.214 ,19.135 ,1.056   
1     ,7      ,404  ,127      ,20.205 ,17.52  ,1.153   
1     ,7      ,408  ,127      ,19.738 ,17.522 ,1.126   
1     ,7      ,412  ,127      ,19.884 ,17.595 ,1.13    
1     ,7      ,416  ,127      ,18.686 ,16.931 ,1.104   
1     ,7      ,420  ,127      ,17.811 ,19.446 ,0.916   
1     ,7      ,424  ,127      ,17.882 ,19.775 ,0.904   
1     ,7      ,428  ,127      ,17.725 ,18.466 ,0.96    
1     ,7      ,432  ,127      ,17.729 ,20.084 ,0.883   
1     ,7      ,436  ,127      ,17.86  ,18.657 ,0.957   
1     ,7      ,44   ,127      ,7.175  ,11.181 ,0.642   
1     ,7      ,440  ,127      ,17.814 ,18.405 ,0.968   
1     ,7      ,444  ,127      ,18.203 ,18.867 ,0.965   
1     ,7      ,448  ,127      ,22.847 ,18.144 ,1.259   
1     ,7      ,452  ,127      ,21.53  ,20.335 ,1.059   
1     ,7      ,456  ,127      ,21.292 ,20.504 ,1.038   
1     ,7      ,460  ,127      ,21.43  ,19.39  ,1.105   
1     ,7      ,464  ,127      ,21.393 ,20.859 ,1.026   
1     ,7      ,468  ,127      ,21.429 ,19.46  ,1.101   
1     ,7      ,472  ,127      ,21.009 ,19.322 ,1.087   
1     ,7      ,476  ,127      ,20.999 ,19.589 ,1.072   
1     ,7      ,48   ,127      ,7.205  ,11.335 ,0.636   
1     ,7      ,480  ,127      ,21.709 ,18.258 ,1.189   
1     ,7      ,484  ,127      ,20.484 ,20.986 ,0.976   
1     ,7      ,488  ,127      ,20.454 ,21.184 ,0.966   
1     ,7      ,492  ,127      ,20.549 ,19.88  ,1.034   
1     ,7      ,496  ,127      ,20.486 ,21.463 ,0.954   
1     ,7      ,500  ,127      ,20.481 ,20.129 ,1.017   
1     ,7      ,504  ,127      ,19.858 ,19.836 ,1.001   
1     ,7      ,508  ,127      ,20.398 ,19.962 ,1.022   
1     ,7      ,512  ,127      ,25.327 ,19.175 ,1.321   
1     ,7      ,52   ,127      ,7.177  ,11.235 ,0.639   
1     ,7      ,56   ,127      ,7.395  ,10.431 ,0.709   
1     ,7      ,60   ,127      ,7.231  ,10.731 ,0.674   
1     ,7      ,64   ,127      ,9.471  ,8.394  ,1.128   
1     ,7      ,68   ,127      ,9.469  ,11.492 ,0.824   
1     ,7      ,72   ,127      ,8.82   ,11.821 ,0.746   
1     ,7      ,76   ,127      ,8.646  ,11.04  ,0.783   
1     ,7      ,80   ,127      ,8.663  ,11.842 ,0.732   
1     ,7      ,84   ,127      ,8.661  ,11.104 ,0.78    
1     ,7      ,88   ,127      ,8.093  ,11.086 ,0.73    
1     ,7      ,92   ,127      ,8.114  ,11.084 ,0.732   
1     ,7      ,96   ,127      ,9.273  ,8.936  ,1.038   
2     ,0      ,10   ,127      ,5.713  ,7.735  ,0.739   
2     ,0      ,2    ,127      ,4.335  ,4.998  ,0.867   
2     ,1      ,16   ,127      ,5.817  ,7.972  ,0.73    
2     ,2      ,100  ,127      ,7.868  ,10.984 ,0.716   
2     ,2      ,104  ,127      ,7.886  ,10.615 ,0.743   
2     ,2      ,108  ,127      ,7.889  ,10.625 ,0.742   
2     ,2      ,112  ,127      ,7.925  ,10.623 ,0.746   
2     ,2      ,116  ,127      ,7.899  ,10.578 ,0.747   
2     ,2      ,120  ,127      ,7.942  ,10.632 ,0.747   
2     ,2      ,124  ,127      ,7.911  ,10.515 ,0.752   
2     ,2      ,128  ,127      ,9.547  ,9.195  ,1.038   
2     ,2      ,132  ,127      ,9.438  ,12.7   ,0.743   
2     ,2      ,136  ,127      ,9.456  ,12.098 ,0.782   
2     ,2      ,140  ,127      ,9.564  ,11.982 ,0.798   
2     ,2      ,144  ,127      ,9.497  ,11.941 ,0.795   
2     ,2      ,148  ,127      ,9.451  ,12.047 ,0.785   
2     ,2      ,152  ,127      ,9.43   ,12.073 ,0.781   
2     ,2      ,156  ,127      ,9.533  ,12.0   ,0.794   
2     ,2      ,16   ,127      ,5.912  ,8.071  ,0.733   
2     ,2      ,160  ,127      ,11.511 ,9.226  ,1.248   
2     ,2      ,164  ,127      ,11.609 ,11.112 ,1.045   
2     ,2      ,168  ,127      ,11.494 ,11.087 ,1.037   
2     ,2      ,172  ,127      ,11.576 ,11.09  ,1.044   
2     ,2      ,176  ,127      ,11.575 ,11.077 ,1.045   
2     ,2      ,180  ,127      ,11.493 ,11.013 ,1.044   
2     ,2      ,184  ,127      ,11.535 ,10.996 ,1.049   
2     ,2      ,188  ,127      ,11.764 ,11.039 ,1.066   
2     ,2      ,192  ,127      ,12.033 ,9.686  ,1.242   
2     ,2      ,196  ,127      ,12.041 ,11.695 ,1.03    
2     ,2      ,2    ,127      ,5.454  ,5.267  ,1.036   
2     ,2      ,20   ,127      ,5.89   ,8.017  ,0.735   
2     ,2      ,200  ,127      ,12.116 ,11.206 ,1.081   
2     ,2      ,204  ,127      ,12.018 ,11.165 ,1.076   
2     ,2      ,208  ,127      ,12.008 ,11.409 ,1.052   
2     ,2      ,212  ,127      ,12.143 ,11.402 ,1.065   
2     ,2      ,216  ,127      ,12.071 ,11.458 ,1.054   
2     ,2      ,220  ,127      ,12.078 ,11.285 ,1.07    
2     ,2      ,224  ,127      ,11.623 ,10.589 ,1.098   
2     ,2      ,228  ,127      ,11.598 ,11.806 ,0.982   
2     ,2      ,232  ,127      ,11.597 ,11.424 ,1.015   
2     ,2      ,236  ,127      ,11.705 ,11.334 ,1.033   
2     ,2      ,24   ,127      ,5.864  ,8.007  ,0.732   
2     ,2      ,240  ,127      ,11.544 ,11.216 ,1.029   
2     ,2      ,244  ,127      ,11.598 ,11.264 ,1.03    
2     ,2      ,248  ,127      ,11.598 ,11.213 ,1.034   
2     ,2      ,252  ,127      ,11.608 ,11.176 ,1.039   
2     ,2      ,256  ,127      ,12.96  ,12.79  ,1.013   
2     ,2      ,260  ,127      ,12.847 ,13.126 ,0.979   
2     ,2      ,264  ,127      ,13.008 ,12.678 ,1.026   
2     ,2      ,268  ,127      ,13.003 ,12.73  ,1.021   
2     ,2      ,272  ,127      ,12.923 ,12.667 ,1.02    
2     ,2      ,276  ,127      ,12.887 ,12.645 ,1.019   
2     ,2      ,28   ,127      ,5.855  ,7.881  ,0.743   
2     ,2      ,280  ,127      ,12.93  ,12.696 ,1.018   
2     ,2      ,284  ,127      ,12.905 ,12.649 ,1.02    
2     ,2      ,288  ,127      ,12.342 ,13.51  ,0.914   
2     ,2      ,292  ,127      ,12.285 ,13.664 ,0.899   
2     ,2      ,296  ,127      ,12.262 ,13.276 ,0.924   
2     ,2      ,300  ,127      ,12.287 ,13.228 ,0.929   
2     ,2      ,304  ,127      ,12.228 ,13.194 ,0.927   
2     ,2      ,308  ,127      ,12.293 ,13.111 ,0.938   
2     ,2      ,312  ,127      ,12.28  ,13.14  ,0.935   
2     ,2      ,316  ,127      ,12.252 ,13.166 ,0.931   
2     ,2      ,32   ,127      ,7.155  ,5.827  ,1.228   
2     ,2      ,320  ,127      ,14.477 ,14.334 ,1.01    
2     ,2      ,324  ,127      ,14.432 ,14.355 ,1.005   
2     ,2      ,328  ,127      ,14.492 ,13.613 ,1.065   
2     ,2      ,332  ,127      ,14.421 ,13.534 ,1.066   
2     ,2      ,336  ,127      ,14.422 ,13.665 ,1.055   
2     ,2      ,340  ,127      ,14.45  ,13.587 ,1.063   
2     ,2      ,344  ,127      ,14.532 ,13.575 ,1.071   
2     ,2      ,348  ,127      ,14.488 ,13.569 ,1.068   
2     ,2      ,352  ,127      ,13.998 ,14.031 ,0.998   
2     ,2      ,356  ,127      ,13.966 ,14.299 ,0.977   
2     ,2      ,36   ,127      ,7.231  ,8.821  ,0.82    
2     ,2      ,360  ,127      ,13.959 ,14.236 ,0.981   
2     ,2      ,364  ,127      ,13.989 ,14.225 ,0.983   
2     ,2      ,368  ,127      ,13.917 ,13.515 ,1.03    
2     ,2      ,372  ,127      ,13.991 ,13.503 ,1.036   
2     ,2      ,376  ,127      ,13.99  ,13.54  ,1.033   
2     ,2      ,380  ,127      ,13.891 ,13.565 ,1.024   
2     ,2      ,384  ,127      ,16.582 ,14.561 ,1.139   
2     ,2      ,388  ,127      ,16.5   ,14.712 ,1.121   
2     ,2      ,392  ,127      ,16.584 ,14.564 ,1.139   
2     ,2      ,396  ,127      ,16.577 ,14.515 ,1.142   
2     ,2      ,40   ,127      ,7.232  ,9.525  ,0.759   
2     ,2      ,400  ,127      ,16.531 ,14.034 ,1.178   
2     ,2      ,404  ,127      ,16.543 ,14.006 ,1.181   
2     ,2      ,408  ,127      ,16.506 ,14.043 ,1.175   
2     ,2      ,412  ,127      ,16.509 ,14.111 ,1.17    
2     ,2      ,416  ,127      ,15.039 ,15.238 ,0.987   
2     ,2      ,420  ,127      ,15.024 ,15.527 ,0.968   
2     ,2      ,424  ,127      ,14.997 ,14.832 ,1.011   
2     ,2      ,428  ,127      ,14.992 ,14.947 ,1.003   
2     ,2      ,432  ,127      ,14.955 ,14.741 ,1.015   
2     ,2      ,436  ,127      ,15.06  ,14.835 ,1.015   
2     ,2      ,44   ,127      ,7.145  ,9.506  ,0.752   
2     ,2      ,440  ,127      ,15.06  ,14.81  ,1.017   
2     ,2      ,444  ,127      ,14.929 ,14.931 ,1.0     
2     ,2      ,448  ,127      ,17.362 ,15.781 ,1.1     
2     ,2      ,452  ,127      ,18.32  ,16.092 ,1.138   
2     ,2      ,456  ,127      ,17.343 ,15.513 ,1.118   
2     ,2      ,460  ,127      ,17.299 ,15.568 ,1.111   
2     ,2      ,464  ,127      ,17.432 ,15.516 ,1.124   
2     ,2      ,468  ,127      ,17.335 ,15.477 ,1.12    
2     ,2      ,472  ,127      ,17.275 ,15.502 ,1.114   
2     ,2      ,476  ,127      ,17.438 ,15.483 ,1.126   
2     ,2      ,48   ,127      ,7.179  ,9.607  ,0.747   
2     ,2      ,480  ,127      ,16.471 ,16.128 ,1.021   
2     ,2      ,484  ,127      ,16.573 ,16.505 ,1.004   
2     ,2      ,488  ,127      ,16.432 ,15.834 ,1.038   
2     ,2      ,492  ,127      ,16.399 ,15.905 ,1.031   
2     ,2      ,496  ,127      ,16.283 ,15.882 ,1.025   
2     ,2      ,500  ,127      ,16.401 ,15.873 ,1.033   
2     ,2      ,504  ,127      ,16.353 ,15.896 ,1.029   
2     ,2      ,508  ,127      ,16.448 ,16.023 ,1.026   
2     ,2      ,512  ,127      ,18.518 ,16.778 ,1.104   
2     ,2      ,52   ,127      ,7.262  ,9.614  ,0.755   
2     ,2      ,56   ,127      ,7.175  ,9.683  ,0.741   
2     ,2      ,60   ,127      ,7.144  ,9.591  ,0.745   
2     ,2      ,64   ,127      ,8.227  ,8.487  ,0.969   
2     ,2      ,68   ,127      ,8.194  ,10.857 ,0.755   
2     ,2      ,72   ,127      ,8.201  ,10.914 ,0.751   
2     ,2      ,76   ,127      ,8.193  ,10.917 ,0.75    
2     ,2      ,80   ,127      ,8.421  ,11.019 ,0.764   
2     ,2      ,84   ,127      ,8.182  ,10.931 ,0.748   
2     ,2      ,88   ,127      ,8.216  ,10.833 ,0.758   
2     ,2      ,92   ,127      ,8.23   ,10.962 ,0.751   
2     ,2      ,96   ,127      ,7.888  ,8.589  ,0.918   
2     ,4      ,32   ,127      ,7.077  ,6.982  ,1.013   
2     ,4      ,512  ,127      ,23.407 ,18.536 ,1.263   
2     ,5      ,256  ,127      ,16.29  ,14.737 ,1.105   
2     ,6      ,100  ,127      ,8.674  ,12.158 ,0.713   
2     ,6      ,104  ,127      ,8.692  ,11.789 ,0.737   
2     ,6      ,108  ,127      ,8.717  ,11.588 ,0.752   
2     ,6      ,112  ,127      ,8.735  ,11.923 ,0.733   
2     ,6      ,116  ,127      ,8.712  ,11.73  ,0.743   
2     ,6      ,120  ,127      ,8.756  ,11.658 ,0.751   
2     ,6      ,124  ,127      ,8.641  ,11.442 ,0.755   
2     ,6      ,128  ,127      ,10.76  ,9.793  ,1.099   
2     ,6      ,132  ,127      ,9.903  ,13.876 ,0.714   
2     ,6      ,136  ,127      ,9.92   ,13.355 ,0.743   
2     ,6      ,140  ,127      ,9.993  ,12.067 ,0.828   
2     ,6      ,144  ,127      ,9.97   ,13.291 ,0.75    
2     ,6      ,148  ,127      ,9.919  ,11.952 ,0.83    
2     ,6      ,152  ,127      ,9.922  ,11.959 ,0.83    
2     ,6      ,156  ,127      ,9.856  ,11.987 ,0.822   
2     ,6      ,16   ,127      ,5.926  ,8.237  ,0.719   
2     ,6      ,160  ,127      ,13.899 ,10.517 ,1.321   
2     ,6      ,164  ,127      ,13.226 ,14.049 ,0.941   
2     ,6      ,168  ,127      ,13.11  ,13.117 ,0.999   
2     ,6      ,172  ,127      ,13.207 ,12.114 ,1.09    
2     ,6      ,176  ,127      ,13.241 ,13.015 ,1.017   
2     ,6      ,180  ,127      ,13.121 ,12.042 ,1.09    
2     ,6      ,184  ,127      ,13.243 ,12.046 ,1.099   
2     ,6      ,188  ,127      ,13.272 ,12.561 ,1.057   
2     ,6      ,192  ,127      ,15.485 ,11.711 ,1.322   
2     ,6      ,196  ,127      ,13.316 ,15.076 ,0.883   
2     ,6      ,20   ,127      ,5.883  ,7.96   ,0.739   
2     ,6      ,200  ,127      ,13.439 ,13.452 ,0.999   
2     ,6      ,204  ,127      ,13.321 ,13.255 ,1.005   
2     ,6      ,208  ,127      ,13.286 ,13.475 ,0.986   
2     ,6      ,212  ,127      ,13.432 ,13.197 ,1.018   
2     ,6      ,216  ,127      ,13.349 ,13.12  ,1.017   
2     ,6      ,220  ,127      ,13.171 ,13.133 ,1.003   
2     ,6      ,224  ,127      ,14.478 ,12.527 ,1.156   
2     ,6      ,228  ,127      ,13.496 ,14.105 ,0.957   
2     ,6      ,232  ,127      ,13.458 ,13.45  ,1.001   
2     ,6      ,236  ,127      ,13.617 ,12.706 ,1.072   
2     ,6      ,24   ,127      ,5.908  ,7.996  ,0.739   
2     ,6      ,240  ,127      ,13.427 ,13.281 ,1.011   
2     ,6      ,244  ,127      ,13.493 ,12.809 ,1.053   
2     ,6      ,248  ,127      ,13.492 ,12.76  ,1.057   
2     ,6      ,252  ,127      ,14.27  ,12.664 ,1.127   
2     ,6      ,256  ,127      ,17.711 ,14.955 ,1.184   
2     ,6      ,260  ,127      ,16.513 ,15.806 ,1.045   
2     ,6      ,264  ,127      ,16.713 ,15.522 ,1.077   
2     ,6      ,268  ,127      ,16.705 ,14.741 ,1.133   
2     ,6      ,272  ,127      ,16.547 ,15.387 ,1.075   
2     ,6      ,276  ,127      ,16.554 ,14.844 ,1.115   
2     ,6      ,28   ,127      ,5.845  ,7.68   ,0.761   
2     ,6      ,280  ,127      ,16.588 ,14.944 ,1.11    
2     ,6      ,284  ,127      ,16.504 ,14.853 ,1.111   
2     ,6      ,288  ,127      ,15.956 ,14.763 ,1.081   
2     ,6      ,292  ,127      ,14.876 ,16.408 ,0.907   
2     ,6      ,296  ,127      ,14.834 ,15.793 ,0.939   
2     ,6      ,300  ,127      ,14.825 ,15.31  ,0.968   
2     ,6      ,304  ,127      ,14.826 ,15.8   ,0.938   
2     ,6      ,308  ,127      ,14.786 ,15.319 ,0.965   
2     ,6      ,312  ,127      ,14.916 ,15.276 ,0.976   
2     ,6      ,316  ,127      ,15.132 ,15.681 ,0.965   
2     ,6      ,32   ,127      ,7.114  ,6.855  ,1.038   
2     ,6      ,320  ,127      ,18.67  ,16.128 ,1.158   
2     ,6      ,324  ,127      ,17.532 ,17.102 ,1.025   
2     ,6      ,328  ,127      ,17.683 ,16.718 ,1.058   
2     ,6      ,332  ,127      ,17.584 ,15.732 ,1.118   
2     ,6      ,336  ,127      ,17.511 ,16.996 ,1.03    
2     ,6      ,340  ,127      ,17.547 ,15.884 ,1.105   
2     ,6      ,344  ,127      ,17.596 ,15.906 ,1.106   
2     ,6      ,348  ,127      ,17.27  ,15.857 ,1.089   
2     ,6      ,352  ,127      ,18.095 ,15.581 ,1.161   
2     ,6      ,356  ,127      ,16.98  ,17.942 ,0.946   
2     ,6      ,36   ,127      ,7.148  ,10.623 ,0.673   
2     ,6      ,360  ,127      ,17.033 ,17.597 ,0.968   
2     ,6      ,364  ,127      ,17.229 ,16.408 ,1.05    
2     ,6      ,368  ,127      ,16.994 ,17.685 ,0.961   
2     ,6      ,372  ,127      ,17.064 ,16.488 ,1.035   
2     ,6      ,376  ,127      ,17.079 ,16.459 ,1.038   
2     ,6      ,380  ,127      ,17.438 ,16.552 ,1.054   
2     ,6      ,384  ,127      ,21.837 ,16.604 ,1.315   
2     ,6      ,388  ,127      ,20.12  ,19.271 ,1.044   
2     ,6      ,392  ,127      ,20.214 ,18.907 ,1.069   
2     ,6      ,396  ,127      ,20.221 ,17.224 ,1.174   
2     ,6      ,40   ,127      ,7.115  ,11.178 ,0.637   
2     ,6      ,400  ,127      ,20.217 ,19.011 ,1.063   
2     ,6      ,404  ,127      ,20.218 ,17.433 ,1.16    
2     ,6      ,408  ,127      ,20.178 ,17.424 ,1.158   
2     ,6      ,412  ,127      ,19.81  ,17.726 ,1.118   
2     ,6      ,416  ,127      ,18.583 ,16.869 ,1.102   
2     ,6      ,420  ,127      ,17.843 ,20.301 ,0.879   
2     ,6      ,424  ,127      ,17.894 ,20.13  ,0.889   
2     ,6      ,428  ,127      ,17.773 ,18.321 ,0.97    
2     ,6      ,432  ,127      ,17.739 ,20.142 ,0.881   
2     ,6      ,436  ,127      ,17.815 ,18.627 ,0.956   
2     ,6      ,44   ,127      ,7.187  ,10.434 ,0.689   
2     ,6      ,440  ,127      ,17.785 ,18.644 ,0.954   
2     ,6      ,444  ,127      ,18.204 ,18.822 ,0.967   
2     ,6      ,448  ,127      ,22.848 ,17.88  ,1.278   
2     ,6      ,452  ,127      ,21.339 ,20.898 ,1.021   
2     ,6      ,456  ,127      ,21.24  ,20.598 ,1.031   
2     ,6      ,460  ,127      ,21.34  ,19.344 ,1.103   
2     ,6      ,464  ,127      ,21.384 ,20.757 ,1.03    
2     ,6      ,468  ,127      ,21.357 ,19.406 ,1.101   
2     ,6      ,472  ,127      ,21.457 ,19.436 ,1.104   
2     ,6      ,476  ,127      ,21.0   ,19.463 ,1.079   
2     ,6      ,48   ,127      ,7.136  ,10.981 ,0.65    
2     ,6      ,480  ,127      ,21.645 ,18.138 ,1.193   
2     ,6      ,484  ,127      ,20.543 ,21.588 ,0.952   
2     ,6      ,488  ,127      ,20.434 ,21.355 ,0.957   
2     ,6      ,492  ,127      ,20.388 ,19.818 ,1.029   
2     ,6      ,496  ,127      ,20.359 ,21.427 ,0.95    
2     ,6      ,500  ,127      ,20.461 ,20.071 ,1.019   
2     ,6      ,504  ,127      ,20.417 ,20.019 ,1.02    
2     ,6      ,508  ,127      ,20.356 ,19.997 ,1.018   
2     ,6      ,512  ,127      ,25.119 ,19.028 ,1.32    
2     ,6      ,52   ,127      ,7.188  ,10.864 ,0.662   
2     ,6      ,56   ,127      ,7.201  ,10.429 ,0.69    
2     ,6      ,60   ,127      ,6.969  ,10.728 ,0.65    
2     ,6      ,64   ,127      ,9.471  ,8.94   ,1.059   
2     ,6      ,68   ,127      ,8.667  ,11.834 ,0.732   
2     ,6      ,72   ,127      ,8.665  ,11.815 ,0.733   
2     ,6      ,76   ,127      ,8.645  ,11.018 ,0.785   
2     ,6      ,80   ,127      ,8.666  ,11.862 ,0.731   
2     ,6      ,84   ,127      ,8.644  ,11.078 ,0.78    
2     ,6      ,88   ,127      ,8.665  ,11.028 ,0.786   
2     ,6      ,92   ,127      ,8.128  ,11.07  ,0.734   
2     ,6      ,96   ,127      ,9.29   ,9.198  ,1.01    
3     ,0      ,11   ,127      ,5.715  ,7.856  ,0.728   
3     ,0      ,3    ,127      ,5.733  ,4.966  ,1.154   
3     ,2      ,256  ,127      ,15.08  ,12.097 ,1.247   
3     ,3      ,64   ,127      ,8.161  ,7.405  ,1.102   
3     ,4      ,100  ,127      ,8.89   ,11.594 ,0.767   
3     ,4      ,104  ,127      ,8.89   ,11.594 ,0.767   
3     ,4      ,108  ,127      ,8.865  ,11.772 ,0.753   
3     ,4      ,112  ,127      ,8.932  ,11.948 ,0.748   
3     ,4      ,116  ,127      ,8.987  ,11.787 ,0.762   
3     ,4      ,120  ,127      ,8.951  ,11.736 ,0.763   
3     ,4      ,124  ,127      ,8.762  ,11.787 ,0.743   
3     ,4      ,128  ,127      ,10.221 ,9.861  ,1.037   
3     ,4      ,132  ,127      ,10.158 ,13.278 ,0.765   
3     ,4      ,136  ,127      ,10.232 ,12.356 ,0.828   
3     ,4      ,140  ,127      ,10.234 ,12.212 ,0.838   
3     ,4      ,144  ,127      ,10.204 ,12.155 ,0.84    
3     ,4      ,148  ,127      ,10.26  ,12.154 ,0.844   
3     ,4      ,152  ,127      ,10.131 ,12.126 ,0.835   
3     ,4      ,156  ,127      ,9.722  ,12.209 ,0.796   
3     ,4      ,16   ,127      ,5.925  ,8.012  ,0.74    
3     ,4      ,160  ,127      ,13.478 ,12.127 ,1.111   
3     ,4      ,164  ,127      ,13.574 ,12.719 ,1.067   
3     ,4      ,168  ,127      ,13.57  ,12.439 ,1.091   
3     ,4      ,172  ,127      ,13.621 ,12.459 ,1.093   
3     ,4      ,176  ,127      ,13.557 ,12.385 ,1.095   
3     ,4      ,180  ,127      ,13.45  ,12.43  ,1.082   
3     ,4      ,184  ,127      ,13.508 ,12.429 ,1.087   
3     ,4      ,188  ,127      ,13.694 ,12.564 ,1.09    
3     ,4      ,192  ,127      ,13.248 ,11.956 ,1.108   
3     ,4      ,196  ,127      ,13.271 ,13.888 ,0.956   
3     ,4      ,20   ,127      ,5.876  ,7.921  ,0.742   
3     ,4      ,200  ,127      ,13.425 ,13.755 ,0.976   
3     ,4      ,204  ,127      ,13.292 ,13.816 ,0.962   
3     ,4      ,208  ,127      ,13.303 ,13.45  ,0.989   
3     ,4      ,212  ,127      ,13.367 ,13.586 ,0.984   
3     ,4      ,216  ,127      ,13.275 ,13.563 ,0.979   
3     ,4      ,220  ,127      ,12.505 ,13.457 ,0.929   
3     ,4      ,224  ,127      ,13.484 ,13.301 ,1.014   
3     ,4      ,228  ,127      ,13.496 ,13.843 ,0.975   
3     ,4      ,232  ,127      ,13.523 ,13.478 ,1.003   
3     ,4      ,236  ,127      ,13.513 ,13.268 ,1.018   
3     ,4      ,24   ,127      ,5.848  ,7.92   ,0.738   
3     ,4      ,240  ,127      ,13.558 ,13.394 ,1.012   
3     ,4      ,244  ,127      ,13.613 ,13.461 ,1.011   
3     ,4      ,248  ,127      ,13.458 ,13.451 ,1.001   
3     ,4      ,252  ,127      ,14.224 ,13.309 ,1.069   
3     ,4      ,256  ,127      ,16.472 ,14.538 ,1.133   
3     ,4      ,260  ,127      ,16.636 ,15.872 ,1.048   
3     ,4      ,264  ,127      ,16.715 ,15.649 ,1.068   
3     ,4      ,268  ,127      ,16.657 ,15.424 ,1.08    
3     ,4      ,272  ,127      ,16.646 ,15.545 ,1.071   
3     ,4      ,276  ,127      ,16.634 ,15.469 ,1.075   
3     ,4      ,28   ,127      ,5.861  ,7.868  ,0.745   
3     ,4      ,280  ,127      ,16.629 ,15.473 ,1.075   
3     ,4      ,284  ,127      ,15.266 ,15.518 ,0.984   
3     ,4      ,288  ,127      ,14.999 ,14.644 ,1.024   
3     ,4      ,292  ,127      ,14.913 ,16.49  ,0.904   
3     ,4      ,296  ,127      ,14.936 ,16.059 ,0.93    
3     ,4      ,300  ,127      ,14.961 ,15.802 ,0.947   
3     ,4      ,304  ,127      ,14.843 ,15.875 ,0.935   
3     ,4      ,308  ,127      ,14.812 ,15.895 ,0.932   
3     ,4      ,312  ,127      ,14.918 ,15.779 ,0.945   
3     ,4      ,316  ,127      ,15.271 ,16.109 ,0.948   
3     ,4      ,32   ,127      ,7.1    ,6.908  ,1.028   
3     ,4      ,320  ,127      ,17.543 ,14.948 ,1.174   
3     ,4      ,324  ,127      ,17.516 ,17.281 ,1.014   
3     ,4      ,328  ,127      ,17.615 ,16.232 ,1.085   
3     ,4      ,332  ,127      ,17.635 ,16.187 ,1.089   
3     ,4      ,336  ,127      ,17.578 ,16.147 ,1.089   
3     ,4      ,340  ,127      ,17.531 ,16.231 ,1.08    
3     ,4      ,344  ,127      ,17.583 ,16.269 ,1.081   
3     ,4      ,348  ,127      ,16.52  ,16.405 ,1.007   
3     ,4      ,352  ,127      ,17.233 ,15.243 ,1.131   
3     ,4      ,356  ,127      ,17.229 ,18.213 ,0.946   
3     ,4      ,36   ,127      ,7.248  ,10.507 ,0.69    
3     ,4      ,360  ,127      ,17.23  ,17.238 ,1.0     
3     ,4      ,364  ,127      ,17.229 ,16.762 ,1.028   
3     ,4      ,368  ,127      ,17.227 ,17.231 ,1.0     
3     ,4      ,372  ,127      ,17.313 ,17.335 ,0.999   
3     ,4      ,376  ,127      ,17.175 ,17.217 ,0.998   
3     ,4      ,380  ,127      ,17.31  ,16.929 ,1.022   
3     ,4      ,384  ,127      ,20.196 ,16.484 ,1.225   
3     ,4      ,388  ,127      ,20.138 ,19.287 ,1.044   
3     ,4      ,392  ,127      ,20.223 ,17.746 ,1.14    
3     ,4      ,396  ,127      ,20.155 ,17.472 ,1.154   
3     ,4      ,40   ,127      ,7.325  ,10.354 ,0.708   
3     ,4      ,400  ,127      ,20.153 ,17.828 ,1.13    
3     ,4      ,404  ,127      ,20.344 ,17.974 ,1.132   
3     ,4      ,408  ,127      ,20.217 ,17.886 ,1.13    
3     ,4      ,412  ,127      ,18.958 ,17.862 ,1.061   
3     ,4      ,416  ,127      ,18.345 ,16.725 ,1.097   
3     ,4      ,420  ,127      ,18.295 ,20.399 ,0.897   
3     ,4      ,424  ,127      ,18.347 ,18.955 ,0.968   
3     ,4      ,428  ,127      ,18.309 ,19.114 ,0.958   
3     ,4      ,432  ,127      ,18.267 ,18.898 ,0.967   
3     ,4      ,436  ,127      ,18.347 ,19.086 ,0.961   
3     ,4      ,44   ,127      ,7.238  ,10.351 ,0.699   
3     ,4      ,440  ,127      ,18.291 ,19.002 ,0.963   
3     ,4      ,444  ,127      ,18.791 ,19.371 ,0.97    
3     ,4      ,448  ,127      ,21.458 ,17.654 ,1.215   
3     ,4      ,452  ,127      ,21.514 ,21.189 ,1.015   
3     ,4      ,456  ,127      ,21.408 ,19.939 ,1.074   
3     ,4      ,460  ,127      ,21.487 ,19.806 ,1.085   
3     ,4      ,464  ,127      ,21.411 ,19.96  ,1.073   
3     ,4      ,468  ,127      ,21.565 ,19.879 ,1.085   
3     ,4      ,472  ,127      ,21.584 ,20.055 ,1.076   
3     ,4      ,476  ,127      ,20.019 ,20.178 ,0.992   
3     ,4      ,48   ,127      ,7.168  ,10.518 ,0.682   
3     ,4      ,480  ,127      ,20.519 ,18.311 ,1.121   
3     ,4      ,484  ,127      ,20.408 ,21.512 ,0.949   
3     ,4      ,488  ,127      ,20.503 ,20.235 ,1.013   
3     ,4      ,492  ,127      ,20.466 ,20.25  ,1.011   
3     ,4      ,496  ,127      ,20.385 ,20.326 ,1.003   
3     ,4      ,500  ,127      ,20.484 ,20.33  ,1.008   
3     ,4      ,504  ,127      ,20.493 ,20.366 ,1.006   
3     ,4      ,508  ,127      ,20.502 ,20.226 ,1.014   
3     ,4      ,512  ,127      ,23.499 ,18.581 ,1.265   
3     ,4      ,52   ,127      ,7.19   ,10.383 ,0.692   
3     ,4      ,56   ,127      ,7.206  ,10.588 ,0.681   
3     ,4      ,60   ,127      ,7.239  ,10.729 ,0.675   
3     ,4      ,64   ,127      ,8.643  ,8.88   ,0.973   
3     ,4      ,68   ,127      ,8.679  ,11.813 ,0.735   
3     ,4      ,72   ,127      ,8.893  ,11.123 ,0.8     
3     ,4      ,76   ,127      ,8.635  ,11.147 ,0.775   
3     ,4      ,80   ,127      ,8.637  ,11.154 ,0.774   
3     ,4      ,84   ,127      ,8.677  ,11.166 ,0.777   
3     ,4      ,88   ,127      ,8.66   ,11.155 ,0.776   
3     ,4      ,92   ,127      ,8.218  ,11.203 ,0.734   
3     ,4      ,96   ,127      ,8.888  ,10.027 ,0.886   
3     ,6      ,64   ,127      ,9.434  ,8.221  ,1.147   
4     ,0      ,100  ,127      ,7.903  ,10.756 ,0.735   
4     ,0      ,104  ,127      ,7.914  ,10.387 ,0.762   
4     ,0      ,108  ,127      ,7.941  ,10.816 ,0.734   
4     ,0      ,112  ,127      ,7.969  ,10.596 ,0.752   
4     ,0      ,116  ,127      ,7.97   ,10.579 ,0.753   
4     ,0      ,12   ,127      ,5.301  ,7.448  ,0.712   
4     ,0      ,120  ,127      ,7.21   ,10.388 ,0.694   
4     ,0      ,124  ,127      ,8.779  ,8.531  ,1.029   
4     ,0      ,128  ,127      ,9.162  ,9.223  ,0.993   
4     ,0      ,132  ,127      ,9.275  ,12.745 ,0.728   
4     ,0      ,136  ,127      ,9.246  ,12.694 ,0.728   
4     ,0      ,140  ,127      ,9.32   ,12.702 ,0.734   
4     ,0      ,144  ,127      ,9.315  ,12.564 ,0.741   
4     ,0      ,148  ,127      ,9.273  ,12.69  ,0.731   
4     ,0      ,152  ,127      ,8.579  ,12.687 ,0.676   
4     ,0      ,156  ,127      ,12.065 ,9.049  ,1.333   
4     ,0      ,16   ,127      ,5.915  ,8.01   ,0.738   
4     ,0      ,160  ,127      ,12.333 ,9.716  ,1.269   
4     ,0      ,164  ,127      ,12.511 ,11.204 ,1.117   
4     ,0      ,168  ,127      ,12.307 ,11.495 ,1.071   
4     ,0      ,172  ,127      ,12.361 ,11.011 ,1.123   
4     ,0      ,176  ,127      ,12.444 ,12.138 ,1.025   
4     ,0      ,180  ,127      ,12.329 ,12.169 ,1.013   
4     ,0      ,184  ,127      ,10.945 ,11.926 ,0.918   
4     ,0      ,188  ,127      ,12.53  ,9.656  ,1.298   
4     ,0      ,192  ,127      ,12.828 ,10.193 ,1.258   
4     ,0      ,196  ,127      ,12.762 ,12.275 ,1.04    
4     ,0      ,20   ,127      ,5.87   ,7.975  ,0.736   
4     ,0      ,200  ,127      ,12.821 ,11.43  ,1.122   
4     ,0      ,204  ,127      ,12.817 ,12.141 ,1.056   
4     ,0      ,208  ,127      ,12.717 ,11.388 ,1.117   
4     ,0      ,212  ,127      ,12.837 ,11.399 ,1.126   
4     ,0      ,216  ,127      ,11.918 ,11.436 ,1.042   
4     ,0      ,220  ,127      ,13.776 ,10.256 ,1.343   
4     ,0      ,224  ,127      ,12.951 ,10.793 ,1.2     
4     ,0      ,228  ,127      ,12.942 ,11.647 ,1.111   
4     ,0      ,232  ,127      ,12.829 ,11.672 ,1.099   
4     ,0      ,236  ,127      ,12.987 ,11.609 ,1.119   
4     ,0      ,24   ,127      ,5.872  ,7.921  ,0.741   
4     ,0      ,240  ,127      ,12.885 ,11.484 ,1.122   
4     ,0      ,244  ,127      ,12.949 ,11.586 ,1.118   
4     ,0      ,248  ,127      ,12.211 ,11.613 ,1.051   
4     ,0      ,252  ,127      ,13.786 ,12.566 ,1.097   
4     ,0      ,256  ,127      ,14.861 ,13.165 ,1.129   
4     ,0      ,260  ,127      ,14.82  ,13.294 ,1.115   
4     ,0      ,264  ,127      ,14.984 ,13.238 ,1.132   
4     ,0      ,268  ,127      ,15.065 ,13.252 ,1.137   
4     ,0      ,272  ,127      ,14.996 ,13.067 ,1.148   
4     ,0      ,276  ,127      ,14.894 ,13.049 ,1.141   
4     ,0      ,28   ,127      ,5.345  ,7.504  ,0.712   
4     ,0      ,280  ,127      ,13.658 ,13.2   ,1.035   
4     ,0      ,284  ,127      ,13.978 ,13.346 ,1.047   
4     ,0      ,288  ,127      ,13.884 ,14.03  ,0.99    
4     ,0      ,292  ,127      ,13.868 ,14.037 ,0.988   
4     ,0      ,296  ,127      ,13.925 ,13.946 ,0.999   
4     ,0      ,300  ,127      ,13.917 ,13.899 ,1.001   
4     ,0      ,304  ,127      ,13.85  ,13.828 ,1.002   
4     ,0      ,308  ,127      ,14.014 ,13.855 ,1.011   
4     ,0      ,312  ,127      ,13.385 ,13.849 ,0.966   
4     ,0      ,316  ,127      ,15.255 ,13.921 ,1.096   
4     ,0      ,32   ,127      ,5.901  ,5.682  ,1.039   
4     ,0      ,320  ,127      ,16.387 ,14.466 ,1.133   
4     ,0      ,324  ,127      ,16.17  ,14.582 ,1.109   
4     ,0      ,328  ,127      ,16.288 ,14.546 ,1.12    
4     ,0      ,332  ,127      ,16.265 ,14.815 ,1.098   
4     ,0      ,336  ,127      ,16.255 ,14.575 ,1.115   
4     ,0      ,340  ,127      ,16.212 ,14.477 ,1.12    
4     ,0      ,344  ,127      ,14.934 ,14.469 ,1.032   
4     ,0      ,348  ,127      ,15.854 ,14.666 ,1.081   
4     ,0      ,352  ,127      ,15.962 ,14.87  ,1.073   
4     ,0      ,356  ,127      ,15.995 ,15.246 ,1.049   
4     ,0      ,36   ,127      ,5.929  ,7.042  ,0.842   
4     ,0      ,360  ,127      ,16.009 ,15.004 ,1.067   
4     ,0      ,364  ,127      ,15.976 ,15.25  ,1.048   
4     ,0      ,368  ,127      ,15.972 ,15.217 ,1.05    
4     ,0      ,372  ,127      ,15.982 ,15.051 ,1.062   
4     ,0      ,376  ,127      ,14.733 ,15.223 ,0.968   
4     ,0      ,380  ,127      ,17.353 ,15.283 ,1.135   
4     ,0      ,384  ,127      ,18.676 ,16.606 ,1.125   
4     ,0      ,388  ,127      ,18.551 ,17.242 ,1.076   
4     ,0      ,392  ,127      ,18.595 ,16.706 ,1.113   
4     ,0      ,396  ,127      ,18.625 ,17.321 ,1.075   
4     ,0      ,4    ,127      ,4.353  ,6.063  ,0.718   
4     ,0      ,40   ,127      ,5.965  ,9.573  ,0.623   
4     ,0      ,400  ,127      ,18.516 ,16.97  ,1.091   
4     ,0      ,404  ,127      ,18.512 ,16.878 ,1.097   
4     ,0      ,408  ,127      ,17.167 ,16.962 ,1.012   
4     ,0      ,412  ,127      ,17.214 ,16.075 ,1.071   
4     ,0      ,416  ,127      ,17.344 ,17.273 ,1.004   
4     ,0      ,420  ,127      ,17.37  ,17.705 ,0.981   
4     ,0      ,424  ,127      ,17.289 ,17.517 ,0.987   
4     ,0      ,428  ,127      ,17.405 ,17.915 ,0.972   
4     ,0      ,432  ,127      ,17.434 ,17.785 ,0.98    
4     ,0      ,436  ,127      ,17.402 ,17.615 ,0.988   
4     ,0      ,44   ,127      ,5.885  ,8.717  ,0.675   
4     ,0      ,440  ,127      ,16.965 ,17.667 ,0.96    
4     ,0      ,444  ,127      ,18.722 ,16.551 ,1.131   
4     ,0      ,448  ,127      ,19.783 ,18.019 ,1.098   
4     ,0      ,452  ,127      ,20.085 ,18.329 ,1.096   
4     ,0      ,456  ,127      ,19.7   ,18.023 ,1.093   
4     ,0      ,460  ,127      ,19.638 ,18.431 ,1.065   
4     ,0      ,464  ,127      ,19.687 ,18.183 ,1.083   
4     ,0      ,468  ,127      ,19.645 ,18.135 ,1.083   
4     ,0      ,472  ,127      ,18.374 ,18.139 ,1.013   
4     ,0      ,476  ,127      ,19.746 ,17.366 ,1.137   
4     ,0      ,48   ,127      ,5.877  ,9.771  ,0.601   
4     ,0      ,480  ,127      ,19.71  ,18.442 ,1.069   
4     ,0      ,484  ,127      ,19.719 ,18.961 ,1.04    
4     ,0      ,488  ,127      ,19.562 ,18.829 ,1.039   
4     ,0      ,492  ,127      ,19.636 ,18.945 ,1.036   
4     ,0      ,496  ,127      ,19.582 ,18.795 ,1.042   
4     ,0      ,500  ,127      ,19.715 ,18.927 ,1.042   
4     ,0      ,504  ,127      ,18.688 ,18.937 ,0.987   
4     ,0      ,508  ,127      ,20.869 ,17.946 ,1.163   
4     ,0      ,512  ,127      ,21.57  ,19.81  ,1.089   
4     ,0      ,52   ,127      ,5.973  ,9.567  ,0.624   
4     ,0      ,56   ,127      ,5.925  ,9.559  ,0.62    
4     ,0      ,60   ,127      ,7.624  ,9.446  ,0.807   
4     ,0      ,64   ,127      ,8.77   ,9.096  ,0.964   
4     ,0      ,68   ,127      ,7.993  ,11.198 ,0.714   
4     ,0      ,72   ,127      ,7.944  ,10.796 ,0.736   
4     ,0      ,76   ,127      ,8.132  ,11.163 ,0.728   
4     ,0      ,80   ,127      ,7.94   ,10.975 ,0.723   
4     ,0      ,84   ,127      ,7.942  ,11.072 ,0.717   
4     ,0      ,88   ,127      ,7.125  ,10.062 ,0.708   
4     ,0      ,92   ,127      ,7.409  ,7.901  ,0.938   
4     ,0      ,96   ,127      ,7.923  ,8.858  ,0.894   
4     ,2      ,32   ,127      ,7.183  ,5.539  ,1.297   
4     ,3      ,100  ,127      ,8.187  ,10.784 ,0.759   
4     ,3      ,104  ,127      ,8.162  ,10.782 ,0.757   
4     ,3      ,108  ,127      ,8.145  ,10.82  ,0.753   
4     ,3      ,112  ,127      ,8.204  ,10.831 ,0.757   
4     ,3      ,116  ,127      ,8.222  ,10.786 ,0.762   
4     ,3      ,120  ,127      ,8.217  ,10.709 ,0.767   
4     ,3      ,124  ,127      ,9.224  ,8.643  ,1.067   
4     ,3      ,128  ,127      ,9.865  ,11.482 ,0.859   
4     ,3      ,132  ,127      ,9.799  ,12.734 ,0.769   
4     ,3      ,136  ,127      ,9.87   ,12.63  ,0.781   
4     ,3      ,140  ,127      ,9.813  ,12.584 ,0.78    
4     ,3      ,144  ,127      ,9.789  ,12.656 ,0.773   
4     ,3      ,148  ,127      ,9.814  ,12.68  ,0.774   
4     ,3      ,152  ,127      ,9.768  ,12.656 ,0.772   
4     ,3      ,156  ,127      ,11.999 ,9.32   ,1.287   
4     ,3      ,16   ,127      ,5.944  ,8.006  ,0.742   
4     ,3      ,160  ,127      ,12.411 ,11.608 ,1.069   
4     ,3      ,164  ,127      ,12.476 ,11.901 ,1.048   
4     ,3      ,168  ,127      ,12.497 ,11.749 ,1.064   
4     ,3      ,172  ,127      ,12.532 ,11.794 ,1.063   
4     ,3      ,176  ,127      ,12.468 ,11.778 ,1.059   
4     ,3      ,180  ,127      ,12.382 ,11.817 ,1.048   
4     ,3      ,184  ,127      ,12.589 ,11.843 ,1.063   
4     ,3      ,188  ,127      ,12.52  ,9.709  ,1.29    
4     ,3      ,192  ,127      ,13.01  ,12.146 ,1.071   
4     ,3      ,196  ,127      ,13.069 ,11.751 ,1.112   
4     ,3      ,20   ,127      ,5.945  ,8.009  ,0.742   
4     ,3      ,200  ,127      ,13.103 ,11.571 ,1.132   
4     ,3      ,204  ,127      ,13.02  ,11.593 ,1.123   
4     ,3      ,208  ,127      ,13.061 ,11.596 ,1.126   
4     ,3      ,212  ,127      ,13.09  ,11.618 ,1.127   
4     ,3      ,216  ,127      ,13.022 ,11.671 ,1.116   
4     ,3      ,220  ,127      ,13.066 ,10.335 ,1.264   
4     ,3      ,224  ,127      ,13.098 ,12.246 ,1.07    
4     ,3      ,228  ,127      ,13.094 ,11.747 ,1.115   
4     ,3      ,232  ,127      ,13.175 ,11.717 ,1.124   
4     ,3      ,236  ,127      ,13.081 ,11.677 ,1.12    
4     ,3      ,24   ,127      ,5.845  ,7.91   ,0.739   
4     ,3      ,240  ,127      ,13.119 ,11.738 ,1.118   
4     ,3      ,244  ,127      ,13.18  ,11.761 ,1.121   
4     ,3      ,248  ,127      ,13.06  ,11.678 ,1.118   
4     ,3      ,252  ,127      ,13.795 ,12.731 ,1.084   
4     ,3      ,256  ,127      ,15.455 ,13.903 ,1.112   
4     ,3      ,260  ,127      ,15.62  ,13.205 ,1.183   
4     ,3      ,264  ,127      ,15.673 ,13.144 ,1.192   
4     ,3      ,268  ,127      ,15.592 ,13.198 ,1.181   
4     ,3      ,272  ,127      ,15.625 ,13.243 ,1.18    
4     ,3      ,276  ,127      ,15.588 ,13.206 ,1.18    
4     ,3      ,28   ,127      ,5.83   ,7.861  ,0.742   
4     ,3      ,280  ,127      ,15.624 ,13.161 ,1.187   
4     ,3      ,284  ,127      ,14.098 ,13.341 ,1.057   
4     ,3      ,288  ,127      ,14.469 ,14.453 ,1.001   
4     ,3      ,292  ,127      ,14.384 ,13.988 ,1.028   
4     ,3      ,296  ,127      ,14.43  ,13.988 ,1.032   
4     ,3      ,300  ,127      ,14.407 ,13.963 ,1.032   
4     ,3      ,304  ,127      ,14.38  ,13.927 ,1.033   
4     ,3      ,308  ,127      ,14.357 ,13.945 ,1.029   
4     ,3      ,312  ,127      ,14.342 ,13.858 ,1.035   
4     ,3      ,316  ,127      ,15.431 ,13.963 ,1.105   
4     ,3      ,32   ,127      ,7.177  ,5.568  ,1.289   
4     ,3      ,320  ,127      ,16.822 ,15.062 ,1.117   
4     ,3      ,324  ,127      ,16.605 ,14.534 ,1.143   
4     ,3      ,328  ,127      ,16.725 ,14.512 ,1.153   
4     ,3      ,332  ,127      ,16.727 ,14.603 ,1.145   
4     ,3      ,336  ,127      ,16.68  ,14.569 ,1.145   
4     ,3      ,340  ,127      ,16.719 ,14.564 ,1.148   
4     ,3      ,344  ,127      ,16.679 ,14.672 ,1.137   
4     ,3      ,348  ,127      ,16.304 ,14.745 ,1.106   
4     ,3      ,352  ,127      ,16.265 ,16.11  ,1.01    
4     ,3      ,356  ,127      ,16.361 ,15.364 ,1.065   
4     ,3      ,36   ,127      ,7.147  ,9.259  ,0.772   
4     ,3      ,360  ,127      ,16.274 ,15.316 ,1.063   
4     ,3      ,364  ,127      ,16.343 ,15.582 ,1.049   
4     ,3      ,368  ,127      ,16.34  ,15.525 ,1.052   
4     ,3      ,372  ,127      ,16.386 ,15.561 ,1.053   
4     ,3      ,376  ,127      ,16.283 ,15.493 ,1.051   
4     ,3      ,380  ,127      ,17.429 ,15.159 ,1.15    
4     ,3      ,384  ,127      ,18.854 ,17.642 ,1.069   
4     ,3      ,388  ,127      ,18.721 ,17.064 ,1.097   
4     ,3      ,392  ,127      ,18.893 ,16.858 ,1.121   
4     ,3      ,396  ,127      ,18.723 ,17.006 ,1.101   
4     ,3      ,40   ,127      ,7.179  ,9.565  ,0.751   
4     ,3      ,400  ,127      ,18.864 ,17.088 ,1.104   
4     ,3      ,404  ,127      ,18.967 ,17.206 ,1.102   
4     ,3      ,408  ,127      ,18.894 ,17.373 ,1.088   
4     ,3      ,412  ,127      ,16.973 ,16.113 ,1.053   
4     ,3      ,416  ,127      ,17.44  ,18.255 ,0.955   
4     ,3      ,420  ,127      ,17.399 ,17.79  ,0.978   
4     ,3      ,424  ,127      ,17.431 ,17.69  ,0.985   
4     ,3      ,428  ,127      ,17.446 ,17.916 ,0.974   
4     ,3      ,432  ,127      ,17.42  ,17.77  ,0.98    
4     ,3      ,436  ,127      ,17.437 ,17.915 ,0.973   
4     ,3      ,44   ,127      ,7.18   ,9.618  ,0.746   
4     ,3      ,440  ,127      ,17.389 ,17.815 ,0.976   
4     ,3      ,444  ,127      ,19.056 ,16.528 ,1.153   
4     ,3      ,448  ,127      ,19.893 ,18.83  ,1.056   
4     ,3      ,452  ,127      ,19.981 ,18.439 ,1.084   
4     ,3      ,456  ,127      ,19.907 ,18.421 ,1.081   
4     ,3      ,460  ,127      ,19.941 ,18.475 ,1.079   
4     ,3      ,464  ,127      ,19.888 ,18.664 ,1.066   
4     ,3      ,468  ,127      ,19.978 ,18.432 ,1.084   
4     ,3      ,472  ,127      ,19.991 ,18.474 ,1.082   
4     ,3      ,476  ,127      ,20.579 ,17.566 ,1.171   
4     ,3      ,48   ,127      ,7.117  ,9.505  ,0.749   
4     ,3      ,480  ,127      ,21.516 ,19.583 ,1.099   
4     ,3      ,484  ,127      ,20.561 ,19.112 ,1.076   
4     ,3      ,488  ,127      ,20.575 ,19.158 ,1.074   
4     ,3      ,492  ,127      ,20.642 ,19.126 ,1.079   
4     ,3      ,496  ,127      ,20.525 ,19.161 ,1.071   
4     ,3      ,500  ,127      ,20.576 ,19.113 ,1.077   
4     ,3      ,504  ,127      ,20.578 ,19.125 ,1.076   
4     ,3      ,508  ,127      ,21.15  ,18.049 ,1.172   
4     ,3      ,512  ,127      ,22.601 ,21.249 ,1.064   
4     ,3      ,52   ,127      ,7.204  ,9.545  ,0.755   
4     ,3      ,56   ,127      ,7.179  ,9.578  ,0.749   
4     ,3      ,60   ,127      ,8.85   ,10.064 ,0.879   
4     ,3      ,64   ,127      ,8.167  ,11.178 ,0.731   
4     ,3      ,68   ,127      ,8.211  ,11.003 ,0.746   
4     ,3      ,72   ,127      ,8.174  ,11.039 ,0.74    
4     ,3      ,76   ,127      ,8.204  ,10.945 ,0.75    
4     ,3      ,80   ,127      ,8.181  ,11.05  ,0.74    
4     ,3      ,84   ,127      ,8.237  ,10.981 ,0.75    
4     ,3      ,88   ,127      ,8.195  ,11.239 ,0.729   
4     ,3      ,92   ,127      ,7.685  ,7.992  ,0.962   
4     ,3      ,96   ,127      ,8.167  ,11.206 ,0.729   
4     ,4      ,100  ,127      ,7.872  ,10.608 ,0.742   
4     ,4      ,104  ,127      ,7.867  ,10.665 ,0.738   
4     ,4      ,108  ,127      ,7.943  ,10.671 ,0.744   
4     ,4      ,112  ,127      ,7.918  ,10.773 ,0.735   
4     ,4      ,116  ,127      ,7.904  ,10.608 ,0.745   
4     ,4      ,120  ,127      ,7.94   ,10.696 ,0.742   
4     ,4      ,124  ,127      ,9.528  ,8.498  ,1.121   
4     ,4      ,128  ,127      ,9.454  ,12.478 ,0.758   
4     ,4      ,132  ,127      ,9.474  ,12.161 ,0.779   
4     ,4      ,136  ,127      ,9.431  ,12.017 ,0.785   
4     ,4      ,140  ,127      ,9.529  ,11.925 ,0.799   
4     ,4      ,144  ,127      ,9.494  ,11.984 ,0.792   
4     ,4      ,148  ,127      ,9.455  ,12.001 ,0.788   
4     ,4      ,152  ,127      ,9.453  ,12.063 ,0.784   
4     ,4      ,156  ,127      ,11.591 ,8.954  ,1.295   
4     ,4      ,16   ,127      ,5.922  ,8.027  ,0.738   
4     ,4      ,160  ,127      ,11.549 ,11.078 ,1.043   
4     ,4      ,164  ,127      ,11.655 ,11.131 ,1.047   
4     ,4      ,168  ,127      ,11.506 ,11.06  ,1.04    
4     ,4      ,172  ,127      ,11.576 ,11.053 ,1.047   
4     ,4      ,176  ,127      ,11.593 ,11.102 ,1.044   
4     ,4      ,180  ,127      ,11.514 ,11.001 ,1.047   
4     ,4      ,184  ,127      ,11.561 ,10.993 ,1.052   
4     ,4      ,188  ,127      ,12.118 ,9.526  ,1.272   
4     ,4      ,192  ,127      ,12.072 ,11.793 ,1.024   
4     ,4      ,196  ,127      ,12.046 ,11.353 ,1.061   
4     ,4      ,20   ,127      ,5.878  ,8.077  ,0.728   
4     ,4      ,200  ,127      ,12.169 ,11.152 ,1.091   
4     ,4      ,204  ,127      ,12.036 ,11.242 ,1.071   
4     ,4      ,208  ,127      ,12.01  ,11.182 ,1.074   
4     ,4      ,212  ,127      ,12.119 ,11.402 ,1.063   
4     ,4      ,216  ,127      ,12.064 ,11.19  ,1.078   
4     ,4      ,220  ,127      ,11.628 ,10.178 ,1.142   
4     ,4      ,224  ,127      ,11.629 ,11.714 ,0.993   
4     ,4      ,228  ,127      ,11.63  ,11.339 ,1.026   
4     ,4      ,232  ,127      ,11.569 ,11.428 ,1.012   
4     ,4      ,236  ,127      ,11.676 ,11.188 ,1.044   
4     ,4      ,24   ,127      ,5.914  ,7.921  ,0.747   
4     ,4      ,240  ,127      ,11.543 ,11.143 ,1.036   
4     ,4      ,244  ,127      ,11.62  ,11.268 ,1.031   
4     ,4      ,248  ,127      ,11.673 ,11.239 ,1.039   
4     ,4      ,252  ,127      ,12.907 ,12.211 ,1.057   
4     ,4      ,256  ,127      ,12.89  ,13.128 ,0.982   
4     ,4      ,260  ,127      ,12.838 ,12.757 ,1.006   
4     ,4      ,264  ,127      ,13.013 ,12.679 ,1.026   
4     ,4      ,268  ,127      ,13.046 ,12.586 ,1.037   
4     ,4      ,272  ,127      ,13.015 ,12.665 ,1.028   
4     ,4      ,276  ,127      ,12.881 ,12.578 ,1.024   
4     ,4      ,28   ,127      ,5.853  ,7.881  ,0.743   
4     ,4      ,280  ,127      ,12.918 ,12.717 ,1.016   
4     ,4      ,284  ,127      ,12.262 ,12.935 ,0.948   
4     ,4      ,288  ,127      ,12.28  ,13.69  ,0.897   
4     ,4      ,292  ,127      ,12.287 ,13.32  ,0.922   
4     ,4      ,296  ,127      ,12.253 ,13.287 ,0.922   
4     ,4      ,300  ,127      ,12.286 ,13.182 ,0.932   
4     ,4      ,304  ,127      ,12.213 ,13.17  ,0.927   
4     ,4      ,308  ,127      ,12.227 ,13.12  ,0.932   
4     ,4      ,312  ,127      ,12.276 ,13.136 ,0.934   
4     ,4      ,316  ,127      ,14.486 ,13.451 ,1.077   
4     ,4      ,32   ,127      ,7.155  ,5.88   ,1.217   
4     ,4      ,320  ,127      ,14.52  ,14.43  ,1.006   
4     ,4      ,324  ,127      ,14.432 ,13.506 ,1.069   
4     ,4      ,328  ,127      ,14.429 ,13.666 ,1.056   
4     ,4      ,332  ,127      ,14.463 ,13.6   ,1.063   
4     ,4      ,336  ,127      ,14.446 ,13.65  ,1.058   
4     ,4      ,340  ,127      ,14.448 ,13.579 ,1.064   
4     ,4      ,344  ,127      ,14.552 ,13.581 ,1.071   
4     ,4      ,348  ,127      ,13.916 ,13.918 ,1.0     
4     ,4      ,352  ,127      ,13.986 ,14.223 ,0.983   
4     ,4      ,356  ,127      ,14.024 ,14.325 ,0.979   
4     ,4      ,36   ,127      ,7.084  ,9.154  ,0.774   
4     ,4      ,360  ,127      ,14.195 ,14.252 ,0.996   
4     ,4      ,364  ,127      ,13.985 ,13.418 ,1.042   
4     ,4      ,368  ,127      ,13.947 ,13.511 ,1.032   
4     ,4      ,372  ,127      ,13.99  ,13.509 ,1.036   
4     ,4      ,376  ,127      ,13.953 ,13.573 ,1.028   
4     ,4      ,380  ,127      ,16.513 ,14.763 ,1.119   
4     ,4      ,384  ,127      ,16.598 ,14.732 ,1.127   
4     ,4      ,388  ,127      ,16.53  ,14.625 ,1.13    
4     ,4      ,392  ,127      ,16.555 ,14.501 ,1.142   
4     ,4      ,396  ,127      ,16.578 ,13.988 ,1.185   
4     ,4      ,4    ,127      ,5.962  ,7.892  ,0.755   
4     ,4      ,40   ,127      ,7.057  ,9.516  ,0.742   
4     ,4      ,400  ,127      ,16.508 ,13.983 ,1.181   
4     ,4      ,404  ,127      ,16.554 ,14.051 ,1.178   
4     ,4      ,408  ,127      ,16.584 ,13.982 ,1.186   
4     ,4      ,412  ,127      ,15.009 ,14.804 ,1.014   
4     ,4      ,416  ,127      ,14.976 ,15.519 ,0.965   
4     ,4      ,420  ,127      ,15.019 ,14.839 ,1.012   
4     ,4      ,424  ,127      ,14.976 ,14.801 ,1.012   
4     ,4      ,428  ,127      ,15.015 ,14.815 ,1.013   
4     ,4      ,432  ,127      ,15.004 ,14.84  ,1.011   
4     ,4      ,436  ,127      ,15.051 ,14.739 ,1.021   
4     ,4      ,44   ,127      ,7.26   ,9.543  ,0.761   
4     ,4      ,440  ,127      ,14.985 ,14.832 ,1.01    
4     ,4      ,444  ,127      ,17.327 ,15.491 ,1.118   
4     ,4      ,448  ,127      ,17.481 ,16.097 ,1.086   
4     ,4      ,452  ,127      ,17.328 ,15.547 ,1.115   
4     ,4      ,456  ,127      ,17.394 ,15.503 ,1.122   
4     ,4      ,460  ,127      ,17.32  ,15.564 ,1.113   
4     ,4      ,464  ,127      ,17.401 ,15.509 ,1.122   
4     ,4      ,468  ,127      ,17.338 ,15.443 ,1.123   
4     ,4      ,472  ,127      ,17.315 ,15.496 ,1.117   
4     ,4      ,476  ,127      ,16.547 ,15.588 ,1.062   
4     ,4      ,48   ,127      ,7.169  ,9.571  ,0.749   
4     ,4      ,480  ,127      ,16.439 ,16.409 ,1.002   
4     ,4      ,484  ,127      ,16.516 ,16.018 ,1.031   
4     ,4      ,488  ,127      ,16.393 ,15.88  ,1.032   
4     ,4      ,492  ,127      ,16.366 ,15.983 ,1.024   
4     ,4      ,496  ,127      ,16.327 ,15.84  ,1.031   
4     ,4      ,500  ,127      ,16.406 ,15.941 ,1.029   
4     ,4      ,504  ,127      ,16.438 ,15.968 ,1.029   
4     ,4      ,508  ,127      ,18.45  ,16.187 ,1.14    
4     ,4      ,512  ,127      ,18.458 ,17.362 ,1.063   
4     ,4      ,52   ,127      ,7.165  ,9.589  ,0.747   
4     ,4      ,56   ,127      ,7.167  ,9.669  ,0.741   
4     ,4      ,60   ,127      ,9.374  ,10.093 ,0.929   
4     ,4      ,64   ,127      ,8.207  ,11.357 ,0.723   
4     ,4      ,68   ,127      ,8.206  ,11.01  ,0.745   
4     ,4      ,72   ,127      ,8.202  ,10.913 ,0.752   
4     ,4      ,76   ,127      ,8.162  ,10.979 ,0.743   
4     ,4      ,80   ,127      ,8.209  ,11.029 ,0.744   
4     ,4      ,84   ,127      ,8.235  ,10.954 ,0.752   
4     ,4      ,88   ,127      ,8.448  ,10.858 ,0.778   
4     ,4      ,92   ,127      ,7.893  ,7.784  ,1.014   
4     ,4      ,96   ,127      ,7.885  ,10.999 ,0.717   
4     ,6      ,512  ,127      ,23.466 ,23.965 ,0.979   
5     ,0      ,13   ,127      ,5.32   ,7.45   ,0.714   
5     ,0      ,5    ,127      ,4.394  ,6.02   ,0.73    
5     ,2      ,256  ,127      ,15.289 ,13.251 ,1.154   
5     ,5      ,256  ,127      ,12.72  ,12.954 ,0.982   
5     ,6      ,64   ,127      ,8.416  ,11.738 ,0.717   
5     ,7      ,100  ,127      ,8.904  ,11.623 ,0.766   
5     ,7      ,104  ,127      ,8.996  ,11.796 ,0.763   
5     ,7      ,108  ,127      ,9.172  ,11.765 ,0.78    
5     ,7      ,112  ,127      ,8.929  ,11.869 ,0.752   
5     ,7      ,116  ,127      ,8.949  ,11.75  ,0.762   
5     ,7      ,120  ,127      ,8.752  ,11.527 ,0.759   
5     ,7      ,124  ,127      ,10.196 ,9.763  ,1.044   
5     ,7      ,128  ,127      ,10.2   ,13.308 ,0.766   
5     ,7      ,132  ,127      ,10.157 ,12.314 ,0.825   
5     ,7      ,136  ,127      ,10.228 ,12.247 ,0.835   
5     ,7      ,140  ,127      ,10.179 ,12.053 ,0.845   
5     ,7      ,144  ,127      ,10.156 ,12.098 ,0.84    
5     ,7      ,148  ,127      ,10.184 ,12.207 ,0.834   
5     ,7      ,152  ,127      ,10.002 ,12.13  ,0.825   
5     ,7      ,156  ,127      ,13.532 ,11.613 ,1.165   
5     ,7      ,16   ,127      ,5.93   ,8.011  ,0.74    
5     ,7      ,160  ,127      ,13.496 ,12.811 ,1.053   
5     ,7      ,164  ,127      ,13.541 ,12.422 ,1.09    
5     ,7      ,168  ,127      ,13.589 ,12.381 ,1.098   
5     ,7      ,172  ,127      ,13.632 ,12.466 ,1.094   
5     ,7      ,176  ,127      ,13.617 ,12.448 ,1.094   
5     ,7      ,180  ,127      ,13.467 ,12.363 ,1.089   
5     ,7      ,184  ,127      ,13.449 ,12.352 ,1.089   
5     ,7      ,188  ,127      ,13.38  ,11.815 ,1.132   
5     ,7      ,192  ,127      ,13.209 ,13.972 ,0.945   
5     ,7      ,196  ,127      ,13.352 ,13.842 ,0.965   
5     ,7      ,20   ,127      ,5.87   ,7.919  ,0.741   
5     ,7      ,200  ,127      ,13.34  ,13.699 ,0.974   
5     ,7      ,204  ,127      ,13.266 ,13.449 ,0.986   
5     ,7      ,208  ,127      ,13.299 ,13.411 ,0.992   
5     ,7      ,212  ,127      ,13.367 ,13.505 ,0.99    
5     ,7      ,216  ,127      ,13.137 ,13.637 ,0.963   
5     ,7      ,220  ,127      ,13.466 ,13.079 ,1.03    
5     ,7      ,224  ,127      ,13.466 ,13.707 ,0.982   
5     ,7      ,228  ,127      ,13.401 ,13.482 ,0.994   
5     ,7      ,232  ,127      ,13.669 ,13.317 ,1.026   
5     ,7      ,236  ,127      ,13.459 ,13.388 ,1.005   
5     ,7      ,24   ,127      ,5.86   ,7.885  ,0.743   
5     ,7      ,240  ,127      ,13.455 ,13.534 ,0.994   
5     ,7      ,244  ,127      ,13.582 ,13.503 ,1.006   
5     ,7      ,248  ,127      ,13.361 ,13.292 ,1.005   
5     ,7      ,252  ,127      ,16.551 ,15.002 ,1.103   
5     ,7      ,256  ,127      ,16.464 ,15.894 ,1.036   
5     ,7      ,260  ,127      ,16.622 ,15.557 ,1.068   
5     ,7      ,264  ,127      ,16.714 ,15.351 ,1.089   
5     ,7      ,268  ,127      ,16.653 ,15.449 ,1.078   
5     ,7      ,272  ,127      ,16.657 ,15.561 ,1.07    
5     ,7      ,276  ,127      ,16.648 ,15.564 ,1.07    
5     ,7      ,28   ,127      ,5.883  ,7.864  ,0.748   
5     ,7      ,280  ,127      ,16.537 ,15.236 ,1.085   
5     ,7      ,284  ,127      ,14.902 ,14.986 ,0.994   
5     ,7      ,288  ,127      ,14.895 ,16.47  ,0.904   
5     ,7      ,292  ,127      ,14.929 ,15.928 ,0.937   
5     ,7      ,296  ,127      ,14.938 ,15.866 ,0.942   
5     ,7      ,300  ,127      ,14.913 ,15.814 ,0.943   
5     ,7      ,304  ,127      ,14.941 ,15.9   ,0.94    
5     ,7      ,308  ,127      ,14.946 ,15.835 ,0.944   
5     ,7      ,312  ,127      ,14.696 ,15.71  ,0.935   
5     ,7      ,316  ,127      ,17.701 ,15.529 ,1.14    
5     ,7      ,32   ,127      ,7.209  ,6.855  ,1.052   
5     ,7      ,320  ,127      ,17.536 ,17.162 ,1.022   
5     ,7      ,324  ,127      ,17.541 ,16.382 ,1.071   
5     ,7      ,328  ,127      ,17.581 ,16.301 ,1.079   
5     ,7      ,332  ,127      ,17.585 ,16.229 ,1.084   
5     ,7      ,336  ,127      ,17.544 ,16.316 ,1.075   
5     ,7      ,340  ,127      ,17.617 ,16.162 ,1.09    
5     ,7      ,344  ,127      ,17.157 ,16.302 ,1.052   
5     ,7      ,348  ,127      ,17.28  ,15.851 ,1.09    
5     ,7      ,352  ,127      ,17.243 ,18.196 ,0.948   
5     ,7      ,356  ,127      ,17.391 ,17.116 ,1.016   
5     ,7      ,36   ,127      ,7.09   ,11.331 ,0.626   
5     ,7      ,360  ,127      ,17.259 ,16.846 ,1.025   
5     ,7      ,364  ,127      ,17.231 ,17.217 ,1.001   
5     ,7      ,368  ,127      ,17.285 ,17.198 ,1.005   
5     ,7      ,372  ,127      ,17.273 ,17.135 ,1.008   
5     ,7      ,376  ,127      ,17.242 ,16.903 ,1.02    
5     ,7      ,380  ,127      ,20.182 ,16.663 ,1.211   
5     ,7      ,384  ,127      ,20.212 ,19.145 ,1.056   
5     ,7      ,388  ,127      ,20.062 ,17.761 ,1.13    
5     ,7      ,392  ,127      ,20.21  ,17.509 ,1.154   
5     ,7      ,396  ,127      ,20.094 ,17.642 ,1.139   
5     ,7      ,40   ,127      ,7.386  ,11.043 ,0.669   
5     ,7      ,400  ,127      ,20.228 ,17.843 ,1.134   
5     ,7      ,404  ,127      ,20.214 ,17.843 ,1.133   
5     ,7      ,408  ,127      ,19.756 ,17.888 ,1.104   
5     ,7      ,412  ,127      ,18.34  ,17.235 ,1.064   
5     ,7      ,416  ,127      ,18.339 ,20.281 ,0.904   
5     ,7      ,420  ,127      ,18.266 ,19.058 ,0.958   
5     ,7      ,424  ,127      ,18.29  ,18.955 ,0.965   
5     ,7      ,428  ,127      ,18.352 ,19.087 ,0.961   
5     ,7      ,432  ,127      ,18.338 ,19.001 ,0.965   
5     ,7      ,436  ,127      ,18.413 ,19.133 ,0.962   
5     ,7      ,44   ,127      ,7.177  ,10.237 ,0.701   
5     ,7      ,440  ,127      ,18.324 ,18.927 ,0.968   
5     ,7      ,444  ,127      ,21.525 ,18.237 ,1.18    
5     ,7      ,448  ,127      ,21.396 ,21.194 ,1.01    
5     ,7      ,452  ,127      ,21.504 ,19.857 ,1.083   
5     ,7      ,456  ,127      ,21.406 ,19.818 ,1.08    
5     ,7      ,460  ,127      ,21.407 ,19.962 ,1.072   
5     ,7      ,464  ,127      ,21.367 ,20.05  ,1.066   
5     ,7      ,468  ,127      ,21.493 ,19.912 ,1.079   
5     ,7      ,472  ,127      ,21.02  ,19.892 ,1.057   
5     ,7      ,476  ,127      ,20.482 ,18.588 ,1.102   
5     ,7      ,48   ,127      ,7.28   ,11.211 ,0.649   
5     ,7      ,480  ,127      ,20.538 ,21.52  ,0.954   
5     ,7      ,484  ,127      ,20.429 ,20.183 ,1.012   
5     ,7      ,488  ,127      ,20.437 ,20.208 ,1.011   
5     ,7      ,492  ,127      ,20.51  ,20.421 ,1.004   
5     ,7      ,496  ,127      ,20.49  ,20.33  ,1.008   
5     ,7      ,500  ,127      ,20.415 ,20.385 ,1.001   
5     ,7      ,504  ,127      ,19.893 ,20.299 ,0.98    
5     ,7      ,508  ,127      ,23.622 ,19.273 ,1.226   
5     ,7      ,512  ,127      ,23.489 ,22.586 ,1.04    
5     ,7      ,52   ,127      ,7.203  ,10.249 ,0.703   
5     ,7      ,56   ,127      ,7.155  ,10.566 ,0.677   
5     ,7      ,60   ,127      ,9.439  ,10.132 ,0.932   
5     ,7      ,64   ,127      ,9.365  ,12.173 ,0.769   
5     ,7      ,68   ,127      ,8.655  ,12.598 ,0.687   
5     ,7      ,72   ,127      ,8.632  ,11.108 ,0.777   
5     ,7      ,76   ,127      ,8.66   ,12.524 ,0.691   
5     ,7      ,80   ,127      ,8.635  ,11.11  ,0.777   
5     ,7      ,84   ,127      ,8.668  ,11.048 ,0.785   
5     ,7      ,88   ,127      ,8.588  ,11.237 ,0.764   
5     ,7      ,92   ,127      ,8.893  ,9.416  ,0.944   
5     ,7      ,96   ,127      ,8.87   ,11.672 ,0.76    
6     ,0      ,14   ,127      ,5.93   ,7.415  ,0.8     
6     ,0      ,6    ,127      ,4.425  ,6.024  ,0.735   
6     ,2      ,100  ,127      ,8.129  ,10.941 ,0.743   
6     ,2      ,104  ,127      ,8.16   ,10.63  ,0.768   
6     ,2      ,108  ,127      ,8.182  ,10.924 ,0.749   
6     ,2      ,112  ,127      ,8.203  ,10.809 ,0.759   
6     ,2      ,116  ,127      ,8.201  ,10.811 ,0.759   
6     ,2      ,120  ,127      ,7.609  ,10.56  ,0.721   
6     ,2      ,124  ,127      ,9.343  ,8.588  ,1.088   
6     ,2      ,128  ,127      ,9.879  ,9.634  ,1.025   
6     ,2      ,132  ,127      ,9.786  ,12.745 ,0.768   
6     ,2      ,136  ,127      ,9.822  ,12.651 ,0.776   
6     ,2      ,140  ,127      ,9.837  ,12.589 ,0.781   
6     ,2      ,144  ,127      ,9.812  ,12.685 ,0.773   
6     ,2      ,148  ,127      ,9.814  ,12.683 ,0.774   
6     ,2      ,152  ,127      ,8.642  ,12.736 ,0.679   
6     ,2      ,156  ,127      ,12.264 ,9.214  ,1.331   
6     ,2      ,16   ,127      ,5.918  ,8.047  ,0.735   
6     ,2      ,160  ,127      ,12.414 ,10.159 ,1.222   
6     ,2      ,164  ,127      ,12.47  ,11.048 ,1.129   
6     ,2      ,168  ,127      ,12.389 ,11.596 ,1.068   
6     ,2      ,172  ,127      ,12.5   ,11.044 ,1.132   
6     ,2      ,176  ,127      ,12.439 ,11.716 ,1.062   
6     ,2      ,180  ,127      ,12.437 ,11.818 ,1.052   
6     ,2      ,184  ,127      ,11.101 ,11.495 ,0.966   
6     ,2      ,188  ,127      ,12.793 ,9.715  ,1.317   
6     ,2      ,192  ,127      ,13.011 ,10.368 ,1.255   
6     ,2      ,196  ,127      ,13.066 ,12.256 ,1.066   
6     ,2      ,20   ,127      ,5.884  ,8.026  ,0.733   
6     ,2      ,200  ,127      ,13.139 ,11.624 ,1.13    
6     ,2      ,204  ,127      ,13.014 ,12.212 ,1.066   
6     ,2      ,208  ,127      ,13.115 ,11.602 ,1.13    
6     ,2      ,212  ,127      ,13.142 ,11.674 ,1.126   
6     ,2      ,216  ,127      ,12.353 ,11.647 ,1.061   
6     ,2      ,220  ,127      ,14.533 ,10.658 ,1.364   
6     ,2      ,224  ,127      ,13.118 ,11.054 ,1.187   
6     ,2      ,228  ,127      ,13.096 ,11.838 ,1.106   
6     ,2      ,232  ,127      ,13.024 ,11.773 ,1.106   
6     ,2      ,236  ,127      ,13.181 ,11.729 ,1.124   
6     ,2      ,24   ,127      ,5.866  ,7.918  ,0.741   
6     ,2      ,240  ,127      ,13.093 ,11.667 ,1.122   
6     ,2      ,244  ,127      ,13.113 ,11.699 ,1.121   
6     ,2      ,248  ,127      ,12.385 ,11.705 ,1.058   
6     ,2      ,252  ,127      ,14.241 ,12.868 ,1.107   
6     ,2      ,256  ,127      ,15.544 ,13.253 ,1.173   
6     ,2      ,260  ,127      ,15.478 ,13.29  ,1.165   
6     ,2      ,264  ,127      ,15.669 ,13.193 ,1.188   
6     ,2      ,268  ,127      ,15.667 ,13.356 ,1.173   
6     ,2      ,272  ,127      ,15.588 ,13.216 ,1.179   
6     ,2      ,276  ,127      ,15.552 ,13.238 ,1.175   
6     ,2      ,28   ,127      ,5.363  ,7.502  ,0.715   
6     ,2      ,280  ,127      ,13.941 ,13.228 ,1.054   
6     ,2      ,284  ,127      ,14.293 ,14.239 ,1.004   
6     ,2      ,288  ,127      ,14.402 ,13.996 ,1.029   
6     ,2      ,292  ,127      ,14.372 ,14.141 ,1.016   
6     ,2      ,296  ,127      ,14.33  ,14.034 ,1.021   
6     ,2      ,300  ,127      ,14.349 ,14.462 ,0.992   
6     ,2      ,304  ,127      ,14.301 ,13.963 ,1.024   
6     ,2      ,308  ,127      ,14.343 ,13.967 ,1.027   
6     ,2      ,312  ,127      ,13.668 ,13.899 ,0.983   
6     ,2      ,316  ,127      ,15.632 ,14.295 ,1.094   
6     ,2      ,32   ,127      ,7.15   ,5.875  ,1.217   
6     ,2      ,320  ,127      ,16.717 ,14.534 ,1.15    
6     ,2      ,324  ,127      ,16.686 ,14.745 ,1.132   
6     ,2      ,328  ,127      ,16.88  ,14.606 ,1.156   
6     ,2      ,332  ,127      ,16.719 ,14.943 ,1.119   
6     ,2      ,336  ,127      ,16.671 ,14.606 ,1.141   
6     ,2      ,340  ,127      ,16.723 ,14.603 ,1.145   
6     ,2      ,344  ,127      ,15.294 ,14.648 ,1.044   
6     ,2      ,348  ,127      ,16.399 ,15.221 ,1.077   
6     ,2      ,352  ,127      ,16.354 ,14.935 ,1.095   
6     ,2      ,356  ,127      ,16.273 ,15.468 ,1.052   
6     ,2      ,36   ,127      ,7.094  ,7.011  ,1.012   
6     ,2      ,360  ,127      ,16.334 ,15.304 ,1.067   
6     ,2      ,364  ,127      ,16.285 ,15.552 ,1.047   
6     ,2      ,368  ,127      ,16.26  ,15.481 ,1.05    
6     ,2      ,372  ,127      ,16.464 ,15.528 ,1.06    
6     ,2      ,376  ,127      ,15.072 ,15.478 ,0.974   
6     ,2      ,380  ,127      ,17.433 ,16.828 ,1.036   
6     ,2      ,384  ,127      ,18.86  ,16.763 ,1.125   
6     ,2      ,388  ,127      ,18.876 ,17.662 ,1.069   
6     ,2      ,392  ,127      ,18.814 ,16.977 ,1.108   
6     ,2      ,396  ,127      ,18.81  ,17.479 ,1.076   
6     ,2      ,40   ,127      ,7.286  ,9.561  ,0.762   
6     ,2      ,400  ,127      ,18.849 ,17.173 ,1.098   
6     ,2      ,404  ,127      ,18.9   ,17.134 ,1.103   
6     ,2      ,408  ,127      ,17.106 ,17.167 ,0.996   
6     ,2      ,412  ,127      ,17.273 ,16.642 ,1.038   
6     ,2      ,416  ,127      ,17.428 ,17.455 ,0.998   
6     ,2      ,420  ,127      ,17.475 ,17.878 ,0.977   
6     ,2      ,424  ,127      ,17.476 ,17.859 ,0.979   
6     ,2      ,428  ,127      ,17.354 ,18.037 ,0.962   
6     ,2      ,432  ,127      ,17.42  ,17.818 ,0.978   
6     ,2      ,436  ,127      ,17.466 ,17.828 ,0.98    
6     ,2      ,44   ,127      ,7.147  ,8.929  ,0.8     
6     ,2      ,440  ,127      ,17.018 ,17.923 ,0.949   
6     ,2      ,444  ,127      ,18.944 ,17.204 ,1.101   
6     ,2      ,448  ,127      ,19.919 ,18.127 ,1.099   
6     ,2      ,452  ,127      ,20.314 ,18.722 ,1.085   
6     ,2      ,456  ,127      ,19.747 ,18.35  ,1.076   
6     ,2      ,460  ,127      ,19.904 ,18.752 ,1.061   
6     ,2      ,464  ,127      ,19.878 ,18.468 ,1.076   
6     ,2      ,468  ,127      ,19.947 ,18.479 ,1.079   
6     ,2      ,472  ,127      ,18.678 ,18.475 ,1.011   
6     ,2      ,476  ,127      ,20.571 ,18.315 ,1.123   
6     ,2      ,48   ,127      ,7.136  ,9.785  ,0.729   
6     ,2      ,480  ,127      ,20.591 ,18.554 ,1.11    
6     ,2      ,484  ,127      ,20.575 ,19.268 ,1.068   
6     ,2      ,488  ,127      ,20.474 ,19.07  ,1.074   
6     ,2      ,492  ,127      ,20.556 ,19.336 ,1.063   
6     ,2      ,496  ,127      ,20.52  ,19.127 ,1.073   
6     ,2      ,500  ,127      ,20.604 ,19.232 ,1.071   
6     ,2      ,504  ,127      ,19.52  ,19.123 ,1.021   
6     ,2      ,508  ,127      ,21.474 ,18.163 ,1.182   
6     ,2      ,512  ,127      ,21.998 ,19.834 ,1.109   
6     ,2      ,52   ,127      ,7.225  ,9.567  ,0.755   
6     ,2      ,56   ,127      ,7.212  ,9.672  ,0.746   
6     ,2      ,60   ,127      ,7.927  ,9.448  ,0.839   
6     ,2      ,64   ,127      ,8.337  ,9.08   ,0.918   
6     ,2      ,68   ,127      ,8.215  ,11.181 ,0.735   
6     ,2      ,72   ,127      ,8.196  ,10.716 ,0.765   
6     ,2      ,76   ,127      ,8.399  ,11.209 ,0.749   
6     ,2      ,80   ,127      ,8.204  ,10.948 ,0.749   
6     ,2      ,84   ,127      ,8.192  ,11.066 ,0.74    
6     ,2      ,88   ,127      ,7.677  ,10.129 ,0.758   
6     ,2      ,92   ,127      ,7.947  ,8.398  ,0.946   
6     ,2      ,96   ,127      ,8.154  ,9.005  ,0.905   
6     ,3      ,64   ,127      ,8.32   ,10.443 ,0.797   
6     ,4      ,32   ,127      ,7.025  ,5.516  ,1.274   
6     ,4      ,512  ,127      ,21.905 ,20.759 ,1.055   
6     ,6      ,512  ,127      ,18.499 ,17.311 ,1.069   
6     ,7      ,1024 ,127      ,36.007 ,34.267 ,1.051   
7     ,0      ,15   ,127      ,5.332  ,7.726  ,0.69    
7     ,0      ,7    ,127      ,4.402  ,6.05   ,0.728   
7     ,1      ,100  ,127      ,8.158  ,10.862 ,0.751   
7     ,1      ,104  ,127      ,8.163  ,10.599 ,0.77    
7     ,1      ,108  ,127      ,8.166  ,10.905 ,0.749   
7     ,1      ,112  ,127      ,8.205  ,10.805 ,0.759   
7     ,1      ,116  ,127      ,7.574  ,10.67  ,0.71    
7     ,1      ,120  ,127      ,7.638  ,10.568 ,0.723   
7     ,1      ,124  ,127      ,9.31   ,8.441  ,1.103   
7     ,1      ,128  ,127      ,9.89   ,9.708  ,1.019   
7     ,1      ,132  ,127      ,9.785  ,12.741 ,0.768   
7     ,1      ,136  ,127      ,9.86   ,12.542 ,0.786   
7     ,1      ,140  ,127      ,9.834  ,12.61  ,0.78    
7     ,1      ,144  ,127      ,9.834  ,12.68  ,0.776   
7     ,1      ,148  ,127      ,8.705  ,12.754 ,0.683   
7     ,1      ,152  ,127      ,8.415  ,12.686 ,0.663   
7     ,1      ,156  ,127      ,12.211 ,8.91   ,1.371   
7     ,1      ,16   ,127      ,5.916  ,7.993  ,0.74    
7     ,1      ,160  ,127      ,12.384 ,10.204 ,1.214   
7     ,1      ,164  ,127      ,12.665 ,11.043 ,1.147   
7     ,1      ,168  ,127      ,12.47  ,11.539 ,1.081   
7     ,1      ,172  ,127      ,12.507 ,10.997 ,1.137   
7     ,1      ,176  ,127      ,12.468 ,11.606 ,1.074   
7     ,1      ,180  ,127      ,11.051 ,11.839 ,0.933   
7     ,1      ,184  ,127      ,11.11  ,11.646 ,0.954   
7     ,1      ,188  ,127      ,12.828 ,9.36   ,1.37    
7     ,1      ,192  ,127      ,12.995 ,10.404 ,1.249   
7     ,1      ,196  ,127      ,13.069 ,12.234 ,1.068   
7     ,1      ,20   ,127      ,5.877  ,7.917  ,0.742   
7     ,1      ,200  ,127      ,13.177 ,11.649 ,1.131   
7     ,1      ,204  ,127      ,13.053 ,12.242 ,1.066   
7     ,1      ,208  ,127      ,13.068 ,11.564 ,1.13    
7     ,1      ,212  ,127      ,12.375 ,11.67  ,1.06    
7     ,1      ,216  ,127      ,11.673 ,11.643 ,1.003   
7     ,1      ,220  ,127      ,14.09  ,10.199 ,1.382   
7     ,1      ,224  ,127      ,13.088 ,11.048 ,1.185   
7     ,1      ,228  ,127      ,13.143 ,11.815 ,1.112   
7     ,1      ,232  ,127      ,13.161 ,11.74  ,1.121   
7     ,1      ,236  ,127      ,13.149 ,11.746 ,1.119   
7     ,1      ,24   ,127      ,5.862  ,7.939  ,0.738   
7     ,1      ,240  ,127      ,13.146 ,11.623 ,1.131   
7     ,1      ,244  ,127      ,12.526 ,11.72  ,1.069   
7     ,1      ,248  ,127      ,12.43  ,11.716 ,1.061   
7     ,1      ,252  ,127      ,14.27  ,12.275 ,1.162   
7     ,1      ,256  ,127      ,15.492 ,13.22  ,1.172   
7     ,1      ,260  ,127      ,15.598 ,13.313 ,1.172   
7     ,1      ,264  ,127      ,15.658 ,13.276 ,1.179   
7     ,1      ,268  ,127      ,15.63  ,13.338 ,1.172   
7     ,1      ,272  ,127      ,15.565 ,13.418 ,1.16    
7     ,1      ,276  ,127      ,13.937 ,13.192 ,1.056   
7     ,1      ,28   ,127      ,5.3    ,7.583  ,0.699   
7     ,1      ,280  ,127      ,13.47  ,13.242 ,1.017   
7     ,1      ,284  ,127      ,14.291 ,13.238 ,1.08    
7     ,1      ,288  ,127      ,14.446 ,14.098 ,1.025   
7     ,1      ,292  ,127      ,14.404 ,14.066 ,1.024   
7     ,1      ,296  ,127      ,14.412 ,13.968 ,1.032   
7     ,1      ,300  ,127      ,14.408 ,14.071 ,1.024   
7     ,1      ,304  ,127      ,14.27  ,13.887 ,1.028   
7     ,1      ,308  ,127      ,13.587 ,13.976 ,0.972   
7     ,1      ,312  ,127      ,13.666 ,13.921 ,0.982   
7     ,1      ,316  ,127      ,15.728 ,13.791 ,1.14    
7     ,1      ,32   ,127      ,7.184  ,5.566  ,1.291   
7     ,1      ,320  ,127      ,16.684 ,14.575 ,1.145   
7     ,1      ,324  ,127      ,16.642 ,14.814 ,1.123   
7     ,1      ,328  ,127      ,16.797 ,14.469 ,1.161   
7     ,1      ,332  ,127      ,16.724 ,14.864 ,1.125   
7     ,1      ,336  ,127      ,16.735 ,14.612 ,1.145   
7     ,1      ,340  ,127      ,15.264 ,14.537 ,1.05    
7     ,1      ,344  ,127      ,14.655 ,14.634 ,1.001   
7     ,1      ,348  ,127      ,16.503 ,14.438 ,1.143   
7     ,1      ,352  ,127      ,16.322 ,14.958 ,1.091   
7     ,1      ,356  ,127      ,16.324 ,15.484 ,1.054   
7     ,1      ,36   ,127      ,7.102  ,6.671  ,1.065   
7     ,1      ,360  ,127      ,16.302 ,15.334 ,1.063   
7     ,1      ,364  ,127      ,16.352 ,15.491 ,1.056   
7     ,1      ,368  ,127      ,16.297 ,15.587 ,1.046   
7     ,1      ,372  ,127      ,15.174 ,15.517 ,0.978   
7     ,1      ,376  ,127      ,15.05  ,15.45  ,0.974   
7     ,1      ,380  ,127      ,17.464 ,15.174 ,1.151   
7     ,1      ,384  ,127      ,18.85  ,16.732 ,1.127   
7     ,1      ,388  ,127      ,18.758 ,17.635 ,1.064   
7     ,1      ,392  ,127      ,18.858 ,17.004 ,1.109   
7     ,1      ,396  ,127      ,18.867 ,17.5   ,1.078   
7     ,1      ,40   ,127      ,7.156  ,9.598  ,0.746   
7     ,1      ,400  ,127      ,18.86  ,17.138 ,1.1     
7     ,1      ,404  ,127      ,17.163 ,17.174 ,0.999   
7     ,1      ,408  ,127      ,16.633 ,17.237 ,0.965   
7     ,1      ,412  ,127      ,17.235 ,15.961 ,1.08    
7     ,1      ,416  ,127      ,17.513 ,17.435 ,1.004   
7     ,1      ,420  ,127      ,17.503 ,17.818 ,0.982   
7     ,1      ,424  ,127      ,18.049 ,17.765 ,1.016   
7     ,1      ,428  ,127      ,17.408 ,18.116 ,0.961   
7     ,1      ,432  ,127      ,17.361 ,17.748 ,0.978   
7     ,1      ,436  ,127      ,17.078 ,17.856 ,0.956   
7     ,1      ,44   ,127      ,7.171  ,8.825  ,0.813   
7     ,1      ,440  ,127      ,17.053 ,17.929 ,0.951   
7     ,1      ,444  ,127      ,19.002 ,16.613 ,1.144   
7     ,1      ,448  ,127      ,19.994 ,18.131 ,1.103   
7     ,1      ,452  ,127      ,20.04  ,18.62  ,1.076   
7     ,1      ,456  ,127      ,19.841 ,18.487 ,1.073   
7     ,1      ,460  ,127      ,19.991 ,18.68  ,1.07    
7     ,1      ,464  ,127      ,19.931 ,18.517 ,1.076   
7     ,1      ,468  ,127      ,18.623 ,18.387 ,1.013   
7     ,1      ,472  ,127      ,17.895 ,18.539 ,0.965   
7     ,1      ,476  ,127      ,20.574 ,17.818 ,1.155   
7     ,1      ,48   ,127      ,7.208  ,9.783  ,0.737   
7     ,1      ,480  ,127      ,21.636 ,18.673 ,1.159   
7     ,1      ,484  ,127      ,20.629 ,19.388 ,1.064   
7     ,1      ,488  ,127      ,20.717 ,19.102 ,1.085   
7     ,1      ,492  ,127      ,20.655 ,19.398 ,1.065   
7     ,1      ,496  ,127      ,20.558 ,19.133 ,1.074   
7     ,1      ,500  ,127      ,19.524 ,19.137 ,1.02    
7     ,1      ,504  ,127      ,19.553 ,19.082 ,1.025   
7     ,1      ,508  ,127      ,21.165 ,17.815 ,1.188   
7     ,1      ,512  ,127      ,21.967 ,19.838 ,1.107   
7     ,1      ,52   ,127      ,7.137  ,9.681  ,0.737   
7     ,1      ,56   ,127      ,7.153  ,9.601  ,0.745   
7     ,1      ,60   ,127      ,7.659  ,9.447  ,0.811   
7     ,1      ,64   ,127      ,8.34   ,9.098  ,0.917   
7     ,1      ,68   ,127      ,8.333  ,10.89  ,0.765   
7     ,1      ,72   ,127      ,8.184  ,10.718 ,0.763   
7     ,1      ,76   ,127      ,8.176  ,11.205 ,0.73    
7     ,1      ,80   ,127      ,8.206  ,10.965 ,0.748   
7     ,1      ,84   ,127      ,7.695  ,10.681 ,0.72    
7     ,1      ,88   ,127      ,7.017  ,10.151 ,0.691   
7     ,1      ,92   ,127      ,7.657  ,8.193  ,0.935   
7     ,1      ,96   ,127      ,8.147  ,8.983  ,0.907   
7     ,2      ,16   ,127      ,5.697  ,7.713  ,0.739   
7     ,5      ,100  ,127      ,8.167  ,10.8   ,0.756   
7     ,5      ,104  ,127      ,8.165  ,10.68  ,0.764   
7     ,5      ,108  ,127      ,8.184  ,10.787 ,0.759   
7     ,5      ,112  ,127      ,8.206  ,10.805 ,0.759   
7     ,5      ,116  ,127      ,8.223  ,10.808 ,0.761   
7     ,5      ,120  ,127      ,7.557  ,10.591 ,0.714   
7     ,5      ,124  ,127      ,9.838  ,8.904  ,1.105   
7     ,5      ,128  ,127      ,9.83   ,11.14  ,0.882   
7     ,5      ,132  ,127      ,9.797  ,12.776 ,0.767   
7     ,5      ,136  ,127      ,9.882  ,12.879 ,0.767   
7     ,5      ,140  ,127      ,9.833  ,12.596 ,0.781   
7     ,5      ,144  ,127      ,9.789  ,12.67  ,0.773   
7     ,5      ,148  ,127      ,9.826  ,12.743 ,0.771   
7     ,5      ,152  ,127      ,8.435  ,12.648 ,0.667   
7     ,5      ,156  ,127      ,12.442 ,9.279  ,1.341   
7     ,5      ,16   ,127      ,5.884  ,8.013  ,0.734   
7     ,5      ,160  ,127      ,12.436 ,11.104 ,1.12    
7     ,5      ,164  ,127      ,12.414 ,11.604 ,1.07    
7     ,5      ,168  ,127      ,12.472 ,11.336 ,1.1     
7     ,5      ,172  ,127      ,12.524 ,11.915 ,1.051   
7     ,5      ,176  ,127      ,12.466 ,11.796 ,1.057   
7     ,5      ,180  ,127      ,12.41  ,11.801 ,1.052   
7     ,5      ,184  ,127      ,11.185 ,11.662 ,0.959   
7     ,5      ,188  ,127      ,13.117 ,9.823  ,1.335   
7     ,5      ,192  ,127      ,12.978 ,11.372 ,1.141   
7     ,5      ,196  ,127      ,13.126 ,11.651 ,1.127   
7     ,5      ,20   ,127      ,5.866  ,7.919  ,0.741   
7     ,5      ,200  ,127      ,13.043 ,11.596 ,1.125   
7     ,5      ,204  ,127      ,13.035 ,11.537 ,1.13    
7     ,5      ,208  ,127      ,13.082 ,11.591 ,1.129   
7     ,5      ,212  ,127      ,13.086 ,11.592 ,1.129   
7     ,5      ,216  ,127      ,11.693 ,11.657 ,1.003   
7     ,5      ,220  ,127      ,13.114 ,10.554 ,1.243   
7     ,5      ,224  ,127      ,13.086 ,11.763 ,1.113   
7     ,5      ,228  ,127      ,12.997 ,11.812 ,1.1     
7     ,5      ,232  ,127      ,13.171 ,11.696 ,1.126   
7     ,5      ,236  ,127      ,13.113 ,11.69  ,1.122   
7     ,5      ,24   ,127      ,5.852  ,7.88   ,0.743   
7     ,5      ,240  ,127      ,13.087 ,11.68  ,1.12    
7     ,5      ,244  ,127      ,13.388 ,11.786 ,1.136   
7     ,5      ,248  ,127      ,12.434 ,11.781 ,1.055   
7     ,5      ,252  ,127      ,15.484 ,12.596 ,1.229   
7     ,5      ,256  ,127      ,15.463 ,13.566 ,1.14    
7     ,5      ,260  ,127      ,15.599 ,13.265 ,1.176   
7     ,5      ,264  ,127      ,15.697 ,13.128 ,1.196   
7     ,5      ,268  ,127      ,15.626 ,13.203 ,1.184   
7     ,5      ,272  ,127      ,15.542 ,13.236 ,1.174   
7     ,5      ,276  ,127      ,15.51  ,13.29  ,1.167   
7     ,5      ,28   ,127      ,5.839  ,8.034  ,0.727   
7     ,5      ,280  ,127      ,13.496 ,13.169 ,1.025   
7     ,5      ,284  ,127      ,14.331 ,13.186 ,1.087   
7     ,5      ,288  ,127      ,14.313 ,14.14  ,1.012   
7     ,5      ,292  ,127      ,14.381 ,13.991 ,1.028   
7     ,5      ,296  ,127      ,14.413 ,13.967 ,1.032   
7     ,5      ,300  ,127      ,14.368 ,13.997 ,1.026   
7     ,5      ,304  ,127      ,14.418 ,14.107 ,1.022   
7     ,5      ,308  ,127      ,14.378 ,14.01  ,1.026   
7     ,5      ,312  ,127      ,13.607 ,13.873 ,0.981   
7     ,5      ,316  ,127      ,16.839 ,14.044 ,1.199   
7     ,5      ,32   ,127      ,7.133  ,5.746  ,1.241   
7     ,5      ,320  ,127      ,16.645 ,14.691 ,1.133   
7     ,5      ,324  ,127      ,16.742 ,14.607 ,1.146   
7     ,5      ,328  ,127      ,16.774 ,14.549 ,1.153   
7     ,5      ,332  ,127      ,16.709 ,14.61  ,1.144   
7     ,5      ,336  ,127      ,16.655 ,14.656 ,1.136   
7     ,5      ,340  ,127      ,16.677 ,14.672 ,1.137   
7     ,5      ,344  ,127      ,14.588 ,14.564 ,1.002   
7     ,5      ,348  ,127      ,16.322 ,14.469 ,1.128   
7     ,5      ,352  ,127      ,16.246 ,15.287 ,1.063   
7     ,5      ,356  ,127      ,16.449 ,15.295 ,1.075   
7     ,5      ,36   ,127      ,7.148  ,9.223  ,0.775   
7     ,5      ,360  ,127      ,16.296 ,15.209 ,1.072   
7     ,5      ,364  ,127      ,16.32  ,15.445 ,1.057   
7     ,5      ,368  ,127      ,16.325 ,15.392 ,1.061   
7     ,5      ,372  ,127      ,16.288 ,15.46  ,1.054   
7     ,5      ,376  ,127      ,15.064 ,15.458 ,0.975   
7     ,5      ,380  ,127      ,18.931 ,15.731 ,1.203   
7     ,5      ,384  ,127      ,18.865 ,16.933 ,1.114   
7     ,5      ,388  ,127      ,18.769 ,16.973 ,1.106   
7     ,5      ,392  ,127      ,18.899 ,16.886 ,1.119   
7     ,5      ,396  ,127      ,18.818 ,17.087 ,1.101   
7     ,5      ,40   ,127      ,7.156  ,9.598  ,0.746   
7     ,5      ,400  ,127      ,18.799 ,17.066 ,1.102   
7     ,5      ,404  ,127      ,18.903 ,17.14  ,1.103   
7     ,5      ,408  ,127      ,16.713 ,17.215 ,0.971   
7     ,5      ,412  ,127      ,17.387 ,16.313 ,1.066   
7     ,5      ,416  ,127      ,17.516 ,17.589 ,0.996   
7     ,5      ,420  ,127      ,17.396 ,17.685 ,0.984   
7     ,5      ,424  ,127      ,17.442 ,17.734 ,0.983   
7     ,5      ,428  ,127      ,17.426 ,17.936 ,0.972   
7     ,5      ,432  ,127      ,17.356 ,17.789 ,0.976   
7     ,5      ,436  ,127      ,17.403 ,18.009 ,0.966   
7     ,5      ,44   ,127      ,7.23   ,9.586  ,0.754   
7     ,5      ,440  ,127      ,17.005 ,17.853 ,0.953   
7     ,5      ,444  ,127      ,20.03  ,17.017 ,1.177   
7     ,5      ,448  ,127      ,20.25  ,18.173 ,1.114   
7     ,5      ,452  ,127      ,19.987 ,18.394 ,1.087   
7     ,5      ,456  ,127      ,19.907 ,18.396 ,1.082   
7     ,5      ,460  ,127      ,19.898 ,18.517 ,1.075   
7     ,5      ,464  ,127      ,19.886 ,18.519 ,1.074   
7     ,5      ,468  ,127      ,19.938 ,18.472 ,1.079   
7     ,5      ,472  ,127      ,17.939 ,18.431 ,0.973   
7     ,5      ,476  ,127      ,20.644 ,17.792 ,1.16    
7     ,5      ,48   ,127      ,7.193  ,9.738  ,0.739   
7     ,5      ,480  ,127      ,20.55  ,18.987 ,1.082   
7     ,5      ,484  ,127      ,20.524 ,19.068 ,1.076   
7     ,5      ,488  ,127      ,20.527 ,19.11  ,1.074   
7     ,5      ,492  ,127      ,20.497 ,19.091 ,1.074   
7     ,5      ,496  ,127      ,20.589 ,19.047 ,1.081   
7     ,5      ,500  ,127      ,20.553 ,19.169 ,1.072   
7     ,5      ,504  ,127      ,19.491 ,19.4   ,1.005   
7     ,5      ,508  ,127      ,22.028 ,18.102 ,1.217   
7     ,5      ,512  ,127      ,22.054 ,20.85  ,1.058   
7     ,5      ,52   ,127      ,7.153  ,9.552  ,0.749   
7     ,5      ,56   ,127      ,7.254  ,9.576  ,0.757   
7     ,5      ,60   ,127      ,9.285  ,10.079 ,0.921   
7     ,5      ,64   ,127      ,8.609  ,10.537 ,0.817   
7     ,5      ,68   ,127      ,8.202  ,10.982 ,0.747   
7     ,5      ,72   ,127      ,8.178  ,10.713 ,0.763   
7     ,5      ,76   ,127      ,8.451  ,10.964 ,0.771   
7     ,5      ,80   ,127      ,8.175  ,10.92  ,0.749   
7     ,5      ,84   ,127      ,8.218  ,10.994 ,0.748   
7     ,5      ,88   ,127      ,7.015  ,10.128 ,0.693   
7     ,5      ,92   ,127      ,8.167  ,8.312  ,0.983   
7     ,5      ,96   ,127      ,8.147  ,10.412 ,0.782   
7     ,6      ,1024 ,127      ,35.68  ,33.669 ,1.06    
7     ,7      ,1024 ,127      ,24.974 ,24.359 ,1.025   
0.9713720162153231
