
Results For: stpcpy
align1,align2 ,len  ,max_char ,new    ,old    ,new/old 
0     ,0      ,0    ,127      ,3.84   ,4.556  ,0.843   
0     ,0      ,1    ,127      ,5.225  ,5.095  ,1.026   
0     ,0      ,10   ,127      ,5.858  ,7.657  ,0.765   
0     ,0      ,1024 ,127      ,24.836 ,25.407 ,0.977   
0     ,0      ,11   ,127      ,5.864  ,7.669  ,0.765   
0     ,0      ,12   ,127      ,5.881  ,7.701  ,0.764   
0     ,0      ,128  ,127      ,8.962  ,8.388  ,1.068   
0     ,0      ,13   ,127      ,5.878  ,7.654  ,0.768   
0     ,0      ,14   ,127      ,5.886  ,7.643  ,0.77    
0     ,0      ,15   ,127      ,5.601  ,6.914  ,0.81    
0     ,0      ,16   ,127      ,6.001  ,7.873  ,0.762   
0     ,0      ,2    ,127      ,5.22   ,4.862  ,1.074   
0     ,0      ,256  ,127      ,13.086 ,14.19  ,0.922   
0     ,0      ,3    ,127      ,5.803  ,4.442  ,1.306   
0     ,0      ,32   ,127      ,6.107  ,6.031  ,1.012   
0     ,0      ,4    ,127      ,5.871  ,7.688  ,0.764   
0     ,0      ,5    ,127      ,5.833  ,7.571  ,0.77    
0     ,0      ,512  ,127      ,17.836 ,17.334 ,1.029   
0     ,0      ,6    ,127      ,5.859  ,7.572  ,0.774   
0     ,0      ,64   ,127      ,7.872  ,6.817  ,1.155   
0     ,0      ,7    ,127      ,5.562  ,6.676  ,0.833   
0     ,0      ,8    ,127      ,5.921  ,7.779  ,0.761   
0     ,0      ,9    ,127      ,5.84   ,7.887  ,0.74    
0     ,1      ,1    ,127      ,5.264  ,5.101  ,1.032   
0     ,1      ,9    ,127      ,5.889  ,7.661  ,0.769   
0     ,2      ,10   ,127      ,5.863  ,7.663  ,0.765   
0     ,2      ,2    ,127      ,5.256  ,4.887  ,1.075   
0     ,3      ,11   ,127      ,5.86   ,7.679  ,0.763   
0     ,3      ,3    ,127      ,5.827  ,4.439  ,1.313   
0     ,4      ,100  ,127      ,8.653  ,11.794 ,0.734   
0     ,4      ,104  ,127      ,8.63   ,11.912 ,0.725   
0     ,4      ,108  ,127      ,8.755  ,11.395 ,0.768   
0     ,4      ,112  ,127      ,8.732  ,11.646 ,0.75    
0     ,4      ,116  ,127      ,8.761  ,11.061 ,0.792   
0     ,4      ,12   ,127      ,5.863  ,7.49   ,0.783   
0     ,4      ,120  ,127      ,8.733  ,11.047 ,0.791   
0     ,4      ,124  ,127      ,8.732  ,11.098 ,0.787   
0     ,4      ,128  ,127      ,10.508 ,10.092 ,1.041   
0     ,4      ,132  ,127      ,9.978  ,12.892 ,0.774   
0     ,4      ,136  ,127      ,10.047 ,12.817 ,0.784   
0     ,4      ,140  ,127      ,10.04  ,12.212 ,0.822   
0     ,4      ,144  ,127      ,9.983  ,12.417 ,0.804   
0     ,4      ,148  ,127      ,9.974  ,11.343 ,0.879   
0     ,4      ,152  ,127      ,9.995  ,11.354 ,0.88    
0     ,4      ,156  ,127      ,9.866  ,11.401 ,0.865   
0     ,4      ,16   ,127      ,6.098  ,7.984  ,0.764   
0     ,4      ,160  ,127      ,14.519 ,10.865 ,1.336   
0     ,4      ,164  ,127      ,14.232 ,13.855 ,1.027   
0     ,4      ,168  ,127      ,14.211 ,13.666 ,1.04    
0     ,4      ,172  ,127      ,14.269 ,13.246 ,1.077   
0     ,4      ,176  ,127      ,14.408 ,13.37  ,1.078   
0     ,4      ,180  ,127      ,14.202 ,12.596 ,1.127   
0     ,4      ,184  ,127      ,14.195 ,12.517 ,1.134   
0     ,4      ,188  ,127      ,14.354 ,12.923 ,1.111   
0     ,4      ,192  ,127      ,15.521 ,11.845 ,1.31    
0     ,4      ,196  ,127      ,13.349 ,14.725 ,0.907   
0     ,4      ,20   ,127      ,6.086  ,7.944  ,0.766   
0     ,4      ,200  ,127      ,13.444 ,14.387 ,0.934   
0     ,4      ,204  ,127      ,13.384 ,14.049 ,0.953   
0     ,4      ,208  ,127      ,13.351 ,13.756 ,0.971   
0     ,4      ,212  ,127      ,13.426 ,12.36  ,1.086   
0     ,4      ,216  ,127      ,13.379 ,12.366 ,1.082   
0     ,4      ,220  ,127      ,13.04  ,12.579 ,1.037   
0     ,4      ,224  ,127      ,13.565 ,12.115 ,1.12    
0     ,4      ,228  ,127      ,13.401 ,13.795 ,0.971   
0     ,4      ,232  ,127      ,13.294 ,13.82  ,0.962   
0     ,4      ,236  ,127      ,13.488 ,13.547 ,0.996   
0     ,4      ,24   ,127      ,6.039  ,7.868  ,0.768   
0     ,4      ,240  ,127      ,13.396 ,13.572 ,0.987   
0     ,4      ,244  ,127      ,13.406 ,12.93  ,1.037   
0     ,4      ,248  ,127      ,13.469 ,12.921 ,1.042   
0     ,4      ,252  ,127      ,13.031 ,12.841 ,1.015   
0     ,4      ,256  ,127      ,17.683 ,17.373 ,1.018   
0     ,4      ,260  ,127      ,16.628 ,19.063 ,0.872   
0     ,4      ,264  ,127      ,16.767 ,18.388 ,0.912   
0     ,4      ,268  ,127      ,16.873 ,17.827 ,0.946   
0     ,4      ,272  ,127      ,16.796 ,18.167 ,0.925   
0     ,4      ,276  ,127      ,16.665 ,17.788 ,0.937   
0     ,4      ,28   ,127      ,6.024  ,7.703  ,0.782   
0     ,4      ,280  ,127      ,16.753 ,17.818 ,0.94    
0     ,4      ,284  ,127      ,16.533 ,17.62  ,0.938   
0     ,4      ,288  ,127      ,17.139 ,18.109 ,0.946   
0     ,4      ,292  ,127      ,16.238 ,19.44  ,0.835   
0     ,4      ,296  ,127      ,16.435 ,19.218 ,0.855   
0     ,4      ,300  ,127      ,16.432 ,18.061 ,0.91    
0     ,4      ,304  ,127      ,16.306 ,19.099 ,0.854   
0     ,4      ,308  ,127      ,16.403 ,17.995 ,0.912   
0     ,4      ,312  ,127      ,16.329 ,17.989 ,0.908   
0     ,4      ,316  ,127      ,16.607 ,18.45  ,0.9     
0     ,4      ,32   ,127      ,7.215  ,5.908  ,1.221   
0     ,4      ,320  ,127      ,18.881 ,18.496 ,1.021   
0     ,4      ,324  ,127      ,17.518 ,19.7   ,0.889   
0     ,4      ,328  ,127      ,17.557 ,19.739 ,0.889   
0     ,4      ,332  ,127      ,17.563 ,18.555 ,0.947   
0     ,4      ,336  ,127      ,17.485 ,19.738 ,0.886   
0     ,4      ,340  ,127      ,17.522 ,18.503 ,0.947   
0     ,4      ,344  ,127      ,17.599 ,18.36  ,0.959   
0     ,4      ,348  ,127      ,17.257 ,18.395 ,0.938   
0     ,4      ,352  ,127      ,18.114 ,18.812 ,0.963   
0     ,4      ,356  ,127      ,16.995 ,20.345 ,0.835   
0     ,4      ,36   ,127      ,7.202  ,8.163  ,0.882   
0     ,4      ,360  ,127      ,17.18  ,20.087 ,0.855   
0     ,4      ,364  ,127      ,16.967 ,19.045 ,0.891   
0     ,4      ,368  ,127      ,16.985 ,20.063 ,0.847   
0     ,4      ,372  ,127      ,17.008 ,18.896 ,0.9     
0     ,4      ,376  ,127      ,17.003 ,18.997 ,0.895   
0     ,4      ,380  ,127      ,16.768 ,19.376 ,0.865   
0     ,4      ,384  ,127      ,21.513 ,18.436 ,1.167   
0     ,4      ,388  ,127      ,20.16  ,20.463 ,0.985   
0     ,4      ,392  ,127      ,20.074 ,20.037 ,1.002   
0     ,4      ,396  ,127      ,20.245 ,18.404 ,1.1     
0     ,4      ,4    ,127      ,5.545  ,5.988  ,0.926   
0     ,4      ,40   ,127      ,7.226  ,8.847  ,0.817   
0     ,4      ,400  ,127      ,20.123 ,20.092 ,1.002   
0     ,4      ,404  ,127      ,20.112 ,18.499 ,1.087   
0     ,4      ,408  ,127      ,20.168 ,18.572 ,1.086   
0     ,4      ,412  ,127      ,19.657 ,18.73  ,1.05    
0     ,4      ,416  ,127      ,20.867 ,19.067 ,1.094   
0     ,4      ,420  ,127      ,20.011 ,20.939 ,0.956   
0     ,4      ,424  ,127      ,19.761 ,20.472 ,0.965   
0     ,4      ,428  ,127      ,19.966 ,19.332 ,1.033   
0     ,4      ,432  ,127      ,19.954 ,20.602 ,0.969   
0     ,4      ,436  ,127      ,19.853 ,19.213 ,1.033   
0     ,4      ,44   ,127      ,7.218  ,8.161  ,0.884   
0     ,4      ,440  ,127      ,19.929 ,19.399 ,1.027   
0     ,4      ,444  ,127      ,19.533 ,19.809 ,0.986   
0     ,4      ,448  ,127      ,22.871 ,19.724 ,1.16    
0     ,4      ,452  ,127      ,21.18  ,21.687 ,0.977   
0     ,4      ,456  ,127      ,21.194 ,21.152 ,1.002   
0     ,4      ,460  ,127      ,21.142 ,20.033 ,1.055   
0     ,4      ,464  ,127      ,21.128 ,21.333 ,0.99    
0     ,4      ,468  ,127      ,21.128 ,20.025 ,1.055   
0     ,4      ,472  ,127      ,21.156 ,20.041 ,1.056   
0     ,4      ,476  ,127      ,20.917 ,19.983 ,1.047   
0     ,4      ,48   ,127      ,7.223  ,8.924  ,0.809   
0     ,4      ,480  ,127      ,21.525 ,19.966 ,1.078   
0     ,4      ,484  ,127      ,20.836 ,22.032 ,0.946   
0     ,4      ,488  ,127      ,20.291 ,21.462 ,0.945   
0     ,4      ,492  ,127      ,20.344 ,20.551 ,0.99    
0     ,4      ,496  ,127      ,20.317 ,21.379 ,0.95    
0     ,4      ,500  ,127      ,20.384 ,20.57  ,0.991   
0     ,4      ,504  ,127      ,20.366 ,20.64  ,0.987   
0     ,4      ,508  ,127      ,21.304 ,20.759 ,1.026   
0     ,4      ,512  ,127      ,25.587 ,20.066 ,1.275   
0     ,4      ,52   ,127      ,7.253  ,8.243  ,0.88    
0     ,4      ,56   ,127      ,7.258  ,8.239  ,0.881   
0     ,4      ,60   ,127      ,7.366  ,8.296  ,0.888   
0     ,4      ,64   ,127      ,9.669  ,8.174  ,1.183   
0     ,4      ,68   ,127      ,8.809  ,10.874 ,0.81    
0     ,4      ,72   ,127      ,8.812  ,10.834 ,0.813   
0     ,4      ,76   ,127      ,8.77   ,10.275 ,0.854   
0     ,4      ,80   ,127      ,8.813  ,10.779 ,0.818   
0     ,4      ,84   ,127      ,8.794  ,10.209 ,0.861   
0     ,4      ,88   ,127      ,8.831  ,10.145 ,0.87    
0     ,4      ,92   ,127      ,8.194  ,10.14  ,0.808   
0     ,4      ,96   ,127      ,9.271  ,9.243  ,1.003   
0     ,5      ,13   ,127      ,5.866  ,7.481  ,0.784   
0     ,5      ,5    ,127      ,5.474  ,5.871  ,0.932   
0     ,6      ,14   ,127      ,5.863  ,7.52   ,0.78    
0     ,6      ,6    ,127      ,5.524  ,5.869  ,0.941   
0     ,7      ,15   ,127      ,5.851  ,7.502  ,0.78    
0     ,7      ,7    ,127      ,5.485  ,5.922  ,0.926   
1     ,0      ,1    ,127      ,5.301  ,5.075  ,1.045   
1     ,0      ,1024 ,127      ,35.676 ,31.713 ,1.125   
1     ,0      ,128  ,127      ,9.276  ,9.024  ,1.028   
1     ,0      ,16   ,127      ,6.06   ,7.99   ,0.758   
1     ,0      ,2    ,127      ,5.38   ,5.243  ,1.026   
1     ,0      ,256  ,127      ,15.227 ,15.472 ,0.984   
1     ,0      ,32   ,127      ,6.186  ,6.305  ,0.981   
1     ,0      ,4    ,127      ,6.094  ,7.928  ,0.769   
1     ,0      ,512  ,127      ,21.481 ,19.663 ,1.092   
1     ,0      ,64   ,127      ,8.19   ,7.685  ,1.066   
1     ,0      ,8    ,127      ,6.027  ,7.972  ,0.756   
1     ,0      ,9    ,127      ,5.841  ,7.673  ,0.761   
1     ,1      ,1    ,127      ,5.38   ,5.238  ,1.027   
1     ,1      ,16   ,127      ,6.032  ,7.865  ,0.767   
1     ,2      ,16   ,127      ,6.0    ,7.892  ,0.76    
1     ,6      ,1024 ,127      ,35.068 ,30.422 ,1.153   
1     ,7      ,100  ,127      ,8.637  ,11.598 ,0.745   
1     ,7      ,104  ,127      ,8.666  ,12.229 ,0.709   
1     ,7      ,108  ,127      ,8.692  ,11.556 ,0.752   
1     ,7      ,112  ,127      ,8.718  ,12.143 ,0.718   
1     ,7      ,116  ,127      ,8.759  ,11.531 ,0.76    
1     ,7      ,120  ,127      ,8.616  ,11.354 ,0.759   
1     ,7      ,124  ,127      ,8.749  ,11.585 ,0.755   
1     ,7      ,128  ,127      ,10.656 ,9.886  ,1.078   
1     ,7      ,132  ,127      ,9.929  ,13.192 ,0.753   
1     ,7      ,136  ,127      ,9.997  ,13.443 ,0.744   
1     ,7      ,140  ,127      ,10.02  ,12.61  ,0.795   
1     ,7      ,144  ,127      ,9.991  ,13.383 ,0.747   
1     ,7      ,148  ,127      ,10.026 ,12.257 ,0.818   
1     ,7      ,152  ,127      ,9.847  ,12.281 ,0.802   
1     ,7      ,156  ,127      ,9.916  ,12.238 ,0.81    
1     ,7      ,16   ,127      ,6.098  ,7.971  ,0.765   
1     ,7      ,160  ,127      ,14.47  ,10.725 ,1.349   
1     ,7      ,164  ,127      ,14.253 ,13.413 ,1.063   
1     ,7      ,168  ,127      ,14.219 ,13.904 ,1.023   
1     ,7      ,172  ,127      ,14.39  ,13.535 ,1.063   
1     ,7      ,176  ,127      ,14.335 ,13.259 ,1.081   
1     ,7      ,180  ,127      ,14.227 ,12.628 ,1.127   
1     ,7      ,184  ,127      ,13.636 ,12.67  ,1.076   
1     ,7      ,188  ,127      ,14.36  ,12.854 ,1.117   
1     ,7      ,192  ,127      ,15.455 ,11.686 ,1.323   
1     ,7      ,196  ,127      ,13.414 ,14.338 ,0.936   
1     ,7      ,20   ,127      ,6.072  ,7.913  ,0.767   
1     ,7      ,200  ,127      ,13.515 ,14.341 ,0.942   
1     ,7      ,204  ,127      ,13.393 ,14.319 ,0.935   
1     ,7      ,208  ,127      ,13.357 ,13.575 ,0.984   
1     ,7      ,212  ,127      ,13.461 ,13.71  ,0.982   
1     ,7      ,216  ,127      ,13.04  ,13.716 ,0.951   
1     ,7      ,220  ,127      ,13.114 ,13.648 ,0.961   
1     ,7      ,224  ,127      ,13.591 ,12.554 ,1.083   
1     ,7      ,228  ,127      ,13.474 ,13.458 ,1.001   
1     ,7      ,232  ,127      ,13.363 ,13.823 ,0.967   
1     ,7      ,236  ,127      ,13.46  ,13.242 ,1.017   
1     ,7      ,24   ,127      ,6.038  ,7.882  ,0.766   
1     ,7      ,240  ,127      ,13.442 ,13.371 ,1.005   
1     ,7      ,244  ,127      ,13.394 ,12.987 ,1.031   
1     ,7      ,248  ,127      ,12.82  ,12.918 ,0.992   
1     ,7      ,252  ,127      ,13.037 ,12.969 ,1.005   
1     ,7      ,256  ,127      ,17.722 ,17.512 ,1.012   
1     ,7      ,260  ,127      ,16.748 ,18.4   ,0.91    
1     ,7      ,264  ,127      ,16.815 ,18.493 ,0.909   
1     ,7      ,268  ,127      ,16.816 ,17.913 ,0.939   
1     ,7      ,272  ,127      ,16.753 ,18.234 ,0.919   
1     ,7      ,276  ,127      ,16.783 ,17.703 ,0.948   
1     ,7      ,28   ,127      ,6.024  ,7.771  ,0.775   
1     ,7      ,280  ,127      ,16.516 ,17.781 ,0.929   
1     ,7      ,284  ,127      ,16.539 ,17.711 ,0.934   
1     ,7      ,288  ,127      ,17.329 ,17.926 ,0.967   
1     ,7      ,292  ,127      ,16.315 ,18.721 ,0.871   
1     ,7      ,296  ,127      ,16.296 ,19.374 ,0.841   
1     ,7      ,300  ,127      ,16.48  ,18.159 ,0.908   
1     ,7      ,304  ,127      ,16.293 ,19.177 ,0.85    
1     ,7      ,308  ,127      ,16.199 ,17.999 ,0.9     
1     ,7      ,312  ,127      ,16.107 ,17.923 ,0.899   
1     ,7      ,316  ,127      ,16.49  ,18.389 ,0.897   
1     ,7      ,32   ,127      ,7.215  ,7.07   ,1.021   
1     ,7      ,320  ,127      ,18.697 ,18.094 ,1.033   
1     ,7      ,324  ,127      ,17.444 ,18.966 ,0.92    
1     ,7      ,328  ,127      ,17.629 ,19.747 ,0.893   
1     ,7      ,332  ,127      ,17.569 ,18.36  ,0.957   
1     ,7      ,336  ,127      ,17.5   ,19.725 ,0.887   
1     ,7      ,340  ,127      ,17.573 ,18.47  ,0.951   
1     ,7      ,344  ,127      ,17.309 ,18.407 ,0.94    
1     ,7      ,348  ,127      ,17.361 ,18.449 ,0.941   
1     ,7      ,352  ,127      ,18.12  ,18.473 ,0.981   
1     ,7      ,356  ,127      ,17.066 ,19.666 ,0.868   
1     ,7      ,36   ,127      ,7.213  ,9.773  ,0.738   
1     ,7      ,360  ,127      ,17.028 ,20.36  ,0.836   
1     ,7      ,364  ,127      ,17.026 ,19.017 ,0.895   
1     ,7      ,368  ,127      ,17.065 ,20.24  ,0.843   
1     ,7      ,372  ,127      ,17.138 ,19.09  ,0.898   
1     ,7      ,376  ,127      ,16.522 ,18.973 ,0.871   
1     ,7      ,380  ,127      ,16.585 ,19.367 ,0.856   
1     ,7      ,384  ,127      ,21.481 ,18.298 ,1.174   
1     ,7      ,388  ,127      ,20.112 ,19.672 ,1.022   
1     ,7      ,392  ,127      ,20.111 ,20.251 ,0.993   
1     ,7      ,396  ,127      ,20.172 ,18.601 ,1.084   
1     ,7      ,40   ,127      ,7.337  ,10.879 ,0.674   
1     ,7      ,400  ,127      ,20.195 ,20.449 ,0.988   
1     ,7      ,404  ,127      ,20.164 ,18.736 ,1.076   
1     ,7      ,408  ,127      ,19.708 ,18.746 ,1.051   
1     ,7      ,412  ,127      ,19.849 ,18.702 ,1.061   
1     ,7      ,416  ,127      ,20.942 ,18.672 ,1.122   
1     ,7      ,420  ,127      ,19.938 ,19.996 ,0.997   
1     ,7      ,424  ,127      ,20.034 ,20.832 ,0.962   
1     ,7      ,428  ,127      ,19.858 ,19.407 ,1.023   
1     ,7      ,432  ,127      ,19.878 ,20.698 ,0.96    
1     ,7      ,436  ,127      ,19.993 ,19.306 ,1.036   
1     ,7      ,44   ,127      ,7.215  ,10.949 ,0.659   
1     ,7      ,440  ,127      ,19.215 ,19.371 ,0.992   
1     ,7      ,444  ,127      ,19.519 ,19.789 ,0.986   
1     ,7      ,448  ,127      ,22.703 ,19.766 ,1.149   
1     ,7      ,452  ,127      ,21.21  ,20.849 ,1.017   
1     ,7      ,456  ,127      ,21.022 ,21.259 ,0.989   
1     ,7      ,460  ,127      ,21.214 ,20.083 ,1.056   
1     ,7      ,464  ,127      ,21.125 ,21.392 ,0.987   
1     ,7      ,468  ,127      ,21.208 ,19.964 ,1.062   
1     ,7      ,472  ,127      ,20.833 ,19.983 ,1.043   
1     ,7      ,476  ,127      ,20.884 ,20.143 ,1.037   
1     ,7      ,48   ,127      ,7.233  ,10.838 ,0.667   
1     ,7      ,480  ,127      ,21.506 ,19.838 ,1.084   
1     ,7      ,484  ,127      ,20.493 ,21.244 ,0.965   
1     ,7      ,488  ,127      ,20.381 ,21.503 ,0.948   
1     ,7      ,492  ,127      ,20.473 ,20.662 ,0.991   
1     ,7      ,496  ,127      ,20.45  ,21.663 ,0.944   
1     ,7      ,500  ,127      ,20.393 ,20.609 ,0.99    
1     ,7      ,504  ,127      ,19.998 ,20.469 ,0.977   
1     ,7      ,508  ,127      ,20.27  ,20.726 ,0.978   
1     ,7      ,512  ,127      ,25.571 ,20.009 ,1.278   
1     ,7      ,52   ,127      ,7.267  ,10.852 ,0.67    
1     ,7      ,56   ,127      ,7.457  ,10.624 ,0.702   
1     ,7      ,60   ,127      ,7.363  ,10.659 ,0.691   
1     ,7      ,64   ,127      ,9.459  ,8.429  ,1.122   
1     ,7      ,68   ,127      ,9.46   ,11.981 ,0.79    
1     ,7      ,72   ,127      ,8.792  ,11.937 ,0.737   
1     ,7      ,76   ,127      ,8.791  ,11.582 ,0.759   
1     ,7      ,80   ,127      ,8.813  ,11.998 ,0.735   
1     ,7      ,84   ,127      ,8.803  ,11.525 ,0.764   
1     ,7      ,88   ,127      ,8.206  ,11.628 ,0.706   
1     ,7      ,92   ,127      ,8.201  ,11.566 ,0.709   
1     ,7      ,96   ,127      ,9.246  ,9.073  ,1.019   
2     ,0      ,10   ,127      ,5.863  ,7.675  ,0.764   
2     ,0      ,2    ,127      ,3.917  ,4.448  ,0.881   
2     ,1      ,16   ,127      ,5.972  ,7.9    ,0.756   
2     ,2      ,100  ,127      ,7.802  ,10.961 ,0.712   
2     ,2      ,104  ,127      ,7.78   ,10.688 ,0.728   
2     ,2      ,108  ,127      ,7.846  ,10.728 ,0.731   
2     ,2      ,112  ,127      ,7.845  ,10.761 ,0.729   
2     ,2      ,116  ,127      ,7.828  ,10.661 ,0.734   
2     ,2      ,120  ,127      ,7.848  ,10.66  ,0.736   
2     ,2      ,124  ,127      ,7.837  ,10.54  ,0.744   
2     ,2      ,128  ,127      ,9.593  ,9.542  ,1.005   
2     ,2      ,132  ,127      ,9.509  ,11.566 ,0.822   
2     ,2      ,136  ,127      ,9.49   ,11.228 ,0.845   
2     ,2      ,140  ,127      ,9.569  ,11.245 ,0.851   
2     ,2      ,144  ,127      ,9.537  ,11.309 ,0.843   
2     ,2      ,148  ,127      ,9.496  ,11.378 ,0.835   
2     ,2      ,152  ,127      ,9.465  ,11.367 ,0.833   
2     ,2      ,156  ,127      ,9.561  ,11.29  ,0.847   
2     ,2      ,16   ,127      ,6.092  ,7.99   ,0.762   
2     ,2      ,160  ,127      ,12.643 ,10.188 ,1.241   
2     ,2      ,164  ,127      ,12.744 ,12.087 ,1.054   
2     ,2      ,168  ,127      ,12.626 ,11.615 ,1.087   
2     ,2      ,172  ,127      ,12.705 ,11.689 ,1.087   
2     ,2      ,176  ,127      ,12.72  ,11.516 ,1.105   
2     ,2      ,180  ,127      ,12.639 ,11.422 ,1.107   
2     ,2      ,184  ,127      ,12.67  ,11.437 ,1.108   
2     ,2      ,188  ,127      ,12.742 ,11.448 ,1.113   
2     ,2      ,192  ,127      ,12.108 ,11.013 ,1.099   
2     ,2      ,196  ,127      ,12.145 ,12.536 ,0.969   
2     ,2      ,2    ,127      ,5.4    ,5.116  ,1.056   
2     ,2      ,20   ,127      ,6.113  ,7.953  ,0.769   
2     ,2      ,200  ,127      ,12.183 ,12.057 ,1.01    
2     ,2      ,204  ,127      ,12.114 ,12.108 ,1.0     
2     ,2      ,208  ,127      ,12.046 ,12.412 ,0.971   
2     ,2      ,212  ,127      ,12.253 ,12.462 ,0.983   
2     ,2      ,216  ,127      ,12.181 ,12.465 ,0.977   
2     ,2      ,220  ,127      ,12.161 ,12.305 ,0.988   
2     ,2      ,224  ,127      ,12.474 ,11.619 ,1.074   
2     ,2      ,228  ,127      ,12.425 ,12.791 ,0.971   
2     ,2      ,232  ,127      ,12.457 ,12.709 ,0.98    
2     ,2      ,236  ,127      ,12.511 ,12.586 ,0.994   
2     ,2      ,24   ,127      ,6.043  ,7.881  ,0.767   
2     ,2      ,240  ,127      ,12.385 ,12.182 ,1.017   
2     ,2      ,244  ,127      ,12.499 ,12.271 ,1.019   
2     ,2      ,248  ,127      ,12.433 ,12.229 ,1.017   
2     ,2      ,252  ,127      ,12.471 ,12.158 ,1.026   
2     ,2      ,256  ,127      ,13.67  ,15.493 ,0.882   
2     ,2      ,260  ,127      ,13.79  ,15.431 ,0.894   
2     ,2      ,264  ,127      ,13.837 ,15.018 ,0.921   
2     ,2      ,268  ,127      ,13.795 ,14.971 ,0.921   
2     ,2      ,272  ,127      ,13.721 ,14.882 ,0.922   
2     ,2      ,276  ,127      ,13.678 ,14.825 ,0.923   
2     ,2      ,28   ,127      ,6.024  ,7.845  ,0.768   
2     ,2      ,280  ,127      ,13.7   ,14.973 ,0.915   
2     ,2      ,284  ,127      ,13.635 ,14.935 ,0.913   
2     ,2      ,288  ,127      ,13.525 ,15.924 ,0.849   
2     ,2      ,292  ,127      ,13.531 ,16.27  ,0.832   
2     ,2      ,296  ,127      ,13.532 ,15.833 ,0.855   
2     ,2      ,300  ,127      ,13.509 ,15.824 ,0.854   
2     ,2      ,304  ,127      ,13.499 ,15.739 ,0.858   
2     ,2      ,308  ,127      ,13.495 ,15.672 ,0.861   
2     ,2      ,312  ,127      ,13.499 ,15.681 ,0.861   
2     ,2      ,316  ,127      ,13.511 ,15.648 ,0.863   
2     ,2      ,32   ,127      ,7.223  ,5.739  ,1.259   
2     ,2      ,320  ,127      ,14.728 ,16.794 ,0.877   
2     ,2      ,324  ,127      ,14.646 ,16.746 ,0.875   
2     ,2      ,328  ,127      ,14.747 ,16.387 ,0.9     
2     ,2      ,332  ,127      ,14.67  ,16.299 ,0.9     
2     ,2      ,336  ,127      ,14.702 ,16.307 ,0.902   
2     ,2      ,340  ,127      ,14.676 ,16.213 ,0.905   
2     ,2      ,344  ,127      ,14.81  ,16.2   ,0.914   
2     ,2      ,348  ,127      ,14.666 ,16.193 ,0.906   
2     ,2      ,352  ,127      ,14.216 ,17.22  ,0.826   
2     ,2      ,356  ,127      ,14.123 ,17.515 ,0.806   
2     ,2      ,36   ,127      ,7.472  ,8.767  ,0.852   
2     ,2      ,360  ,127      ,14.224 ,16.848 ,0.844   
2     ,2      ,364  ,127      ,14.227 ,16.817 ,0.846   
2     ,2      ,368  ,127      ,14.18  ,16.835 ,0.842   
2     ,2      ,372  ,127      ,14.213 ,16.818 ,0.845   
2     ,2      ,376  ,127      ,14.221 ,16.794 ,0.847   
2     ,2      ,380  ,127      ,14.145 ,16.789 ,0.843   
2     ,2      ,384  ,127      ,16.655 ,16.69  ,0.998   
2     ,2      ,388  ,127      ,16.582 ,16.777 ,0.988   
2     ,2      ,392  ,127      ,16.642 ,16.636 ,1.0     
2     ,2      ,396  ,127      ,16.673 ,16.455 ,1.013   
2     ,2      ,40   ,127      ,7.35   ,9.508  ,0.773   
2     ,2      ,400  ,127      ,16.608 ,16.318 ,1.018   
2     ,2      ,404  ,127      ,16.651 ,16.357 ,1.018   
2     ,2      ,408  ,127      ,16.587 ,16.375 ,1.013   
2     ,2      ,412  ,127      ,16.613 ,16.458 ,1.009   
2     ,2      ,416  ,127      ,15.726 ,17.638 ,0.892   
2     ,2      ,420  ,127      ,15.731 ,17.462 ,0.901   
2     ,2      ,424  ,127      ,15.721 ,17.353 ,0.906   
2     ,2      ,428  ,127      ,15.694 ,17.385 ,0.903   
2     ,2      ,432  ,127      ,15.699 ,17.122 ,0.917   
2     ,2      ,436  ,127      ,15.762 ,17.113 ,0.921   
2     ,2      ,44   ,127      ,7.199  ,9.544  ,0.754   
2     ,2      ,440  ,127      ,15.769 ,17.112 ,0.922   
2     ,2      ,444  ,127      ,15.636 ,17.236 ,0.907   
2     ,2      ,448  ,127      ,17.165 ,18.274 ,0.939   
2     ,2      ,452  ,127      ,17.651 ,18.421 ,0.958   
2     ,2      ,456  ,127      ,17.088 ,17.989 ,0.95    
2     ,2      ,460  ,127      ,17.094 ,18.015 ,0.949   
2     ,2      ,464  ,127      ,17.194 ,17.782 ,0.967   
2     ,2      ,468  ,127      ,17.119 ,17.731 ,0.965   
2     ,2      ,472  ,127      ,17.099 ,17.739 ,0.964   
2     ,2      ,476  ,127      ,17.248 ,17.83  ,0.967   
2     ,2      ,48   ,127      ,7.268  ,9.639  ,0.754   
2     ,2      ,480  ,127      ,16.613 ,18.603 ,0.893   
2     ,2      ,484  ,127      ,16.744 ,18.869 ,0.887   
2     ,2      ,488  ,127      ,16.606 ,18.447 ,0.9     
2     ,2      ,492  ,127      ,16.63  ,18.499 ,0.899   
2     ,2      ,496  ,127      ,16.484 ,18.169 ,0.907   
2     ,2      ,500  ,127      ,16.617 ,18.29  ,0.909   
2     ,2      ,504  ,127      ,16.621 ,18.263 ,0.91    
2     ,2      ,508  ,127      ,16.679 ,18.373 ,0.908   
2     ,2      ,512  ,127      ,18.378 ,18.369 ,1.0     
2     ,2      ,52   ,127      ,7.307  ,9.626  ,0.759   
2     ,2      ,56   ,127      ,7.256  ,9.635  ,0.753   
2     ,2      ,60   ,127      ,7.282  ,9.631  ,0.756   
2     ,2      ,64   ,127      ,8.263  ,8.542  ,0.967   
2     ,2      ,68   ,127      ,8.263  ,10.892 ,0.759   
2     ,2      ,72   ,127      ,8.239  ,10.773 ,0.765   
2     ,2      ,76   ,127      ,8.239  ,10.571 ,0.779   
2     ,2      ,80   ,127      ,8.486  ,10.647 ,0.797   
2     ,2      ,84   ,127      ,8.242  ,10.62  ,0.776   
2     ,2      ,88   ,127      ,8.274  ,10.606 ,0.78    
2     ,2      ,92   ,127      ,8.269  ,10.619 ,0.779   
2     ,2      ,96   ,127      ,7.746  ,8.841  ,0.876   
2     ,4      ,32   ,127      ,7.211  ,6.936  ,1.04    
2     ,4      ,512  ,127      ,23.364 ,19.047 ,1.227   
2     ,5      ,256  ,127      ,16.439 ,17.743 ,0.927   
2     ,6      ,100  ,127      ,8.648  ,12.255 ,0.706   
2     ,6      ,104  ,127      ,8.721  ,12.185 ,0.716   
2     ,6      ,108  ,127      ,8.769  ,11.562 ,0.758   
2     ,6      ,112  ,127      ,8.71   ,12.131 ,0.718   
2     ,6      ,116  ,127      ,8.695  ,11.489 ,0.757   
2     ,6      ,120  ,127      ,8.729  ,11.443 ,0.763   
2     ,6      ,124  ,127      ,8.741  ,11.542 ,0.757   
2     ,6      ,128  ,127      ,10.632 ,10.915 ,0.974   
2     ,6      ,132  ,127      ,9.949  ,13.958 ,0.713   
2     ,6      ,136  ,127      ,10.064 ,13.458 ,0.748   
2     ,6      ,140  ,127      ,10.03  ,12.633 ,0.794   
2     ,6      ,144  ,127      ,10.011 ,13.263 ,0.755   
2     ,6      ,148  ,127      ,9.981  ,12.23  ,0.816   
2     ,6      ,152  ,127      ,9.999  ,12.283 ,0.814   
2     ,6      ,156  ,127      ,9.921  ,12.261 ,0.809   
2     ,6      ,16   ,127      ,6.095  ,8.011  ,0.761   
2     ,6      ,160  ,127      ,14.471 ,11.76  ,1.231   
2     ,6      ,164  ,127      ,14.431 ,14.12  ,1.022   
2     ,6      ,168  ,127      ,14.355 ,14.015 ,1.024   
2     ,6      ,172  ,127      ,14.228 ,13.539 ,1.051   
2     ,6      ,176  ,127      ,14.257 ,13.333 ,1.069   
2     ,6      ,180  ,127      ,14.357 ,12.57  ,1.142   
2     ,6      ,184  ,127      ,14.26  ,12.658 ,1.127   
2     ,6      ,188  ,127      ,14.515 ,12.842 ,1.13    
2     ,6      ,192  ,127      ,15.485 ,11.925 ,1.299   
2     ,6      ,196  ,127      ,13.388 ,15.254 ,0.878   
2     ,6      ,20   ,127      ,6.06   ,7.917  ,0.765   
2     ,6      ,200  ,127      ,13.512 ,14.001 ,0.965   
2     ,6      ,204  ,127      ,13.417 ,14.364 ,0.934   
2     ,6      ,208  ,127      ,13.411 ,13.675 ,0.981   
2     ,6      ,212  ,127      ,13.502 ,13.638 ,0.99    
2     ,6      ,216  ,127      ,13.456 ,13.622 ,0.988   
2     ,6      ,220  ,127      ,13.057 ,13.621 ,0.959   
2     ,6      ,224  ,127      ,13.66  ,12.556 ,1.088   
2     ,6      ,228  ,127      ,13.393 ,14.144 ,0.947   
2     ,6      ,232  ,127      ,13.36  ,13.807 ,0.968   
2     ,6      ,236  ,127      ,13.518 ,13.25  ,1.02    
2     ,6      ,24   ,127      ,6.135  ,7.877  ,0.779   
2     ,6      ,240  ,127      ,13.351 ,13.471 ,0.991   
2     ,6      ,244  ,127      ,13.403 ,13.045 ,1.027   
2     ,6      ,248  ,127      ,13.393 ,13.019 ,1.029   
2     ,6      ,252  ,127      ,13.078 ,12.948 ,1.01    
2     ,6      ,256  ,127      ,17.725 ,17.737 ,0.999   
2     ,6      ,260  ,127      ,16.648 ,19.007 ,0.876   
2     ,6      ,264  ,127      ,16.849 ,18.546 ,0.909   
2     ,6      ,268  ,127      ,16.831 ,17.96  ,0.937   
2     ,6      ,272  ,127      ,16.648 ,18.221 ,0.914   
2     ,6      ,276  ,127      ,16.685 ,17.657 ,0.945   
2     ,6      ,28   ,127      ,6.026  ,7.931  ,0.76    
2     ,6      ,280  ,127      ,16.725 ,17.771 ,0.941   
2     ,6      ,284  ,127      ,16.588 ,17.73  ,0.936   
2     ,6      ,288  ,127      ,17.18  ,18.009 ,0.954   
2     ,6      ,292  ,127      ,16.321 ,19.409 ,0.841   
2     ,6      ,296  ,127      ,16.329 ,19.273 ,0.847   
2     ,6      ,300  ,127      ,16.327 ,18.164 ,0.899   
2     ,6      ,304  ,127      ,16.253 ,19.183 ,0.847   
2     ,6      ,308  ,127      ,16.296 ,17.971 ,0.907   
2     ,6      ,312  ,127      ,16.465 ,17.957 ,0.917   
2     ,6      ,316  ,127      ,16.495 ,18.25  ,0.904   
2     ,6      ,32   ,127      ,7.207  ,7.001  ,1.029   
2     ,6      ,320  ,127      ,18.756 ,18.465 ,1.016   
2     ,6      ,324  ,127      ,17.505 ,19.536 ,0.896   
2     ,6      ,328  ,127      ,17.609 ,19.738 ,0.892   
2     ,6      ,332  ,127      ,17.532 ,18.318 ,0.957   
2     ,6      ,336  ,127      ,17.55  ,19.784 ,0.887   
2     ,6      ,340  ,127      ,17.571 ,18.371 ,0.956   
2     ,6      ,344  ,127      ,17.579 ,18.356 ,0.958   
2     ,6      ,348  ,127      ,17.446 ,18.372 ,0.95    
2     ,6      ,352  ,127      ,18.115 ,18.894 ,0.959   
2     ,6      ,356  ,127      ,16.987 ,20.236 ,0.839   
2     ,6      ,36   ,127      ,7.197  ,10.641 ,0.676   
2     ,6      ,360  ,127      ,16.998 ,20.158 ,0.843   
2     ,6      ,364  ,127      ,16.996 ,18.99  ,0.895   
2     ,6      ,368  ,127      ,16.947 ,20.191 ,0.839   
2     ,6      ,372  ,127      ,17.013 ,18.999 ,0.895   
2     ,6      ,376  ,127      ,17.05  ,19.018 ,0.897   
2     ,6      ,380  ,127      ,16.714 ,19.348 ,0.864   
2     ,6      ,384  ,127      ,21.51  ,18.473 ,1.164   
2     ,6      ,388  ,127      ,20.09  ,20.659 ,0.972   
2     ,6      ,392  ,127      ,20.168 ,20.256 ,0.996   
2     ,6      ,396  ,127      ,20.186 ,18.576 ,1.087   
2     ,6      ,40   ,127      ,7.21   ,10.926 ,0.66    
2     ,6      ,400  ,127      ,20.168 ,20.309 ,0.993   
2     ,6      ,404  ,127      ,20.158 ,18.708 ,1.077   
2     ,6      ,408  ,127      ,20.105 ,18.668 ,1.077   
2     ,6      ,412  ,127      ,19.64  ,18.741 ,1.048   
2     ,6      ,416  ,127      ,20.978 ,18.651 ,1.125   
2     ,6      ,420  ,127      ,19.905 ,21.108 ,0.943   
2     ,6      ,424  ,127      ,20.033 ,20.802 ,0.963   
2     ,6      ,428  ,127      ,19.899 ,19.263 ,1.033   
2     ,6      ,432  ,127      ,19.912 ,20.822 ,0.956   
2     ,6      ,436  ,127      ,19.951 ,19.215 ,1.038   
2     ,6      ,44   ,127      ,7.195  ,10.576 ,0.68    
2     ,6      ,440  ,127      ,19.958 ,19.276 ,1.035   
2     ,6      ,444  ,127      ,19.516 ,19.8   ,0.986   
2     ,6      ,448  ,127      ,22.754 ,19.866 ,1.145   
2     ,6      ,452  ,127      ,21.064 ,21.802 ,0.966   
2     ,6      ,456  ,127      ,20.999 ,21.183 ,0.991   
2     ,6      ,460  ,127      ,21.087 ,20.035 ,1.052   
2     ,6      ,464  ,127      ,21.211 ,21.397 ,0.991   
2     ,6      ,468  ,127      ,21.061 ,19.943 ,1.056   
2     ,6      ,472  ,127      ,21.084 ,19.918 ,1.059   
2     ,6      ,476  ,127      ,20.906 ,20.009 ,1.045   
2     ,6      ,48   ,127      ,7.218  ,10.811 ,0.668   
2     ,6      ,480  ,127      ,21.438 ,20.091 ,1.067   
2     ,6      ,484  ,127      ,20.491 ,22.324 ,0.918   
2     ,6      ,488  ,127      ,20.339 ,21.559 ,0.943   
2     ,6      ,492  ,127      ,20.35  ,20.514 ,0.992   
2     ,6      ,496  ,127      ,20.284 ,21.709 ,0.934   
2     ,6      ,500  ,127      ,20.347 ,20.576 ,0.989   
2     ,6      ,504  ,127      ,20.367 ,20.488 ,0.994   
2     ,6      ,508  ,127      ,20.205 ,20.749 ,0.974   
2     ,6      ,512  ,127      ,25.298 ,19.866 ,1.273   
2     ,6      ,52   ,127      ,7.249  ,10.603 ,0.684   
2     ,6      ,56   ,127      ,7.259  ,10.62  ,0.683   
2     ,6      ,60   ,127      ,7.147  ,10.624 ,0.673   
2     ,6      ,64   ,127      ,9.456  ,9.206  ,1.027   
2     ,6      ,68   ,127      ,9.03   ,12.066 ,0.748   
2     ,6      ,72   ,127      ,8.81   ,11.983 ,0.735   
2     ,6      ,76   ,127      ,8.789  ,11.529 ,0.762   
2     ,6      ,80   ,127      ,8.808  ,11.977 ,0.735   
2     ,6      ,84   ,127      ,8.79   ,11.527 ,0.763   
2     ,6      ,88   ,127      ,8.81   ,11.47  ,0.768   
2     ,6      ,92   ,127      ,8.244  ,11.567 ,0.713   
2     ,6      ,96   ,127      ,9.269  ,10.112 ,0.917   
3     ,0      ,11   ,127      ,5.862  ,7.666  ,0.765   
3     ,0      ,3    ,127      ,5.888  ,4.54   ,1.297   
3     ,2      ,256  ,127      ,15.175 ,14.797 ,1.026   
3     ,3      ,64   ,127      ,8.247  ,7.562  ,1.091   
3     ,4      ,100  ,127      ,8.899  ,12.503 ,0.712   
3     ,4      ,104  ,127      ,8.928  ,11.907 ,0.75    
3     ,4      ,108  ,127      ,8.962  ,11.818 ,0.758   
3     ,4      ,112  ,127      ,8.982  ,11.814 ,0.76    
3     ,4      ,116  ,127      ,8.989  ,11.799 ,0.762   
3     ,4      ,120  ,127      ,8.985  ,11.703 ,0.768   
3     ,4      ,124  ,127      ,8.966  ,11.942 ,0.751   
3     ,4      ,128  ,127      ,10.374 ,9.818  ,1.057   
3     ,4      ,132  ,127      ,10.399 ,13.737 ,0.757   
3     ,4      ,136  ,127      ,10.297 ,13.06  ,0.788   
3     ,4      ,140  ,127      ,10.301 ,12.959 ,0.795   
3     ,4      ,144  ,127      ,10.34  ,12.263 ,0.843   
3     ,4      ,148  ,127      ,10.38  ,12.396 ,0.837   
3     ,4      ,152  ,127      ,10.212 ,12.314 ,0.829   
3     ,4      ,156  ,127      ,9.746  ,12.618 ,0.772   
3     ,4      ,16   ,127      ,6.098  ,7.975  ,0.765   
3     ,4      ,160  ,127      ,14.221 ,12.207 ,1.165   
3     ,4      ,164  ,127      ,14.29  ,14.06  ,1.016   
3     ,4      ,168  ,127      ,14.315 ,13.826 ,1.035   
3     ,4      ,172  ,127      ,14.433 ,13.88  ,1.04    
3     ,4      ,176  ,127      ,14.378 ,12.598 ,1.141   
3     ,4      ,180  ,127      ,14.131 ,12.613 ,1.12    
3     ,4      ,184  ,127      ,14.238 ,12.495 ,1.139   
3     ,4      ,188  ,127      ,14.368 ,12.853 ,1.118   
3     ,4      ,192  ,127      ,13.289 ,11.946 ,1.112   
3     ,4      ,196  ,127      ,13.369 ,14.48  ,0.923   
3     ,4      ,20   ,127      ,6.057  ,7.88   ,0.769   
3     ,4      ,200  ,127      ,13.457 ,14.3   ,0.941   
3     ,4      ,204  ,127      ,13.259 ,14.478 ,0.916   
3     ,4      ,208  ,127      ,13.311 ,13.771 ,0.967   
3     ,4      ,212  ,127      ,13.412 ,13.895 ,0.965   
3     ,4      ,216  ,127      ,13.312 ,13.907 ,0.957   
3     ,4      ,220  ,127      ,12.626 ,13.825 ,0.913   
3     ,4      ,224  ,127      ,13.526 ,12.984 ,1.042   
3     ,4      ,228  ,127      ,13.541 ,13.909 ,0.974   
3     ,4      ,232  ,127      ,13.56  ,13.597 ,0.997   
3     ,4      ,236  ,127      ,13.549 ,13.247 ,1.023   
3     ,4      ,24   ,127      ,6.03   ,7.877  ,0.766   
3     ,4      ,240  ,127      ,13.657 ,13.415 ,1.018   
3     ,4      ,244  ,127      ,13.524 ,13.502 ,1.002   
3     ,4      ,248  ,127      ,13.517 ,13.465 ,1.004   
3     ,4      ,252  ,127      ,13.105 ,13.384 ,0.979   
3     ,4      ,256  ,127      ,16.685 ,17.17  ,0.972   
3     ,4      ,260  ,127      ,16.818 ,19.053 ,0.883   
3     ,4      ,264  ,127      ,16.965 ,18.068 ,0.939   
3     ,4      ,268  ,127      ,16.76  ,18.02  ,0.93    
3     ,4      ,272  ,127      ,16.719 ,17.916 ,0.933   
3     ,4      ,276  ,127      ,16.745 ,17.904 ,0.935   
3     ,4      ,28   ,127      ,6.07   ,7.831  ,0.775   
3     ,4      ,280  ,127      ,16.79  ,17.903 ,0.938   
3     ,4      ,284  ,127      ,15.633 ,17.754 ,0.881   
3     ,4      ,288  ,127      ,16.505 ,17.672 ,0.934   
3     ,4      ,292  ,127      ,16.441 ,18.861 ,0.872   
3     ,4      ,296  ,127      ,16.479 ,18.309 ,0.9     
3     ,4      ,300  ,127      ,16.415 ,18.499 ,0.887   
3     ,4      ,304  ,127      ,16.274 ,18.171 ,0.896   
3     ,4      ,308  ,127      ,16.231 ,18.198 ,0.892   
3     ,4      ,312  ,127      ,16.43  ,18.083 ,0.909   
3     ,4      ,316  ,127      ,16.658 ,18.523 ,0.899   
3     ,4      ,32   ,127      ,7.224  ,7.006  ,1.031   
3     ,4      ,320  ,127      ,17.531 ,18.252 ,0.961   
3     ,4      ,324  ,127      ,17.403 ,19.376 ,0.898   
3     ,4      ,328  ,127      ,17.512 ,18.765 ,0.933   
3     ,4      ,332  ,127      ,17.597 ,18.663 ,0.943   
3     ,4      ,336  ,127      ,17.535 ,18.589 ,0.943   
3     ,4      ,340  ,127      ,17.52  ,18.678 ,0.938   
3     ,4      ,344  ,127      ,17.551 ,18.646 ,0.941   
3     ,4      ,348  ,127      ,16.354 ,18.844 ,0.868   
3     ,4      ,352  ,127      ,17.087 ,18.788 ,0.909   
3     ,4      ,356  ,127      ,17.069 ,19.95  ,0.856   
3     ,4      ,36   ,127      ,7.2    ,10.905 ,0.66    
3     ,4      ,360  ,127      ,17.053 ,19.305 ,0.883   
3     ,4      ,364  ,127      ,17.067 ,19.266 ,0.886   
3     ,4      ,368  ,127      ,17.083 ,19.296 ,0.885   
3     ,4      ,372  ,127      ,17.085 ,19.327 ,0.884   
3     ,4      ,376  ,127      ,17.057 ,19.278 ,0.885   
3     ,4      ,380  ,127      ,16.805 ,19.379 ,0.867   
3     ,4      ,384  ,127      ,20.159 ,18.371 ,1.097   
3     ,4      ,388  ,127      ,20.067 ,19.757 ,1.016   
3     ,4      ,392  ,127      ,20.163 ,18.944 ,1.064   
3     ,4      ,396  ,127      ,20.127 ,18.804 ,1.07    
3     ,4      ,40   ,127      ,7.257  ,10.528 ,0.689   
3     ,4      ,400  ,127      ,20.111 ,18.923 ,1.063   
3     ,4      ,404  ,127      ,20.233 ,18.884 ,1.071   
3     ,4      ,408  ,127      ,20.207 ,18.951 ,1.066   
3     ,4      ,412  ,127      ,18.942 ,18.866 ,1.004   
3     ,4      ,416  ,127      ,19.968 ,18.907 ,1.056   
3     ,4      ,420  ,127      ,19.933 ,20.27  ,0.983   
3     ,4      ,424  ,127      ,20.014 ,19.46  ,1.028   
3     ,4      ,428  ,127      ,19.936 ,19.659 ,1.014   
3     ,4      ,432  ,127      ,19.905 ,19.368 ,1.028   
3     ,4      ,436  ,127      ,19.982 ,19.559 ,1.022   
3     ,4      ,44   ,127      ,7.213  ,10.556 ,0.683   
3     ,4      ,440  ,127      ,19.92  ,19.461 ,1.024   
3     ,4      ,444  ,127      ,19.607 ,19.874 ,0.987   
3     ,4      ,448  ,127      ,21.317 ,19.93  ,1.07    
3     ,4      ,452  ,127      ,21.279 ,20.963 ,1.015   
3     ,4      ,456  ,127      ,21.169 ,20.348 ,1.04    
3     ,4      ,460  ,127      ,21.208 ,20.275 ,1.046   
3     ,4      ,464  ,127      ,21.203 ,20.287 ,1.045   
3     ,4      ,468  ,127      ,21.311 ,20.116 ,1.059   
3     ,4      ,472  ,127      ,21.322 ,20.266 ,1.052   
3     ,4      ,476  ,127      ,19.936 ,20.334 ,0.98    
3     ,4      ,48   ,127      ,7.23   ,10.569 ,0.684   
3     ,4      ,480  ,127      ,20.51  ,20.438 ,1.004   
3     ,4      ,484  ,127      ,20.427 ,21.403 ,0.954   
3     ,4      ,488  ,127      ,20.531 ,20.795 ,0.987   
3     ,4      ,492  ,127      ,20.463 ,20.825 ,0.983   
3     ,4      ,496  ,127      ,20.369 ,20.664 ,0.986   
3     ,4      ,500  ,127      ,20.421 ,20.7   ,0.987   
3     ,4      ,504  ,127      ,20.432 ,20.682 ,0.988   
3     ,4      ,508  ,127      ,20.415 ,21.029 ,0.971   
3     ,4      ,512  ,127      ,23.882 ,19.874 ,1.202   
3     ,4      ,52   ,127      ,7.268  ,10.582 ,0.687   
3     ,4      ,56   ,127      ,7.279  ,10.625 ,0.685   
3     ,4      ,60   ,127      ,7.404  ,10.685 ,0.693   
3     ,4      ,64   ,127      ,8.835  ,8.952  ,0.987   
3     ,4      ,68   ,127      ,8.824  ,12.032 ,0.733   
3     ,4      ,72   ,127      ,8.989  ,11.76  ,0.764   
3     ,4      ,76   ,127      ,8.806  ,11.779 ,0.748   
3     ,4      ,80   ,127      ,8.777  ,11.786 ,0.745   
3     ,4      ,84   ,127      ,8.825  ,11.726 ,0.753   
3     ,4      ,88   ,127      ,8.849  ,11.79  ,0.751   
3     ,4      ,92   ,127      ,8.253  ,11.647 ,0.709   
3     ,4      ,96   ,127      ,8.942  ,9.909  ,0.902   
3     ,6      ,64   ,127      ,9.428  ,8.213  ,1.148   
4     ,0      ,100  ,127      ,7.874  ,10.912 ,0.722   
4     ,0      ,104  ,127      ,7.877  ,10.537 ,0.748   
4     ,0      ,108  ,127      ,7.945  ,10.949 ,0.726   
4     ,0      ,112  ,127      ,7.937  ,10.765 ,0.737   
4     ,0      ,116  ,127      ,7.948  ,10.784 ,0.737   
4     ,0      ,12   ,127      ,5.566  ,7.472  ,0.745   
4     ,0      ,120  ,127      ,7.315  ,10.464 ,0.699   
4     ,0      ,124  ,127      ,8.755  ,8.643  ,1.013   
4     ,0      ,128  ,127      ,9.125  ,10.219 ,0.893   
4     ,0      ,132  ,127      ,9.228  ,11.977 ,0.77    
4     ,0      ,136  ,127      ,9.311  ,11.39  ,0.817   
4     ,0      ,140  ,127      ,9.284  ,12.439 ,0.746   
4     ,0      ,144  ,127      ,9.371  ,12.073 ,0.776   
4     ,0      ,148  ,127      ,9.27   ,12.171 ,0.762   
4     ,0      ,152  ,127      ,8.641  ,12.076 ,0.716   
4     ,0      ,156  ,127      ,13.362 ,9.289  ,1.438   
4     ,0      ,16   ,127      ,6.098  ,8.149  ,0.748   
4     ,0      ,160  ,127      ,13.28  ,10.993 ,1.208   
4     ,0      ,164  ,127      ,13.29  ,12.064 ,1.102   
4     ,0      ,168  ,127      ,13.255 ,11.907 ,1.113   
4     ,0      ,172  ,127      ,13.327 ,11.737 ,1.136   
4     ,0      ,176  ,127      ,13.36  ,11.599 ,1.152   
4     ,0      ,180  ,127      ,13.292 ,11.524 ,1.153   
4     ,0      ,184  ,127      ,12.209 ,11.501 ,1.062   
4     ,0      ,188  ,127      ,12.32  ,10.281 ,1.198   
4     ,0      ,192  ,127      ,12.774 ,11.709 ,1.091   
4     ,0      ,196  ,127      ,12.761 ,13.097 ,0.974   
4     ,0      ,20   ,127      ,6.053  ,7.932  ,0.763   
4     ,0      ,200  ,127      ,12.867 ,12.821 ,1.004   
4     ,0      ,204  ,127      ,12.707 ,12.353 ,1.029   
4     ,0      ,208  ,127      ,12.764 ,12.119 ,1.053   
4     ,0      ,212  ,127      ,12.874 ,12.262 ,1.05    
4     ,0      ,216  ,127      ,12.191 ,12.23  ,0.997   
4     ,0      ,220  ,127      ,13.132 ,11.624 ,1.13    
4     ,0      ,224  ,127      ,12.97  ,11.844 ,1.095   
4     ,0      ,228  ,127      ,12.974 ,12.86  ,1.009   
4     ,0      ,232  ,127      ,12.874 ,12.945 ,0.995   
4     ,0      ,236  ,127      ,12.982 ,11.91  ,1.09    
4     ,0      ,24   ,127      ,6.105  ,7.88   ,0.775   
4     ,0      ,240  ,127      ,12.912 ,11.84  ,1.091   
4     ,0      ,244  ,127      ,12.959 ,11.958 ,1.084   
4     ,0      ,248  ,127      ,12.781 ,11.936 ,1.071   
4     ,0      ,252  ,127      ,14.096 ,14.929 ,0.944   
4     ,0      ,256  ,127      ,15.268 ,16.048 ,0.951   
4     ,0      ,260  ,127      ,15.224 ,16.86  ,0.903   
4     ,0      ,264  ,127      ,15.38  ,16.503 ,0.932   
4     ,0      ,268  ,127      ,15.511 ,16.494 ,0.94    
4     ,0      ,272  ,127      ,15.427 ,16.173 ,0.954   
4     ,0      ,276  ,127      ,15.296 ,16.127 ,0.948   
4     ,0      ,28   ,127      ,5.712  ,7.649  ,0.747   
4     ,0      ,280  ,127      ,14.146 ,16.303 ,0.868   
4     ,0      ,284  ,127      ,15.162 ,16.473 ,0.92    
4     ,0      ,288  ,127      ,14.871 ,17.428 ,0.853   
4     ,0      ,292  ,127      ,14.812 ,17.723 ,0.836   
4     ,0      ,296  ,127      ,14.902 ,17.368 ,0.858   
4     ,0      ,300  ,127      ,14.872 ,17.449 ,0.852   
4     ,0      ,304  ,127      ,14.813 ,17.231 ,0.86    
4     ,0      ,308  ,127      ,14.916 ,17.278 ,0.863   
4     ,0      ,312  ,127      ,14.093 ,17.321 ,0.814   
4     ,0      ,316  ,127      ,15.102 ,16.734 ,0.902   
4     ,0      ,32   ,127      ,6.137  ,5.863  ,1.047   
4     ,0      ,320  ,127      ,16.65  ,17.889 ,0.931   
4     ,0      ,324  ,127      ,16.494 ,18.227 ,0.905   
4     ,0      ,328  ,127      ,16.513 ,17.98  ,0.918   
4     ,0      ,332  ,127      ,16.583 ,18.373 ,0.903   
4     ,0      ,336  ,127      ,16.555 ,17.963 ,0.922   
4     ,0      ,340  ,127      ,16.536 ,17.763 ,0.931   
4     ,0      ,344  ,127      ,15.083 ,17.818 ,0.847   
4     ,0      ,348  ,127      ,16.107 ,18.103 ,0.89    
4     ,0      ,352  ,127      ,16.018 ,18.507 ,0.866   
4     ,0      ,356  ,127      ,15.988 ,18.424 ,0.868   
4     ,0      ,36   ,127      ,6.184  ,7.169  ,0.863   
4     ,0      ,360  ,127      ,16.041 ,18.359 ,0.874   
4     ,0      ,364  ,127      ,15.925 ,18.196 ,0.875   
4     ,0      ,368  ,127      ,15.945 ,18.324 ,0.87    
4     ,0      ,372  ,127      ,16.088 ,18.03  ,0.892   
4     ,0      ,376  ,127      ,15.18  ,18.284 ,0.83    
4     ,0      ,380  ,127      ,17.109 ,17.364 ,0.985   
4     ,0      ,384  ,127      ,18.464 ,18.291 ,1.009   
4     ,0      ,388  ,127      ,18.406 ,19.002 ,0.969   
4     ,0      ,392  ,127      ,18.486 ,18.361 ,1.007   
4     ,0      ,396  ,127      ,18.511 ,18.883 ,0.98    
4     ,0      ,4    ,127      ,4.547  ,5.511  ,0.825   
4     ,0      ,40   ,127      ,6.152  ,9.471  ,0.65    
4     ,0      ,400  ,127      ,18.442 ,18.318 ,1.007   
4     ,0      ,404  ,127      ,18.394 ,18.359 ,1.002   
4     ,0      ,408  ,127      ,17.071 ,18.371 ,0.929   
4     ,0      ,412  ,127      ,18.42  ,18.324 ,1.005   
4     ,0      ,416  ,127      ,17.892 ,18.61  ,0.961   
4     ,0      ,420  ,127      ,18.032 ,18.881 ,0.955   
4     ,0      ,424  ,127      ,17.895 ,18.696 ,0.957   
4     ,0      ,428  ,127      ,18.032 ,18.893 ,0.954   
4     ,0      ,432  ,127      ,17.966 ,18.792 ,0.956   
4     ,0      ,436  ,127      ,17.959 ,18.64  ,0.963   
4     ,0      ,44   ,127      ,6.137  ,8.81   ,0.697   
4     ,0      ,440  ,127      ,17.081 ,18.785 ,0.909   
4     ,0      ,444  ,127      ,18.103 ,19.2   ,0.943   
4     ,0      ,448  ,127      ,19.87  ,19.694 ,1.009   
4     ,0      ,452  ,127      ,20.069 ,20.01  ,1.003   
4     ,0      ,456  ,127      ,19.793 ,19.477 ,1.016   
4     ,0      ,460  ,127      ,19.735 ,19.885 ,0.992   
4     ,0      ,464  ,127      ,19.81  ,19.368 ,1.023   
4     ,0      ,468  ,127      ,19.742 ,19.359 ,1.02    
4     ,0      ,472  ,127      ,18.212 ,19.325 ,0.942   
4     ,0      ,476  ,127      ,19.923 ,19.665 ,1.013   
4     ,0      ,48   ,127      ,6.175  ,9.555  ,0.646   
4     ,0      ,480  ,127      ,19.664 ,20.139 ,0.976   
4     ,0      ,484  ,127      ,19.636 ,20.182 ,0.973   
4     ,0      ,488  ,127      ,19.493 ,19.967 ,0.976   
4     ,0      ,492  ,127      ,19.616 ,19.946 ,0.983   
4     ,0      ,496  ,127      ,19.589 ,19.768 ,0.991   
4     ,0      ,500  ,127      ,19.577 ,19.886 ,0.984   
4     ,0      ,504  ,127      ,18.699 ,19.901 ,0.94    
4     ,0      ,508  ,127      ,20.354 ,19.104 ,1.065   
4     ,0      ,512  ,127      ,21.34  ,20.068 ,1.063   
4     ,0      ,52   ,127      ,6.176  ,9.528  ,0.648   
4     ,0      ,56   ,127      ,6.179  ,9.528  ,0.649   
4     ,0      ,60   ,127      ,7.633  ,9.503  ,0.803   
4     ,0      ,64   ,127      ,8.251  ,9.116  ,0.905   
4     ,0      ,68   ,127      ,8.197  ,11.32  ,0.724   
4     ,0      ,72   ,127      ,8.229  ,10.932 ,0.753   
4     ,0      ,76   ,127      ,8.254  ,11.271 ,0.732   
4     ,0      ,80   ,127      ,8.164  ,11.261 ,0.725   
4     ,0      ,84   ,127      ,8.216  ,10.814 ,0.76    
4     ,0      ,88   ,127      ,7.209  ,10.254 ,0.703   
4     ,0      ,92   ,127      ,7.361  ,7.941  ,0.927   
4     ,0      ,96   ,127      ,7.901  ,9.365  ,0.844   
4     ,2      ,32   ,127      ,7.198  ,5.89   ,1.222   
4     ,3      ,100  ,127      ,8.189  ,10.945 ,0.748   
4     ,3      ,104  ,127      ,8.135  ,10.943 ,0.743   
4     ,3      ,108  ,127      ,8.074  ,10.906 ,0.74    
4     ,3      ,112  ,127      ,8.117  ,10.946 ,0.742   
4     ,3      ,116  ,127      ,8.162  ,10.906 ,0.748   
4     ,3      ,120  ,127      ,8.144  ,10.833 ,0.752   
4     ,3      ,124  ,127      ,9.188  ,8.768  ,1.048   
4     ,3      ,128  ,127      ,10.084 ,12.058 ,0.836   
4     ,3      ,132  ,127      ,9.997  ,11.82  ,0.846   
4     ,3      ,136  ,127      ,10.117 ,11.676 ,0.866   
4     ,3      ,140  ,127      ,10.079 ,12.196 ,0.826   
4     ,3      ,144  ,127      ,9.996  ,12.325 ,0.811   
4     ,3      ,148  ,127      ,10.035 ,12.292 ,0.816   
4     ,3      ,152  ,127      ,9.985  ,12.287 ,0.813   
4     ,3      ,156  ,127      ,13.662 ,9.438  ,1.448   
4     ,3      ,16   ,127      ,6.096  ,7.97   ,0.765   
4     ,3      ,160  ,127      ,13.746 ,12.651 ,1.087   
4     ,3      ,164  ,127      ,13.571 ,12.095 ,1.122   
4     ,3      ,168  ,127      ,13.573 ,12.081 ,1.123   
4     ,3      ,172  ,127      ,13.609 ,11.585 ,1.175   
4     ,3      ,176  ,127      ,13.55  ,11.591 ,1.169   
4     ,3      ,180  ,127      ,13.467 ,11.662 ,1.155   
4     ,3      ,184  ,127      ,13.528 ,11.592 ,1.167   
4     ,3      ,188  ,127      ,12.233 ,10.413 ,1.175   
4     ,3      ,192  ,127      ,13.234 ,13.231 ,1.0     
4     ,3      ,196  ,127      ,13.304 ,12.831 ,1.037   
4     ,3      ,20   ,127      ,6.068  ,7.879  ,0.77    
4     ,3      ,200  ,127      ,13.242 ,12.757 ,1.038   
4     ,3      ,204  ,127      ,13.337 ,12.036 ,1.108   
4     ,3      ,208  ,127      ,13.19  ,12.053 ,1.094   
4     ,3      ,212  ,127      ,13.362 ,12.06  ,1.108   
4     ,3      ,216  ,127      ,13.312 ,12.157 ,1.095   
4     ,3      ,220  ,127      ,12.93  ,11.66  ,1.109   
4     ,3      ,224  ,127      ,12.995 ,12.87  ,1.01    
4     ,3      ,228  ,127      ,13.027 ,12.799 ,1.018   
4     ,3      ,232  ,127      ,13.118 ,12.801 ,1.025   
4     ,3      ,236  ,127      ,12.971 ,12.004 ,1.081   
4     ,3      ,24   ,127      ,6.023  ,7.864  ,0.766   
4     ,3      ,240  ,127      ,13.015 ,11.99  ,1.085   
4     ,3      ,244  ,127      ,13.049 ,12.091 ,1.079   
4     ,3      ,248  ,127      ,12.931 ,12.007 ,1.077   
4     ,3      ,252  ,127      ,14.12  ,14.921 ,0.946   
4     ,3      ,256  ,127      ,15.697 ,17.055 ,0.92    
4     ,3      ,260  ,127      ,15.856 ,16.468 ,0.963   
4     ,3      ,264  ,127      ,15.858 ,16.399 ,0.967   
4     ,3      ,268  ,127      ,15.805 ,16.232 ,0.974   
4     ,3      ,272  ,127      ,15.826 ,16.266 ,0.973   
4     ,3      ,276  ,127      ,15.793 ,16.304 ,0.969   
4     ,3      ,28   ,127      ,6.072  ,7.827  ,0.776   
4     ,3      ,280  ,127      ,15.838 ,16.167 ,0.98    
4     ,3      ,284  ,127      ,15.293 ,16.423 ,0.931   
4     ,3      ,288  ,127      ,15.265 ,18.088 ,0.844   
4     ,3      ,292  ,127      ,15.257 ,17.386 ,0.878   
4     ,3      ,296  ,127      ,15.313 ,17.417 ,0.879   
4     ,3      ,300  ,127      ,15.297 ,17.345 ,0.882   
4     ,3      ,304  ,127      ,15.254 ,17.236 ,0.885   
4     ,3      ,308  ,127      ,15.212 ,17.29  ,0.88    
4     ,3      ,312  ,127      ,15.273 ,17.154 ,0.89    
4     ,3      ,316  ,127      ,14.978 ,16.738 ,0.895   
4     ,3      ,32   ,127      ,7.218  ,5.492  ,1.314   
4     ,3      ,320  ,127      ,16.777 ,18.55  ,0.904   
4     ,3      ,324  ,127      ,16.69  ,17.878 ,0.934   
4     ,3      ,328  ,127      ,16.852 ,17.792 ,0.947   
4     ,3      ,332  ,127      ,16.816 ,17.82  ,0.944   
4     ,3      ,336  ,127      ,16.851 ,17.938 ,0.939   
4     ,3      ,340  ,127      ,16.833 ,18.002 ,0.935   
4     ,3      ,344  ,127      ,16.815 ,17.9   ,0.939   
4     ,3      ,348  ,127      ,16.501 ,18.143 ,0.91    
4     ,3      ,352  ,127      ,16.321 ,19.284 ,0.846   
4     ,3      ,356  ,127      ,16.489 ,18.395 ,0.896   
4     ,3      ,36   ,127      ,7.264  ,9.147  ,0.794   
4     ,3      ,360  ,127      ,16.442 ,18.375 ,0.895   
4     ,3      ,364  ,127      ,16.459 ,18.222 ,0.903   
4     ,3      ,368  ,127      ,16.477 ,18.322 ,0.899   
4     ,3      ,372  ,127      ,16.534 ,18.361 ,0.9     
4     ,3      ,376  ,127      ,16.281 ,18.223 ,0.893   
4     ,3      ,380  ,127      ,17.152 ,17.179 ,0.998   
4     ,3      ,384  ,127      ,18.892 ,18.947 ,0.997   
4     ,3      ,388  ,127      ,18.823 ,18.474 ,1.019   
4     ,3      ,392  ,127      ,18.924 ,18.485 ,1.024   
4     ,3      ,396  ,127      ,18.83  ,18.298 ,1.029   
4     ,3      ,40   ,127      ,7.218  ,9.514  ,0.759   
4     ,3      ,400  ,127      ,18.862 ,18.436 ,1.023   
4     ,3      ,404  ,127      ,18.97  ,18.518 ,1.024   
4     ,3      ,408  ,127      ,18.933 ,18.565 ,1.02    
4     ,3      ,412  ,127      ,18.538 ,18.317 ,1.012   
4     ,3      ,416  ,127      ,18.496 ,19.511 ,0.948   
4     ,3      ,420  ,127      ,18.462 ,18.85  ,0.979   
4     ,3      ,424  ,127      ,18.472 ,18.735 ,0.986   
4     ,3      ,428  ,127      ,18.428 ,18.844 ,0.978   
4     ,3      ,432  ,127      ,18.474 ,18.71  ,0.987   
4     ,3      ,436  ,127      ,18.451 ,18.823 ,0.98    
4     ,3      ,44   ,127      ,7.217  ,9.528  ,0.757   
4     ,3      ,440  ,127      ,18.428 ,18.778 ,0.981   
4     ,3      ,444  ,127      ,18.403 ,19.066 ,0.965   
4     ,3      ,448  ,127      ,20.004 ,20.105 ,0.995   
4     ,3      ,452  ,127      ,20.106 ,19.552 ,1.028   
4     ,3      ,456  ,127      ,20.007 ,19.643 ,1.018   
4     ,3      ,460  ,127      ,20.139 ,19.351 ,1.041   
4     ,3      ,464  ,127      ,19.966 ,19.437 ,1.027   
4     ,3      ,468  ,127      ,20.076 ,19.328 ,1.039   
4     ,3      ,472  ,127      ,20.099 ,19.359 ,1.038   
4     ,3      ,476  ,127      ,20.392 ,19.751 ,1.032   
4     ,3      ,48   ,127      ,7.251  ,9.482  ,0.765   
4     ,3      ,480  ,127      ,20.534 ,20.89  ,0.983   
4     ,3      ,484  ,127      ,20.366 ,19.99  ,1.019   
4     ,3      ,488  ,127      ,20.378 ,20.027 ,1.017   
4     ,3      ,492  ,127      ,20.489 ,19.929 ,1.028   
4     ,3      ,496  ,127      ,20.313 ,19.849 ,1.023   
4     ,3      ,500  ,127      ,20.358 ,19.879 ,1.024   
4     ,3      ,504  ,127      ,20.371 ,19.877 ,1.025   
4     ,3      ,508  ,127      ,20.583 ,19.296 ,1.067   
4     ,3      ,512  ,127      ,21.721 ,21.138 ,1.028   
4     ,3      ,52   ,127      ,7.254  ,9.56   ,0.759   
4     ,3      ,56   ,127      ,7.32   ,9.541  ,0.767   
4     ,3      ,60   ,127      ,9.03   ,10.618 ,0.85    
4     ,3      ,64   ,127      ,8.284  ,11.872 ,0.698   
4     ,3      ,68   ,127      ,8.322  ,11.203 ,0.743   
4     ,3      ,72   ,127      ,8.234  ,10.939 ,0.753   
4     ,3      ,76   ,127      ,8.298  ,11.223 ,0.739   
4     ,3      ,80   ,127      ,8.228  ,10.818 ,0.761   
4     ,3      ,84   ,127      ,8.348  ,10.763 ,0.776   
4     ,3      ,88   ,127      ,8.211  ,10.802 ,0.76    
4     ,3      ,92   ,127      ,7.486  ,8.145  ,0.919   
4     ,3      ,96   ,127      ,8.115  ,11.109 ,0.73    
4     ,4      ,100  ,127      ,7.798  ,10.685 ,0.73    
4     ,4      ,104  ,127      ,7.795  ,10.692 ,0.729   
4     ,4      ,108  ,127      ,7.856  ,10.721 ,0.733   
4     ,4      ,112  ,127      ,7.851  ,10.692 ,0.734   
4     ,4      ,116  ,127      ,7.824  ,10.701 ,0.731   
4     ,4      ,120  ,127      ,7.83   ,10.674 ,0.734   
4     ,4      ,124  ,127      ,9.547  ,8.837  ,1.08    
4     ,4      ,128  ,127      ,9.484  ,11.356 ,0.835   
4     ,4      ,132  ,127      ,9.52   ,11.315 ,0.841   
4     ,4      ,136  ,127      ,9.52   ,11.246 ,0.846   
4     ,4      ,140  ,127      ,9.549  ,11.438 ,0.835   
4     ,4      ,144  ,127      ,9.536  ,11.354 ,0.84    
4     ,4      ,148  ,127      ,9.483  ,11.432 ,0.83    
4     ,4      ,152  ,127      ,9.573  ,11.428 ,0.838   
4     ,4      ,156  ,127      ,12.667 ,9.275  ,1.366   
4     ,4      ,16   ,127      ,6.092  ,7.989  ,0.763   
4     ,4      ,160  ,127      ,12.68  ,12.064 ,1.051   
4     ,4      ,164  ,127      ,12.741 ,11.693 ,1.09    
4     ,4      ,168  ,127      ,12.663 ,11.563 ,1.095   
4     ,4      ,172  ,127      ,12.71  ,11.483 ,1.107   
4     ,4      ,176  ,127      ,12.759 ,11.485 ,1.111   
4     ,4      ,180  ,127      ,12.649 ,11.476 ,1.102   
4     ,4      ,184  ,127      ,12.701 ,11.396 ,1.115   
4     ,4      ,188  ,127      ,12.205 ,10.313 ,1.183   
4     ,4      ,192  ,127      ,12.121 ,12.451 ,0.973   
4     ,4      ,196  ,127      ,12.159 ,12.217 ,0.995   
4     ,4      ,20   ,127      ,6.05   ,7.931  ,0.763   
4     ,4      ,200  ,127      ,12.205 ,12.164 ,1.003   
4     ,4      ,204  ,127      ,12.139 ,12.396 ,0.979   
4     ,4      ,208  ,127      ,12.096 ,12.367 ,0.978   
4     ,4      ,212  ,127      ,12.2   ,12.47  ,0.978   
4     ,4      ,216  ,127      ,12.167 ,12.456 ,0.977   
4     ,4      ,220  ,127      ,12.476 ,11.263 ,1.108   
4     ,4      ,224  ,127      ,12.428 ,12.627 ,0.984   
4     ,4      ,228  ,127      ,12.459 ,12.591 ,0.99    
4     ,4      ,232  ,127      ,12.378 ,12.781 ,0.968   
4     ,4      ,236  ,127      ,12.478 ,12.18  ,1.024   
4     ,4      ,24   ,127      ,6.053  ,7.879  ,0.768   
4     ,4      ,240  ,127      ,12.3   ,12.115 ,1.015   
4     ,4      ,244  ,127      ,12.511 ,12.267 ,1.02    
4     ,4      ,248  ,127      ,12.461 ,12.234 ,1.019   
4     ,4      ,252  ,127      ,13.694 ,14.533 ,0.942   
4     ,4      ,256  ,127      ,13.706 ,15.353 ,0.893   
4     ,4      ,260  ,127      ,13.636 ,15.035 ,0.907   
4     ,4      ,264  ,127      ,13.883 ,15.03  ,0.924   
4     ,4      ,268  ,127      ,13.795 ,14.838 ,0.93    
4     ,4      ,272  ,127      ,13.782 ,14.852 ,0.928   
4     ,4      ,276  ,127      ,13.672 ,14.817 ,0.923   
4     ,4      ,28   ,127      ,6.057  ,7.847  ,0.772   
4     ,4      ,280  ,127      ,13.707 ,15.004 ,0.914   
4     ,4      ,284  ,127      ,13.466 ,15.339 ,0.878   
4     ,4      ,288  ,127      ,13.518 ,16.282 ,0.83    
4     ,4      ,292  ,127      ,13.566 ,15.879 ,0.854   
4     ,4      ,296  ,127      ,13.557 ,15.84  ,0.856   
4     ,4      ,300  ,127      ,13.544 ,15.716 ,0.862   
4     ,4      ,304  ,127      ,13.471 ,15.72  ,0.857   
4     ,4      ,308  ,127      ,13.439 ,15.751 ,0.853   
4     ,4      ,312  ,127      ,13.564 ,15.708 ,0.864   
4     ,4      ,316  ,127      ,14.866 ,16.065 ,0.925   
4     ,4      ,32   ,127      ,7.2    ,5.704  ,1.262   
4     ,4      ,320  ,127      ,14.787 ,16.884 ,0.876   
4     ,4      ,324  ,127      ,14.674 ,16.255 ,0.903   
4     ,4      ,328  ,127      ,14.689 ,16.407 ,0.895   
4     ,4      ,332  ,127      ,14.682 ,16.213 ,0.906   
4     ,4      ,336  ,127      ,14.692 ,16.301 ,0.901   
4     ,4      ,340  ,127      ,14.691 ,16.235 ,0.905   
4     ,4      ,344  ,127      ,14.676 ,16.196 ,0.906   
4     ,4      ,348  ,127      ,14.078 ,16.961 ,0.83    
4     ,4      ,352  ,127      ,14.25  ,17.414 ,0.818   
4     ,4      ,356  ,127      ,14.327 ,16.984 ,0.844   
4     ,4      ,36   ,127      ,7.193  ,8.785  ,0.819   
4     ,4      ,360  ,127      ,14.372 ,16.868 ,0.852   
4     ,4      ,364  ,127      ,14.311 ,16.693 ,0.857   
4     ,4      ,368  ,127      ,14.197 ,16.797 ,0.845   
4     ,4      ,372  ,127      ,14.18  ,16.706 ,0.849   
4     ,4      ,376  ,127      ,14.162 ,16.817 ,0.842   
4     ,4      ,380  ,127      ,16.56  ,16.347 ,1.013   
4     ,4      ,384  ,127      ,16.677 ,16.797 ,0.993   
4     ,4      ,388  ,127      ,16.604 ,16.677 ,0.996   
4     ,4      ,392  ,127      ,16.63  ,16.473 ,1.01    
4     ,4      ,396  ,127      ,16.668 ,16.324 ,1.021   
4     ,4      ,4    ,127      ,6.024  ,7.902  ,0.762   
4     ,4      ,40   ,127      ,7.24   ,9.645  ,0.751   
4     ,4      ,400  ,127      ,16.593 ,16.341 ,1.015   
4     ,4      ,404  ,127      ,16.612 ,16.393 ,1.013   
4     ,4      ,408  ,127      ,16.68  ,16.366 ,1.019   
4     ,4      ,412  ,127      ,15.696 ,17.131 ,0.916   
4     ,4      ,416  ,127      ,15.652 ,17.462 ,0.896   
4     ,4      ,420  ,127      ,15.693 ,17.385 ,0.903   
4     ,4      ,424  ,127      ,15.621 ,17.271 ,0.904   
4     ,4      ,428  ,127      ,15.685 ,17.104 ,0.917   
4     ,4      ,432  ,127      ,15.684 ,17.145 ,0.915   
4     ,4      ,436  ,127      ,15.735 ,17.108 ,0.92    
4     ,4      ,44   ,127      ,7.218  ,9.472  ,0.762   
4     ,4      ,440  ,127      ,15.694 ,17.109 ,0.917   
4     ,4      ,444  ,127      ,17.124 ,18.047 ,0.949   
4     ,4      ,448  ,127      ,17.377 ,18.442 ,0.942   
4     ,4      ,452  ,127      ,17.142 ,18.116 ,0.946   
4     ,4      ,456  ,127      ,17.205 ,17.982 ,0.957   
4     ,4      ,460  ,127      ,17.124 ,17.917 ,0.956   
4     ,4      ,464  ,127      ,17.17  ,17.817 ,0.964   
4     ,4      ,468  ,127      ,17.12  ,17.701 ,0.967   
4     ,4      ,472  ,127      ,17.077 ,17.746 ,0.962   
4     ,4      ,476  ,127      ,16.711 ,18.328 ,0.912   
4     ,4      ,48   ,127      ,7.236  ,9.609  ,0.753   
4     ,4      ,480  ,127      ,16.658 ,18.789 ,0.887   
4     ,4      ,484  ,127      ,16.742 ,18.677 ,0.896   
4     ,4      ,488  ,127      ,16.593 ,18.404 ,0.902   
4     ,4      ,492  ,127      ,16.569 ,18.343 ,0.903   
4     ,4      ,496  ,127      ,16.557 ,18.222 ,0.909   
4     ,4      ,500  ,127      ,16.584 ,18.298 ,0.906   
4     ,4      ,504  ,127      ,16.589 ,18.315 ,0.906   
4     ,4      ,508  ,127      ,19.638 ,18.025 ,1.09    
4     ,4      ,512  ,127      ,18.333 ,18.817 ,0.974   
4     ,4      ,52   ,127      ,7.25   ,9.639  ,0.752   
4     ,4      ,56   ,127      ,7.26   ,9.67   ,0.751   
4     ,4      ,60   ,127      ,9.573  ,10.806 ,0.886   
4     ,4      ,64   ,127      ,8.275  ,11.605 ,0.713   
4     ,4      ,68   ,127      ,8.299  ,11.312 ,0.734   
4     ,4      ,72   ,127      ,8.272  ,10.7   ,0.773   
4     ,4      ,76   ,127      ,8.239  ,11.247 ,0.733   
4     ,4      ,80   ,127      ,8.324  ,10.547 ,0.789   
4     ,4      ,84   ,127      ,8.295  ,10.646 ,0.779   
4     ,4      ,88   ,127      ,8.477  ,10.575 ,0.802   
4     ,4      ,92   ,127      ,7.816  ,8.295  ,0.942   
4     ,4      ,96   ,127      ,7.784  ,10.821 ,0.719   
4     ,6      ,512  ,127      ,23.722 ,23.429 ,1.013   
5     ,0      ,13   ,127      ,5.565  ,7.452  ,0.747   
5     ,0      ,5    ,127      ,3.845  ,5.521  ,0.696   
5     ,2      ,256  ,127      ,15.467 ,16.717 ,0.925   
5     ,5      ,256  ,127      ,13.497 ,15.189 ,0.889   
5     ,6      ,64   ,127      ,8.545  ,12.202 ,0.7     
5     ,7      ,100  ,127      ,8.948  ,11.986 ,0.747   
5     ,7      ,104  ,127      ,8.94   ,11.871 ,0.753   
5     ,7      ,108  ,127      ,8.941  ,11.762 ,0.76    
5     ,7      ,112  ,127      ,8.948  ,11.836 ,0.756   
5     ,7      ,116  ,127      ,9.002  ,11.841 ,0.76    
5     ,7      ,120  ,127      ,8.901  ,11.654 ,0.764   
5     ,7      ,124  ,127      ,10.31  ,10.022 ,1.029   
5     ,7      ,128  ,127      ,10.261 ,13.766 ,0.745   
5     ,7      ,132  ,127      ,10.285 ,13.097 ,0.785   
5     ,7      ,136  ,127      ,10.375 ,13.027 ,0.796   
5     ,7      ,140  ,127      ,10.289 ,12.242 ,0.84    
5     ,7      ,144  ,127      ,10.312 ,12.28  ,0.84    
5     ,7      ,148  ,127      ,10.27  ,12.309 ,0.834   
5     ,7      ,152  ,127      ,10.1   ,12.284 ,0.822   
5     ,7      ,156  ,127      ,14.258 ,11.643 ,1.225   
5     ,7      ,16   ,127      ,6.066  ,7.97   ,0.761   
5     ,7      ,160  ,127      ,14.234 ,14.21  ,1.002   
5     ,7      ,164  ,127      ,14.418 ,13.766 ,1.047   
5     ,7      ,168  ,127      ,14.295 ,13.781 ,1.037   
5     ,7      ,172  ,127      ,14.371 ,12.608 ,1.14    
5     ,7      ,176  ,127      ,14.286 ,12.578 ,1.136   
5     ,7      ,180  ,127      ,14.232 ,12.518 ,1.137   
5     ,7      ,184  ,127      ,13.789 ,12.75  ,1.081   
5     ,7      ,188  ,127      ,13.401 ,11.95  ,1.121   
5     ,7      ,192  ,127      ,13.241 ,14.549 ,0.91    
5     ,7      ,196  ,127      ,13.366 ,14.461 ,0.924   
5     ,7      ,20   ,127      ,6.042  ,7.884  ,0.766   
5     ,7      ,200  ,127      ,13.359 ,14.354 ,0.931   
5     ,7      ,204  ,127      ,13.315 ,13.801 ,0.965   
5     ,7      ,208  ,127      ,13.323 ,13.815 ,0.964   
5     ,7      ,212  ,127      ,13.392 ,13.811 ,0.97    
5     ,7      ,216  ,127      ,12.999 ,13.895 ,0.936   
5     ,7      ,220  ,127      ,13.471 ,13.105 ,1.028   
5     ,7      ,224  ,127      ,13.509 ,13.701 ,0.986   
5     ,7      ,228  ,127      ,13.451 ,13.57  ,0.991   
5     ,7      ,232  ,127      ,13.62  ,13.291 ,1.025   
5     ,7      ,236  ,127      ,13.507 ,13.434 ,1.005   
5     ,7      ,24   ,127      ,6.03   ,7.843  ,0.769   
5     ,7      ,240  ,127      ,13.493 ,13.519 ,0.998   
5     ,7      ,244  ,127      ,13.648 ,13.552 ,1.007   
5     ,7      ,248  ,127      ,12.943 ,13.241 ,0.977   
5     ,7      ,252  ,127      ,16.727 ,17.606 ,0.95    
5     ,7      ,256  ,127      ,16.662 ,19.075 ,0.874   
5     ,7      ,260  ,127      ,16.849 ,17.998 ,0.936   
5     ,7      ,264  ,127      ,16.873 ,17.985 ,0.938   
5     ,7      ,268  ,127      ,16.835 ,17.826 ,0.944   
5     ,7      ,272  ,127      ,16.854 ,17.927 ,0.94    
5     ,7      ,276  ,127      ,16.82  ,17.905 ,0.939   
5     ,7      ,28   ,127      ,6.014  ,7.825  ,0.769   
5     ,7      ,280  ,127      ,16.66  ,17.82  ,0.935   
5     ,7      ,284  ,127      ,16.332 ,17.997 ,0.908   
5     ,7      ,288  ,127      ,16.324 ,18.891 ,0.864   
5     ,7      ,292  ,127      ,16.394 ,18.402 ,0.891   
5     ,7      ,296  ,127      ,16.44  ,18.384 ,0.894   
5     ,7      ,300  ,127      ,16.423 ,18.246 ,0.9     
5     ,7      ,304  ,127      ,16.381 ,18.216 ,0.899   
5     ,7      ,308  ,127      ,16.371 ,18.168 ,0.901   
5     ,7      ,312  ,127      ,15.872 ,18.083 ,0.878   
5     ,7      ,316  ,127      ,17.643 ,18.493 ,0.954   
5     ,7      ,32   ,127      ,7.215  ,7.015  ,1.029   
5     ,7      ,320  ,127      ,17.629 ,19.295 ,0.914   
5     ,7      ,324  ,127      ,17.524 ,18.83  ,0.931   
5     ,7      ,328  ,127      ,17.549 ,18.838 ,0.932   
5     ,7      ,332  ,127      ,17.546 ,18.677 ,0.939   
5     ,7      ,336  ,127      ,17.5   ,18.681 ,0.937   
5     ,7      ,340  ,127      ,17.548 ,18.568 ,0.945   
5     ,7      ,344  ,127      ,17.221 ,18.705 ,0.921   
5     ,7      ,348  ,127      ,17.198 ,19.034 ,0.904   
5     ,7      ,352  ,127      ,17.088 ,19.954 ,0.856   
5     ,7      ,356  ,127      ,17.198 ,19.287 ,0.892   
5     ,7      ,36   ,127      ,7.247  ,11.38  ,0.637   
5     ,7      ,360  ,127      ,17.08  ,19.287 ,0.886   
5     ,7      ,364  ,127      ,17.055 ,19.31  ,0.883   
5     ,7      ,368  ,127      ,17.135 ,19.166 ,0.894   
5     ,7      ,372  ,127      ,17.139 ,19.226 ,0.891   
5     ,7      ,376  ,127      ,16.589 ,19.237 ,0.862   
5     ,7      ,380  ,127      ,20.155 ,18.503 ,1.089   
5     ,7      ,384  ,127      ,20.158 ,19.675 ,1.025   
5     ,7      ,388  ,127      ,20.017 ,18.943 ,1.057   
5     ,7      ,392  ,127      ,20.159 ,18.707 ,1.078   
5     ,7      ,396  ,127      ,20.11  ,18.773 ,1.071   
5     ,7      ,40   ,127      ,7.219  ,10.925 ,0.661   
5     ,7      ,400  ,127      ,20.129 ,18.936 ,1.063   
5     ,7      ,404  ,127      ,20.171 ,18.912 ,1.067   
5     ,7      ,408  ,127      ,19.698 ,19.14  ,1.029   
5     ,7      ,412  ,127      ,19.98  ,19.24  ,1.038   
5     ,7      ,416  ,127      ,20.001 ,20.226 ,0.989   
5     ,7      ,420  ,127      ,20.133 ,19.585 ,1.028   
5     ,7      ,424  ,127      ,19.933 ,19.56  ,1.019   
5     ,7      ,428  ,127      ,19.984 ,19.574 ,1.021   
5     ,7      ,432  ,127      ,19.986 ,19.423 ,1.029   
5     ,7      ,436  ,127      ,20.033 ,19.581 ,1.023   
5     ,7      ,44   ,127      ,7.343  ,10.572 ,0.695   
5     ,7      ,440  ,127      ,19.183 ,19.493 ,0.984   
5     ,7      ,444  ,127      ,21.334 ,20.136 ,1.059   
5     ,7      ,448  ,127      ,21.129 ,20.991 ,1.007   
5     ,7      ,452  ,127      ,21.317 ,20.238 ,1.053   
5     ,7      ,456  ,127      ,21.17  ,20.288 ,1.043   
5     ,7      ,460  ,127      ,21.174 ,20.23  ,1.047   
5     ,7      ,464  ,127      ,21.117 ,20.352 ,1.038   
5     ,7      ,468  ,127      ,21.23  ,20.166 ,1.053   
5     ,7      ,472  ,127      ,20.88  ,20.233 ,1.032   
5     ,7      ,476  ,127      ,20.465 ,20.213 ,1.012   
5     ,7      ,48   ,127      ,7.247  ,10.821 ,0.67    
5     ,7      ,480  ,127      ,20.505 ,21.4   ,0.958   
5     ,7      ,484  ,127      ,20.423 ,20.764 ,0.984   
5     ,7      ,488  ,127      ,20.432 ,20.795 ,0.983   
5     ,7      ,492  ,127      ,20.474 ,20.757 ,0.986   
5     ,7      ,496  ,127      ,20.442 ,20.717 ,0.987   
5     ,7      ,500  ,127      ,20.445 ,20.741 ,0.986   
5     ,7      ,504  ,127      ,20.14  ,20.728 ,0.972   
5     ,7      ,508  ,127      ,24.057 ,20.458 ,1.176   
5     ,7      ,512  ,127      ,23.871 ,21.685 ,1.101   
5     ,7      ,52   ,127      ,7.27   ,10.606 ,0.685   
5     ,7      ,56   ,127      ,7.288  ,10.599 ,0.688   
5     ,7      ,60   ,127      ,9.517  ,11.582 ,0.822   
5     ,7      ,64   ,127      ,9.505  ,12.642 ,0.752   
5     ,7      ,68   ,127      ,8.804  ,12.834 ,0.686   
5     ,7      ,72   ,127      ,8.799  ,11.663 ,0.754   
5     ,7      ,76   ,127      ,8.811  ,12.654 ,0.696   
5     ,7      ,80   ,127      ,8.792  ,11.787 ,0.746   
5     ,7      ,84   ,127      ,8.88   ,11.675 ,0.761   
5     ,7      ,88   ,127      ,8.694  ,11.659 ,0.746   
5     ,7      ,92   ,127      ,8.927  ,9.453  ,0.944   
5     ,7      ,96   ,127      ,8.934  ,12.807 ,0.698   
6     ,0      ,14   ,127      ,5.572  ,7.46   ,0.747   
6     ,0      ,6    ,127      ,3.884  ,5.512  ,0.705   
6     ,2      ,100  ,127      ,8.054  ,10.987 ,0.733   
6     ,2      ,104  ,127      ,8.24   ,10.666 ,0.773   
6     ,2      ,108  ,127      ,8.109  ,11.017 ,0.736   
6     ,2      ,112  ,127      ,8.125  ,10.915 ,0.744   
6     ,2      ,116  ,127      ,8.135  ,10.971 ,0.742   
6     ,2      ,120  ,127      ,7.693  ,10.617 ,0.725   
6     ,2      ,124  ,127      ,9.238  ,8.843  ,1.045   
6     ,2      ,128  ,127      ,10.127 ,10.581 ,0.957   
6     ,2      ,132  ,127      ,10.032 ,12.05  ,0.833   
6     ,2      ,136  ,127      ,10.089 ,11.556 ,0.873   
6     ,2      ,140  ,127      ,10.061 ,12.342 ,0.815   
6     ,2      ,144  ,127      ,10.031 ,12.275 ,0.817   
6     ,2      ,148  ,127      ,10.03  ,12.373 ,0.811   
6     ,2      ,152  ,127      ,8.726  ,12.279 ,0.711   
6     ,2      ,156  ,127      ,13.538 ,9.99   ,1.355   
6     ,2      ,16   ,127      ,6.097  ,7.969  ,0.765   
6     ,2      ,160  ,127      ,13.51  ,11.039 ,1.224   
6     ,2      ,164  ,127      ,13.584 ,12.157 ,1.117   
6     ,2      ,168  ,127      ,13.543 ,12.047 ,1.124   
6     ,2      ,172  ,127      ,13.717 ,11.69  ,1.173   
6     ,2      ,176  ,127      ,13.69  ,11.607 ,1.179   
6     ,2      ,180  ,127      ,13.49  ,11.589 ,1.164   
6     ,2      ,184  ,127      ,12.441 ,11.544 ,1.078   
6     ,2      ,188  ,127      ,12.532 ,10.984 ,1.141   
6     ,2      ,192  ,127      ,13.154 ,11.694 ,1.125   
6     ,2      ,196  ,127      ,13.231 ,12.882 ,1.027   
6     ,2      ,20   ,127      ,6.067  ,7.916  ,0.766   
6     ,2      ,200  ,127      ,13.428 ,12.722 ,1.056   
6     ,2      ,204  ,127      ,13.224 ,12.471 ,1.06    
6     ,2      ,208  ,127      ,13.347 ,12.059 ,1.107   
6     ,2      ,212  ,127      ,13.327 ,12.103 ,1.101   
6     ,2      ,216  ,127      ,12.498 ,12.122 ,1.031   
6     ,2      ,220  ,127      ,13.582 ,11.066 ,1.227   
6     ,2      ,224  ,127      ,12.983 ,11.963 ,1.085   
6     ,2      ,228  ,127      ,12.971 ,12.837 ,1.01    
6     ,2      ,232  ,127      ,12.891 ,12.861 ,1.002   
6     ,2      ,236  ,127      ,13.057 ,12.043 ,1.084   
6     ,2      ,24   ,127      ,6.038  ,7.938  ,0.761   
6     ,2      ,240  ,127      ,13.008 ,11.965 ,1.087   
6     ,2      ,244  ,127      ,13.054 ,12.014 ,1.087   
6     ,2      ,248  ,127      ,12.661 ,11.98  ,1.057   
6     ,2      ,252  ,127      ,14.414 ,15.077 ,0.956   
6     ,2      ,256  ,127      ,15.698 ,16.071 ,0.977   
6     ,2      ,260  ,127      ,15.676 ,16.833 ,0.931   
6     ,2      ,264  ,127      ,15.88  ,16.439 ,0.966   
6     ,2      ,268  ,127      ,15.849 ,16.703 ,0.949   
6     ,2      ,272  ,127      ,15.771 ,16.284 ,0.969   
6     ,2      ,276  ,127      ,15.75  ,16.28  ,0.967   
6     ,2      ,28   ,127      ,5.709  ,7.649  ,0.746   
6     ,2      ,280  ,127      ,14.522 ,16.309 ,0.89    
6     ,2      ,284  ,127      ,15.572 ,17.198 ,0.905   
6     ,2      ,288  ,127      ,15.331 ,17.309 ,0.886   
6     ,2      ,292  ,127      ,15.272 ,17.603 ,0.868   
6     ,2      ,296  ,127      ,15.17  ,17.37  ,0.873   
6     ,2      ,300  ,127      ,15.262 ,17.457 ,0.874   
6     ,2      ,304  ,127      ,15.253 ,17.267 ,0.883   
6     ,2      ,308  ,127      ,15.206 ,17.299 ,0.879   
6     ,2      ,312  ,127      ,14.487 ,17.206 ,0.842   
6     ,2      ,316  ,127      ,15.272 ,17.092 ,0.894   
6     ,2      ,32   ,127      ,7.229  ,5.663  ,1.277   
6     ,2      ,320  ,127      ,16.915 ,17.91  ,0.944   
6     ,2      ,324  ,127      ,16.773 ,18.304 ,0.916   
6     ,2      ,328  ,127      ,16.938 ,17.839 ,0.949   
6     ,2      ,332  ,127      ,16.821 ,18.216 ,0.923   
6     ,2      ,336  ,127      ,16.792 ,17.818 ,0.942   
6     ,2      ,340  ,127      ,16.835 ,17.83  ,0.944   
6     ,2      ,344  ,127      ,15.424 ,17.819 ,0.866   
6     ,2      ,348  ,127      ,16.653 ,18.045 ,0.923   
6     ,2      ,352  ,127      ,16.407 ,18.474 ,0.888   
6     ,2      ,356  ,127      ,16.303 ,18.419 ,0.885   
6     ,2      ,36   ,127      ,7.203  ,7.165  ,1.005   
6     ,2      ,360  ,127      ,16.444 ,18.315 ,0.898   
6     ,2      ,364  ,127      ,16.396 ,18.213 ,0.9     
6     ,2      ,368  ,127      ,16.367 ,18.314 ,0.894   
6     ,2      ,372  ,127      ,16.47  ,18.314 ,0.899   
6     ,2      ,376  ,127      ,15.579 ,18.202 ,0.856   
6     ,2      ,380  ,127      ,17.237 ,17.997 ,0.958   
6     ,2      ,384  ,127      ,18.878 ,18.365 ,1.028   
6     ,2      ,388  ,127      ,18.925 ,19.151 ,0.988   
6     ,2      ,392  ,127      ,18.844 ,18.378 ,1.025   
6     ,2      ,396  ,127      ,18.856 ,18.804 ,1.003   
6     ,2      ,40   ,127      ,7.292  ,9.496  ,0.768   
6     ,2      ,400  ,127      ,19.021 ,18.437 ,1.032   
6     ,2      ,404  ,127      ,18.933 ,18.498 ,1.024   
6     ,2      ,408  ,127      ,17.075 ,18.406 ,0.928   
6     ,2      ,412  ,127      ,18.939 ,18.269 ,1.037   
6     ,2      ,416  ,127      ,18.506 ,18.693 ,0.99    
6     ,2      ,420  ,127      ,18.543 ,18.916 ,0.98    
6     ,2      ,424  ,127      ,18.55  ,18.871 ,0.983   
6     ,2      ,428  ,127      ,18.473 ,18.894 ,0.978   
6     ,2      ,432  ,127      ,18.449 ,18.651 ,0.989   
6     ,2      ,436  ,127      ,18.517 ,18.742 ,0.988   
6     ,2      ,44   ,127      ,7.191  ,8.812  ,0.816   
6     ,2      ,440  ,127      ,17.33  ,18.858 ,0.919   
6     ,2      ,444  ,127      ,18.427 ,19.203 ,0.96    
6     ,2      ,448  ,127      ,20.026 ,19.599 ,1.022   
6     ,2      ,452  ,127      ,20.316 ,20.027 ,1.014   
6     ,2      ,456  ,127      ,19.927 ,19.47  ,1.023   
6     ,2      ,460  ,127      ,20.026 ,19.899 ,1.006   
6     ,2      ,464  ,127      ,19.967 ,19.392 ,1.03    
6     ,2      ,468  ,127      ,20.075 ,19.38  ,1.036   
6     ,2      ,472  ,127      ,18.368 ,19.361 ,0.949   
6     ,2      ,476  ,127      ,20.61  ,20.033 ,1.029   
6     ,2      ,48   ,127      ,7.225  ,9.533  ,0.758   
6     ,2      ,480  ,127      ,20.426 ,20.029 ,1.02    
6     ,2      ,484  ,127      ,20.364 ,20.178 ,1.009   
6     ,2      ,488  ,127      ,20.268 ,19.925 ,1.017   
6     ,2      ,492  ,127      ,20.385 ,20.072 ,1.016   
6     ,2      ,496  ,127      ,20.328 ,19.851 ,1.024   
6     ,2      ,500  ,127      ,20.412 ,19.962 ,1.023   
6     ,2      ,504  ,127      ,19.076 ,19.822 ,0.962   
6     ,2      ,508  ,127      ,20.482 ,19.192 ,1.067   
6     ,2      ,512  ,127      ,21.721 ,20.149 ,1.078   
6     ,2      ,52   ,127      ,7.268  ,9.646  ,0.754   
6     ,2      ,56   ,127      ,7.439  ,9.565  ,0.778   
6     ,2      ,60   ,127      ,7.746  ,9.504  ,0.815   
6     ,2      ,64   ,127      ,8.582  ,9.185  ,0.934   
6     ,2      ,68   ,127      ,8.276  ,11.301 ,0.732   
6     ,2      ,72   ,127      ,8.272  ,10.954 ,0.755   
6     ,2      ,76   ,127      ,8.481  ,11.295 ,0.751   
6     ,2      ,80   ,127      ,8.249  ,11.247 ,0.733   
6     ,2      ,84   ,127      ,8.232  ,10.804 ,0.762   
6     ,2      ,88   ,127      ,7.907  ,10.299 ,0.768   
6     ,2      ,92   ,127      ,7.89   ,8.448  ,0.934   
6     ,2      ,96   ,127      ,8.07   ,9.541  ,0.846   
6     ,3      ,64   ,127      ,8.451  ,10.358 ,0.816   
6     ,4      ,32   ,127      ,7.118  ,5.507  ,1.293   
6     ,4      ,512  ,127      ,22.604 ,19.724 ,1.146   
6     ,6      ,512  ,127      ,18.416 ,18.772 ,0.981   
6     ,7      ,1024 ,127      ,35.442 ,31.094 ,1.14    
7     ,0      ,15   ,127      ,5.554  ,7.497  ,0.741   
7     ,0      ,7    ,127      ,3.851  ,5.536  ,0.696   
7     ,1      ,100  ,127      ,8.082  ,10.814 ,0.747   
7     ,1      ,104  ,127      ,8.087  ,10.671 ,0.758   
7     ,1      ,108  ,127      ,8.092  ,11.004 ,0.735   
7     ,1      ,112  ,127      ,8.113  ,10.927 ,0.742   
7     ,1      ,116  ,127      ,7.639  ,10.698 ,0.714   
7     ,1      ,120  ,127      ,7.66   ,10.621 ,0.721   
7     ,1      ,124  ,127      ,9.227  ,8.526  ,1.082   
7     ,1      ,128  ,127      ,10.093 ,10.672 ,0.946   
7     ,1      ,132  ,127      ,10.094 ,11.885 ,0.849   
7     ,1      ,136  ,127      ,10.078 ,11.55  ,0.873   
7     ,1      ,140  ,127      ,10.071 ,12.345 ,0.816   
7     ,1      ,144  ,127      ,10.041 ,12.286 ,0.817   
7     ,1      ,148  ,127      ,8.763  ,12.306 ,0.712   
7     ,1      ,152  ,127      ,8.447  ,12.294 ,0.687   
7     ,1      ,156  ,127      ,13.497 ,9.029  ,1.495   
7     ,1      ,16   ,127      ,6.095  ,7.979  ,0.764   
7     ,1      ,160  ,127      ,13.572 ,11.187 ,1.213   
7     ,1      ,164  ,127      ,13.58  ,12.091 ,1.123   
7     ,1      ,168  ,127      ,13.596 ,12.031 ,1.13    
7     ,1      ,172  ,127      ,13.599 ,11.692 ,1.163   
7     ,1      ,176  ,127      ,13.565 ,11.631 ,1.166   
7     ,1      ,180  ,127      ,12.352 ,11.579 ,1.067   
7     ,1      ,184  ,127      ,12.439 ,11.552 ,1.077   
7     ,1      ,188  ,127      ,12.517 ,9.719  ,1.288   
7     ,1      ,192  ,127      ,13.135 ,11.857 ,1.108   
7     ,1      ,196  ,127      ,13.262 ,12.804 ,1.036   
7     ,1      ,20   ,127      ,6.061  ,7.878  ,0.769   
7     ,1      ,200  ,127      ,13.403 ,12.73  ,1.053   
7     ,1      ,204  ,127      ,13.192 ,12.528 ,1.053   
7     ,1      ,208  ,127      ,13.279 ,12.021 ,1.105   
7     ,1      ,212  ,127      ,12.453 ,12.082 ,1.031   
7     ,1      ,216  ,127      ,11.927 ,12.106 ,0.985   
7     ,1      ,220  ,127      ,13.274 ,10.569 ,1.256   
7     ,1      ,224  ,127      ,12.947 ,12.063 ,1.073   
7     ,1      ,228  ,127      ,13.059 ,12.986 ,1.006   
7     ,1      ,232  ,127      ,12.977 ,12.754 ,1.018   
7     ,1      ,236  ,127      ,13.056 ,12.128 ,1.077   
7     ,1      ,24   ,127      ,6.037  ,7.9    ,0.764   
7     ,1      ,240  ,127      ,13.036 ,11.918 ,1.094   
7     ,1      ,244  ,127      ,12.73  ,12.01  ,1.06    
7     ,1      ,248  ,127      ,12.655 ,12.06  ,1.049   
7     ,1      ,252  ,127      ,14.429 ,14.55  ,0.992   
7     ,1      ,256  ,127      ,15.693 ,16.152 ,0.972   
7     ,1      ,260  ,127      ,15.813 ,16.88  ,0.937   
7     ,1      ,264  ,127      ,15.867 ,16.473 ,0.963   
7     ,1      ,268  ,127      ,15.842 ,16.667 ,0.951   
7     ,1      ,272  ,127      ,15.764 ,16.359 ,0.964   
7     ,1      ,276  ,127      ,14.521 ,16.245 ,0.894   
7     ,1      ,28   ,127      ,5.7    ,7.656  ,0.745   
7     ,1      ,280  ,127      ,14.003 ,16.313 ,0.858   
7     ,1      ,284  ,127      ,15.636 ,16.195 ,0.965   
7     ,1      ,288  ,127      ,15.355 ,17.475 ,0.879   
7     ,1      ,292  ,127      ,15.276 ,17.558 ,0.87    
7     ,1      ,296  ,127      ,15.286 ,17.435 ,0.877   
7     ,1      ,300  ,127      ,15.302 ,17.571 ,0.871   
7     ,1      ,304  ,127      ,15.209 ,17.245 ,0.882   
7     ,1      ,308  ,127      ,14.363 ,17.38  ,0.826   
7     ,1      ,312  ,127      ,14.465 ,17.278 ,0.837   
7     ,1      ,316  ,127      ,15.443 ,16.667 ,0.927   
7     ,1      ,32   ,127      ,7.215  ,5.611  ,1.286   
7     ,1      ,320  ,127      ,16.769 ,17.956 ,0.934   
7     ,1      ,324  ,127      ,16.754 ,18.488 ,0.906   
7     ,1      ,328  ,127      ,16.863 ,17.871 ,0.944   
7     ,1      ,332  ,127      ,16.81  ,18.179 ,0.925   
7     ,1      ,336  ,127      ,16.824 ,17.819 ,0.944   
7     ,1      ,340  ,127      ,15.396 ,17.729 ,0.868   
7     ,1      ,344  ,127      ,14.919 ,17.864 ,0.835   
7     ,1      ,348  ,127      ,16.778 ,17.803 ,0.942   
7     ,1      ,352  ,127      ,16.474 ,18.683 ,0.882   
7     ,1      ,356  ,127      ,16.467 ,18.414 ,0.894   
7     ,1      ,36   ,127      ,7.214  ,6.062  ,1.19    
7     ,1      ,360  ,127      ,16.298 ,18.372 ,0.887   
7     ,1      ,364  ,127      ,16.423 ,18.176 ,0.904   
7     ,1      ,368  ,127      ,16.492 ,18.38  ,0.897   
7     ,1      ,372  ,127      ,15.673 ,18.256 ,0.859   
7     ,1      ,376  ,127      ,15.443 ,18.201 ,0.848   
7     ,1      ,380  ,127      ,17.263 ,17.239 ,1.001   
7     ,1      ,384  ,127      ,18.908 ,18.402 ,1.027   
7     ,1      ,388  ,127      ,18.806 ,19.142 ,0.982   
7     ,1      ,392  ,127      ,18.979 ,18.425 ,1.03    
7     ,1      ,396  ,127      ,18.906 ,18.881 ,1.001   
7     ,1      ,40   ,127      ,7.218  ,9.492  ,0.76    
7     ,1      ,400  ,127      ,18.955 ,18.429 ,1.029   
7     ,1      ,404  ,127      ,17.211 ,18.462 ,0.932   
7     ,1      ,408  ,127      ,16.683 ,18.469 ,0.903   
7     ,1      ,412  ,127      ,18.911 ,17.738 ,1.066   
7     ,1      ,416  ,127      ,18.559 ,18.707 ,0.992   
7     ,1      ,420  ,127      ,18.472 ,18.943 ,0.975   
7     ,1      ,424  ,127      ,18.881 ,18.808 ,1.004   
7     ,1      ,428  ,127      ,18.441 ,19.058 ,0.968   
7     ,1      ,432  ,127      ,18.443 ,18.669 ,0.988   
7     ,1      ,436  ,127      ,17.419 ,18.778 ,0.928   
7     ,1      ,44   ,127      ,7.218  ,8.799  ,0.82    
7     ,1      ,440  ,127      ,17.392 ,18.861 ,0.922   
7     ,1      ,444  ,127      ,18.389 ,18.933 ,0.971   
7     ,1      ,448  ,127      ,20.114 ,19.612 ,1.026   
7     ,1      ,452  ,127      ,20.184 ,19.977 ,1.01    
7     ,1      ,456  ,127      ,19.997 ,19.595 ,1.021   
7     ,1      ,460  ,127      ,20.025 ,19.831 ,1.01    
7     ,1      ,464  ,127      ,20.054 ,19.414 ,1.033   
7     ,1      ,468  ,127      ,18.378 ,19.269 ,0.954   
7     ,1      ,472  ,127      ,17.992 ,19.405 ,0.927   
7     ,1      ,476  ,127      ,20.599 ,19.826 ,1.039   
7     ,1      ,48   ,127      ,7.228  ,9.532  ,0.758   
7     ,1      ,480  ,127      ,20.675 ,20.154 ,1.026   
7     ,1      ,484  ,127      ,20.477 ,20.25  ,1.011   
7     ,1      ,488  ,127      ,20.505 ,20.021 ,1.024   
7     ,1      ,492  ,127      ,20.508 ,19.995 ,1.026   
7     ,1      ,496  ,127      ,20.365 ,19.857 ,1.026   
7     ,1      ,500  ,127      ,19.077 ,19.846 ,0.961   
7     ,1      ,504  ,127      ,19.057 ,19.815 ,0.962   
7     ,1      ,508  ,127      ,20.542 ,18.957 ,1.084   
7     ,1      ,512  ,127      ,21.709 ,20.087 ,1.081   
7     ,1      ,52   ,127      ,7.243  ,9.535  ,0.76    
7     ,1      ,56   ,127      ,7.273  ,9.555  ,0.761   
7     ,1      ,60   ,127      ,7.598  ,9.484  ,0.801   
7     ,1      ,64   ,127      ,8.429  ,9.237  ,0.913   
7     ,1      ,68   ,127      ,8.428  ,10.991 ,0.767   
7     ,1      ,72   ,127      ,8.235  ,10.951 ,0.752   
7     ,1      ,76   ,127      ,8.272  ,11.293 ,0.732   
7     ,1      ,80   ,127      ,8.341  ,11.224 ,0.743   
7     ,1      ,84   ,127      ,7.908  ,10.914 ,0.725   
7     ,1      ,88   ,127      ,7.16   ,10.314 ,0.694   
7     ,1      ,92   ,127      ,7.686  ,8.282  ,0.928   
7     ,1      ,96   ,127      ,8.084  ,9.61   ,0.841   
7     ,2      ,16   ,127      ,5.873  ,7.669  ,0.766   
7     ,5      ,100  ,127      ,8.09   ,10.98  ,0.737   
7     ,5      ,104  ,127      ,8.104  ,10.748 ,0.754   
7     ,5      ,108  ,127      ,8.105  ,11.033 ,0.735   
7     ,5      ,112  ,127      ,8.138  ,10.93  ,0.745   
7     ,5      ,116  ,127      ,8.149  ,10.924 ,0.746   
7     ,5      ,120  ,127      ,7.615  ,10.592 ,0.719   
7     ,5      ,124  ,127      ,10.294 ,9.064  ,1.136   
7     ,5      ,128  ,127      ,10.047 ,11.2   ,0.897   
7     ,5      ,132  ,127      ,10.004 ,11.729 ,0.853   
7     ,5      ,136  ,127      ,10.069 ,11.49  ,0.876   
7     ,5      ,140  ,127      ,10.036 ,12.33  ,0.814   
7     ,5      ,144  ,127      ,10.008 ,12.277 ,0.815   
7     ,5      ,148  ,127      ,10.04  ,12.366 ,0.812   
7     ,5      ,152  ,127      ,8.462  ,12.276 ,0.689   
7     ,5      ,156  ,127      ,13.55  ,9.32   ,1.454   
7     ,5      ,16   ,127      ,6.057  ,7.967  ,0.76    
7     ,5      ,160  ,127      ,13.544 ,11.823 ,1.146   
7     ,5      ,164  ,127      ,13.562 ,12.103 ,1.121   
7     ,5      ,168  ,127      ,13.634 ,11.996 ,1.137   
7     ,5      ,172  ,127      ,13.608 ,11.669 ,1.166   
7     ,5      ,176  ,127      ,13.673 ,11.597 ,1.179   
7     ,5      ,180  ,127      ,13.556 ,11.591 ,1.17    
7     ,5      ,184  ,127      ,12.425 ,11.562 ,1.075   
7     ,5      ,188  ,127      ,13.268 ,10.075 ,1.317   
7     ,5      ,192  ,127      ,13.184 ,12.463 ,1.058   
7     ,5      ,196  ,127      ,13.345 ,12.795 ,1.043   
7     ,5      ,20   ,127      ,6.041  ,7.88   ,0.767   
7     ,5      ,200  ,127      ,13.23  ,12.762 ,1.037   
7     ,5      ,204  ,127      ,13.275 ,11.966 ,1.109   
7     ,5      ,208  ,127      ,13.289 ,12.035 ,1.104   
7     ,5      ,212  ,127      ,13.35  ,12.025 ,1.11    
7     ,5      ,216  ,127      ,11.908 ,12.086 ,0.985   
7     ,5      ,220  ,127      ,12.954 ,10.737 ,1.206   
7     ,5      ,224  ,127      ,12.959 ,12.673 ,1.023   
7     ,5      ,228  ,127      ,12.849 ,12.858 ,0.999   
7     ,5      ,232  ,127      ,13.052 ,12.628 ,1.034   
7     ,5      ,236  ,127      ,12.986 ,11.965 ,1.085   
7     ,5      ,24   ,127      ,6.023  ,7.841  ,0.768   
7     ,5      ,240  ,127      ,12.946 ,12.012 ,1.078   
7     ,5      ,244  ,127      ,13.103 ,12.114 ,1.082   
7     ,5      ,248  ,127      ,12.658 ,12.013 ,1.054   
7     ,5      ,252  ,127      ,15.697 ,15.341 ,1.023   
7     ,5      ,256  ,127      ,15.676 ,16.568 ,0.946   
7     ,5      ,260  ,127      ,15.779 ,16.372 ,0.964   
7     ,5      ,264  ,127      ,15.879 ,16.337 ,0.972   
7     ,5      ,268  ,127      ,15.847 ,16.261 ,0.975   
7     ,5      ,272  ,127      ,15.751 ,16.332 ,0.964   
7     ,5      ,276  ,127      ,15.777 ,16.351 ,0.965   
7     ,5      ,28   ,127      ,6.014  ,7.832  ,0.768   
7     ,5      ,280  ,127      ,14.081 ,16.204 ,0.869   
7     ,5      ,284  ,127      ,15.284 ,16.396 ,0.932   
7     ,5      ,288  ,127      ,15.217 ,17.38  ,0.876   
7     ,5      ,292  ,127      ,15.278 ,17.434 ,0.876   
7     ,5      ,296  ,127      ,15.331 ,17.358 ,0.883   
7     ,5      ,300  ,127      ,15.431 ,17.368 ,0.888   
7     ,5      ,304  ,127      ,15.358 ,17.342 ,0.886   
7     ,5      ,308  ,127      ,15.295 ,17.383 ,0.88    
7     ,5      ,312  ,127      ,14.386 ,17.189 ,0.837   
7     ,5      ,316  ,127      ,16.942 ,17.105 ,0.99    
7     ,5      ,32   ,127      ,7.21   ,5.466  ,1.319   
7     ,5      ,320  ,127      ,16.784 ,17.89  ,0.938   
7     ,5      ,324  ,127      ,16.784 ,17.884 ,0.938   
7     ,5      ,328  ,127      ,16.848 ,17.901 ,0.941   
7     ,5      ,332  ,127      ,16.806 ,17.824 ,0.943   
7     ,5      ,336  ,127      ,16.723 ,17.909 ,0.934   
7     ,5      ,340  ,127      ,16.807 ,17.778 ,0.945   
7     ,5      ,344  ,127      ,14.842 ,17.809 ,0.833   
7     ,5      ,348  ,127      ,16.407 ,17.839 ,0.92    
7     ,5      ,352  ,127      ,16.405 ,18.769 ,0.874   
7     ,5      ,356  ,127      ,16.535 ,18.284 ,0.904   
7     ,5      ,36   ,127      ,7.233  ,9.194  ,0.787   
7     ,5      ,360  ,127      ,16.36  ,18.276 ,0.895   
7     ,5      ,364  ,127      ,16.363 ,18.233 ,0.897   
7     ,5      ,368  ,127      ,16.443 ,18.136 ,0.907   
7     ,5      ,372  ,127      ,16.403 ,18.251 ,0.899   
7     ,5      ,376  ,127      ,15.598 ,18.207 ,0.857   
7     ,5      ,380  ,127      ,18.937 ,17.51  ,1.082   
7     ,5      ,384  ,127      ,18.905 ,18.31  ,1.033   
7     ,5      ,388  ,127      ,18.887 ,18.442 ,1.024   
7     ,5      ,392  ,127      ,18.928 ,18.28  ,1.035   
7     ,5      ,396  ,127      ,18.846 ,18.361 ,1.026   
7     ,5      ,40   ,127      ,7.209  ,9.547  ,0.755   
7     ,5      ,400  ,127      ,18.842 ,18.3   ,1.03    
7     ,5      ,404  ,127      ,18.942 ,18.432 ,1.028   
7     ,5      ,408  ,127      ,16.771 ,18.588 ,0.902   
7     ,5      ,412  ,127      ,18.451 ,18.244 ,1.011   
7     ,5      ,416  ,127      ,18.622 ,18.594 ,1.001   
7     ,5      ,420  ,127      ,18.359 ,19.005 ,0.966   
7     ,5      ,424  ,127      ,18.561 ,18.768 ,0.989   
7     ,5      ,428  ,127      ,18.466 ,18.777 ,0.983   
7     ,5      ,432  ,127      ,18.461 ,18.739 ,0.985   
7     ,5      ,436  ,127      ,18.507 ,18.867 ,0.981   
7     ,5      ,44   ,127      ,7.272  ,9.528  ,0.763   
7     ,5      ,440  ,127      ,17.347 ,18.735 ,0.926   
7     ,5      ,444  ,127      ,20.172 ,19.375 ,1.041   
7     ,5      ,448  ,127      ,20.164 ,19.496 ,1.034   
7     ,5      ,452  ,127      ,20.115 ,19.556 ,1.029   
7     ,5      ,456  ,127      ,20.039 ,19.55  ,1.025   
7     ,5      ,460  ,127      ,20.002 ,19.412 ,1.03    
7     ,5      ,464  ,127      ,20.045 ,19.447 ,1.031   
7     ,5      ,468  ,127      ,20.049 ,19.35  ,1.036   
7     ,5      ,472  ,127      ,18.045 ,19.298 ,0.935   
7     ,5      ,476  ,127      ,20.467 ,19.852 ,1.031   
7     ,5      ,48   ,127      ,7.249  ,9.53   ,0.761   
7     ,5      ,480  ,127      ,20.437 ,20.097 ,1.017   
7     ,5      ,484  ,127      ,20.347 ,19.942 ,1.02    
7     ,5      ,488  ,127      ,20.321 ,20.0   ,1.016   
7     ,5      ,492  ,127      ,20.333 ,19.813 ,1.026   
7     ,5      ,496  ,127      ,20.381 ,19.785 ,1.03    
7     ,5      ,500  ,127      ,20.367 ,19.807 ,1.028   
7     ,5      ,504  ,127      ,19.023 ,19.902 ,0.956   
7     ,5      ,508  ,127      ,21.809 ,19.325 ,1.129   
7     ,5      ,512  ,127      ,21.787 ,19.826 ,1.099   
7     ,5      ,52   ,127      ,7.257  ,9.536  ,0.761   
7     ,5      ,56   ,127      ,7.318  ,9.54   ,0.767   
7     ,5      ,60   ,127      ,9.558  ,10.828 ,0.883   
7     ,5      ,64   ,127      ,8.438  ,10.498 ,0.804   
7     ,5      ,68   ,127      ,8.295  ,11.249 ,0.737   
7     ,5      ,72   ,127      ,8.287  ,10.95  ,0.757   
7     ,5      ,76   ,127      ,8.454  ,11.255 ,0.751   
7     ,5      ,80   ,127      ,8.224  ,11.229 ,0.732   
7     ,5      ,84   ,127      ,8.312  ,10.794 ,0.77    
7     ,5      ,88   ,127      ,7.169  ,10.297 ,0.696   
7     ,5      ,92   ,127      ,8.091  ,8.607  ,0.94    
7     ,5      ,96   ,127      ,8.072  ,10.446 ,0.773   
7     ,6      ,1024 ,127      ,35.663 ,31.744 ,1.123   
7     ,7      ,1024 ,127      ,24.998 ,24.683 ,1.013   
0.9217691297839112
