
Results For: stpncpy
align1,align2 ,len  ,max_char ,n    ,new    ,old    ,new/old 
0     ,0      ,1024 ,127      ,1024 ,22.229 ,25.229 ,0.881   
0     ,0      ,1024 ,127      ,1056 ,26.593 ,31.402 ,0.847   
0     ,0      ,1024 ,127      ,1088 ,21.722 ,31.37  ,0.692   
0     ,0      ,1024 ,127      ,512  ,15.87  ,16.394 ,0.968   
0     ,0      ,1024 ,127      ,960  ,21.728 ,27.895 ,0.779   
0     ,0      ,1024 ,127      ,992  ,22.177 ,28.092 ,0.789   
0     ,0      ,1056 ,127      ,1024 ,22.18  ,25.279 ,0.877   
0     ,0      ,1088 ,127      ,1024 ,22.148 ,25.199 ,0.879   
0     ,0      ,128  ,127      ,128  ,6.765  ,9.132  ,0.741   
0     ,0      ,128  ,127      ,160  ,9.779  ,12.715 ,0.769   
0     ,0      ,128  ,127      ,192  ,8.288  ,13.041 ,0.636   
0     ,0      ,128  ,127      ,256  ,8.612  ,13.612 ,0.633   
0     ,0      ,128  ,127      ,64   ,5.172  ,6.604  ,0.783   
0     ,0      ,128  ,127      ,96   ,6.017  ,8.074  ,0.745   
0     ,0      ,16   ,127      ,32   ,5.768  ,11.506 ,0.501   
0     ,0      ,160  ,127      ,128  ,6.785  ,8.868  ,0.765   
0     ,0      ,192  ,127      ,128  ,6.79   ,8.902  ,0.763   
0     ,0      ,192  ,127      ,256  ,9.694  ,14.98  ,0.647   
0     ,0      ,2048 ,127      ,1024 ,22.925 ,25.241 ,0.908   
0     ,0      ,224  ,127      ,256  ,11.127 ,15.606 ,0.713   
0     ,0      ,256  ,127      ,128  ,6.695  ,8.889  ,0.753   
0     ,0      ,256  ,127      ,192  ,8.517  ,10.719 ,0.795   
0     ,0      ,256  ,127      ,224  ,9.126  ,11.794 ,0.774   
0     ,0      ,256  ,127      ,256  ,10.27  ,12.718 ,0.808   
0     ,0      ,256  ,127      ,288  ,12.202 ,19.344 ,0.631   
0     ,0      ,256  ,127      ,320  ,12.423 ,18.912 ,0.657   
0     ,0      ,256  ,127      ,512  ,14.468 ,19.671 ,0.736   
0     ,0      ,288  ,127      ,256  ,10.147 ,12.706 ,0.799   
0     ,0      ,32   ,127      ,16   ,4.807  ,5.788  ,0.831   
0     ,0      ,32   ,127      ,64   ,7.243  ,9.456  ,0.766   
0     ,0      ,320  ,127      ,256  ,10.246 ,12.737 ,0.804   
0     ,0      ,448  ,127      ,512  ,15.38  ,21.393 ,0.719   
0     ,0      ,480  ,127      ,512  ,18.151 ,20.988 ,0.865   
0     ,0      ,512  ,127      ,1024 ,20.031 ,24.738 ,0.81    
0     ,0      ,512  ,127      ,256  ,9.741  ,12.558 ,0.776   
0     ,0      ,512  ,127      ,448  ,14.537 ,18.65  ,0.779   
0     ,0      ,512  ,127      ,480  ,15.807 ,18.78  ,0.842   
0     ,0      ,512  ,127      ,512  ,15.824 ,16.644 ,0.951   
0     ,0      ,512  ,127      ,544  ,19.819 ,22.634 ,0.876   
0     ,0      ,512  ,127      ,576  ,16.199 ,22.316 ,0.726   
0     ,0      ,544  ,127      ,512  ,15.873 ,16.65  ,0.953   
0     ,0      ,576  ,127      ,512  ,15.803 ,16.707 ,0.946   
0     ,0      ,64   ,127      ,128  ,6.721  ,11.488 ,0.585   
0     ,0      ,64   ,127      ,32   ,4.625  ,6.306  ,0.733   
0     ,0      ,8    ,127      ,16   ,5.919  ,11.198 ,0.529   
0     ,0      ,96   ,127      ,128  ,8.763  ,11.612 ,0.755   
0     ,0      ,960  ,127      ,1024 ,22.376 ,30.193 ,0.741   
0     ,0      ,992  ,127      ,1024 ,25.0   ,29.606 ,0.844   
0     ,4      ,16   ,127      ,16   ,4.961  ,6.996  ,0.709   
0     ,4      ,32   ,127      ,16   ,4.902  ,5.744  ,0.853   
1     ,0      ,1024 ,127      ,1024 ,34.958 ,30.686 ,1.139   
1     ,0      ,1024 ,127      ,1056 ,36.793 ,31.499 ,1.168   
1     ,0      ,1024 ,127      ,1088 ,37.397 ,31.842 ,1.174   
1     ,0      ,1024 ,127      ,960  ,33.015 ,28.094 ,1.175   
1     ,0      ,1024 ,127      ,992  ,35.089 ,28.645 ,1.225   
1     ,0      ,1056 ,127      ,1024 ,35.045 ,29.752 ,1.178   
1     ,0      ,1088 ,127      ,1024 ,34.809 ,29.791 ,1.168   
1     ,0      ,128  ,127      ,128  ,9.183  ,11.46  ,0.801   
1     ,0      ,128  ,127      ,160  ,9.134  ,12.762 ,0.716   
1     ,0      ,128  ,127      ,192  ,9.026  ,13.633 ,0.662   
1     ,0      ,128  ,127      ,64   ,7.765  ,8.443  ,0.92    
1     ,0      ,128  ,127      ,96   ,7.503  ,9.555  ,0.785   
1     ,0      ,160  ,127      ,128  ,9.083  ,10.611 ,0.856   
1     ,0      ,192  ,127      ,128  ,9.11   ,10.684 ,0.853   
1     ,0      ,192  ,127      ,256  ,10.617 ,16.635 ,0.638   
1     ,0      ,224  ,127      ,256  ,12.666 ,16.407 ,0.772   
1     ,0      ,256  ,127      ,192  ,10.47  ,13.282 ,0.788   
1     ,0      ,256  ,127      ,224  ,10.648 ,14.315 ,0.744   
1     ,0      ,256  ,127      ,256  ,12.305 ,17.167 ,0.717   
1     ,0      ,256  ,127      ,288  ,16.706 ,18.699 ,0.893   
1     ,0      ,256  ,127      ,320  ,14.133 ,20.015 ,0.706   
1     ,0      ,288  ,127      ,256  ,12.272 ,17.295 ,0.71    
1     ,0      ,320  ,127      ,256  ,12.277 ,17.385 ,0.706   
1     ,0      ,448  ,127      ,512  ,18.642 ,21.998 ,0.847   
1     ,0      ,480  ,127      ,512  ,19.754 ,21.794 ,0.906   
1     ,0      ,512  ,127      ,448  ,17.94  ,19.601 ,0.915   
1     ,0      ,512  ,127      ,480  ,18.483 ,19.819 ,0.933   
1     ,0      ,512  ,127      ,512  ,19.466 ,21.629 ,0.9     
1     ,0      ,512  ,127      ,544  ,22.767 ,21.807 ,1.044   
1     ,0      ,512  ,127      ,576  ,20.437 ,22.661 ,0.902   
1     ,0      ,544  ,127      ,512  ,19.49  ,20.609 ,0.946   
1     ,0      ,576  ,127      ,512  ,19.379 ,20.661 ,0.938   
1     ,0      ,64   ,127      ,128  ,7.175  ,11.996 ,0.598   
1     ,0      ,96   ,127      ,128  ,9.136  ,11.605 ,0.787   
1     ,0      ,960  ,127      ,1024 ,35.085 ,29.998 ,1.17    
1     ,0      ,992  ,127      ,1024 ,35.665 ,29.432 ,1.212   
1     ,1      ,16   ,127      ,16   ,4.708  ,7.789  ,0.604   
1     ,2      ,16   ,127      ,16   ,5.005  ,6.987  ,0.716   
1     ,6      ,128  ,127      ,256  ,11.309 ,15.302 ,0.739   
1     ,6      ,2048 ,127      ,1024 ,36.141 ,30.646 ,1.179   
1     ,6      ,512  ,127      ,1024 ,27.356 ,25.374 ,1.078   
2     ,1      ,16   ,127      ,16   ,4.802  ,7.037  ,0.682   
2     ,2      ,16   ,127      ,16   ,4.721  ,6.926  ,0.682   
2     ,3      ,64   ,127      ,32   ,4.869  ,6.478  ,0.752   
2     ,4      ,1024 ,127      ,512  ,20.842 ,22.336 ,0.933   
2     ,4      ,16   ,127      ,16   ,4.962  ,7.192  ,0.69    
2     ,4      ,256  ,127      ,512  ,18.816 ,21.914 ,0.859   
2     ,4      ,64   ,127      ,128  ,8.508  ,12.782 ,0.666   
2     ,5      ,16   ,127      ,16   ,4.972  ,7.018  ,0.708   
2     ,7      ,4    ,127      ,2    ,6.243  ,6.901  ,0.905   
3     ,2      ,128  ,127      ,256  ,10.238 ,13.921 ,0.735   
3     ,2      ,32   ,127      ,64   ,9.068  ,9.208  ,0.985   
3     ,2      ,512  ,127      ,256  ,12.95  ,17.365 ,0.746   
3     ,3      ,16   ,127      ,16   ,4.76   ,6.934  ,0.686   
3     ,6      ,16   ,127      ,16   ,4.977  ,6.981  ,0.713   
4     ,0      ,16   ,127      ,16   ,4.807  ,6.962  ,0.69    
4     ,0      ,16   ,127      ,32   ,5.829  ,11.568 ,0.504   
4     ,0      ,256  ,127      ,128  ,9.224  ,10.786 ,0.855   
4     ,0      ,64   ,127      ,128  ,7.086  ,12.036 ,0.589   
4     ,2      ,128  ,127      ,64   ,8.349  ,8.852  ,0.943   
4     ,2      ,16   ,127      ,16   ,4.841  ,6.997  ,0.692   
4     ,4      ,16   ,127      ,16   ,4.786  ,6.968  ,0.687   
4     ,6      ,16   ,127      ,16   ,4.971  ,6.998  ,0.71    
4     ,6      ,8    ,127      ,4    ,5.166  ,6.859  ,0.753   
5     ,2      ,16   ,127      ,16   ,4.799  ,6.998  ,0.686   
5     ,5      ,16   ,127      ,16   ,4.767  ,6.99   ,0.682   
5     ,6      ,128  ,127      ,64   ,9.245  ,8.938  ,1.034   
5     ,6      ,32   ,127      ,64   ,8.52   ,10.52  ,0.81    
5     ,6      ,8    ,127      ,16   ,5.898  ,10.976 ,0.537   
6     ,1      ,256  ,127      ,128  ,9.756  ,10.845 ,0.9     
6     ,3      ,16   ,127      ,16   ,4.806  ,6.995  ,0.687   
6     ,4      ,16   ,127      ,16   ,4.882  ,7.008  ,0.697   
6     ,4      ,16   ,127      ,32   ,5.813  ,11.563 ,0.503   
6     ,4      ,4    ,127      ,8    ,5.885  ,11.74  ,0.501   
6     ,4      ,64   ,127      ,32   ,4.64   ,6.339  ,0.732   
6     ,5      ,16   ,127      ,8    ,5.103  ,7.5    ,0.68    
6     ,6      ,16   ,127      ,16   ,4.84   ,7.035  ,0.688   
6     ,7      ,16   ,127      ,16   ,5.032  ,7.011  ,0.718   
7     ,2      ,2    ,127      ,4    ,4.642  ,9.342  ,0.497   
7     ,2      ,32   ,127      ,16   ,4.806  ,6.316  ,0.761   
7     ,2      ,8    ,127      ,16   ,5.865  ,11.207 ,0.523   
7     ,6      ,16   ,127      ,16   ,4.83   ,6.985  ,0.691   
7     ,7      ,16   ,127      ,16   ,4.875  ,7.081  ,0.688   
0.7797931180868668
