
Results For: strcpy
align1,align2 ,len  ,max_char ,new    ,old    ,new/old 
0     ,0      ,0    ,127      ,3.806  ,4.425  ,0.86    
0     ,0      ,1    ,127      ,4.701  ,5.061  ,0.929   
0     ,0      ,10   ,127      ,5.213  ,7.826  ,0.666   
0     ,0      ,1024 ,127      ,24.724 ,24.206 ,1.021   
0     ,0      ,11   ,127      ,5.217  ,7.806  ,0.668   
0     ,0      ,12   ,127      ,5.226  ,7.93   ,0.659   
0     ,0      ,128  ,127      ,8.466  ,7.944  ,1.066   
0     ,0      ,13   ,127      ,5.241  ,7.816  ,0.671   
0     ,0      ,14   ,127      ,5.229  ,7.847  ,0.666   
0     ,0      ,15   ,127      ,4.97   ,6.674  ,0.745   
0     ,0      ,16   ,127      ,5.371  ,8.168  ,0.658   
0     ,0      ,2    ,127      ,4.698  ,4.994  ,0.941   
0     ,0      ,256  ,127      ,12.575 ,12.575 ,1.0     
0     ,0      ,3    ,127      ,5.204  ,4.874  ,1.068   
0     ,0      ,32   ,127      ,5.364  ,5.74   ,0.934   
0     ,0      ,4    ,127      ,5.294  ,7.539  ,0.702   
0     ,0      ,5    ,127      ,5.234  ,7.413  ,0.706   
0     ,0      ,512  ,127      ,17.663 ,16.342 ,1.081   
0     ,0      ,6    ,127      ,5.241  ,7.484  ,0.7     
0     ,0      ,64   ,127      ,7.42   ,6.798  ,1.091   
0     ,0      ,7    ,127      ,4.921  ,6.589  ,0.747   
0     ,0      ,8    ,127      ,5.304  ,8.007  ,0.662   
0     ,0      ,9    ,127      ,5.197  ,7.744  ,0.671   
0     ,1      ,1    ,127      ,4.726  ,5.137  ,0.92    
0     ,1      ,9    ,127      ,5.197  ,7.848  ,0.662   
0     ,2      ,10   ,127      ,5.255  ,7.778  ,0.676   
0     ,2      ,2    ,127      ,4.722  ,5.101  ,0.926   
0     ,3      ,11   ,127      ,5.221  ,7.78   ,0.671   
0     ,3      ,3    ,127      ,5.198  ,4.916  ,1.057   
0     ,4      ,100  ,127      ,8.233  ,11.566 ,0.712   
0     ,4      ,104  ,127      ,8.198  ,11.558 ,0.709   
0     ,4      ,108  ,127      ,8.217  ,10.631 ,0.773   
0     ,4      ,112  ,127      ,8.236  ,11.623 ,0.709   
0     ,4      ,116  ,127      ,8.328  ,10.872 ,0.766   
0     ,4      ,12   ,127      ,5.237  ,7.334  ,0.714   
0     ,4      ,120  ,127      ,8.254  ,10.769 ,0.766   
0     ,4      ,124  ,127      ,8.241  ,10.628 ,0.775   
0     ,4      ,128  ,127      ,10.058 ,9.16   ,1.098   
0     ,4      ,132  ,127      ,9.464  ,12.904 ,0.733   
0     ,4      ,136  ,127      ,9.506  ,12.345 ,0.77    
0     ,4      ,140  ,127      ,9.505  ,10.872 ,0.874   
0     ,4      ,144  ,127      ,9.458  ,12.343 ,0.766   
0     ,4      ,148  ,127      ,9.482  ,10.989 ,0.863   
0     ,4      ,152  ,127      ,9.487  ,10.967 ,0.865   
0     ,4      ,156  ,127      ,9.362  ,10.917 ,0.858   
0     ,4      ,16   ,127      ,5.477  ,8.388  ,0.653   
0     ,4      ,160  ,127      ,13.549 ,9.923  ,1.365   
0     ,4      ,164  ,127      ,12.605 ,13.075 ,0.964   
0     ,4      ,168  ,127      ,12.673 ,12.929 ,0.98    
0     ,4      ,172  ,127      ,12.708 ,11.343 ,1.12    
0     ,4      ,176  ,127      ,12.705 ,13.162 ,0.965   
0     ,4      ,180  ,127      ,12.647 ,11.147 ,1.134   
0     ,4      ,184  ,127      ,12.708 ,11.229 ,1.132   
0     ,4      ,188  ,127      ,12.618 ,12.747 ,0.99    
0     ,4      ,192  ,127      ,15.008 ,10.861 ,1.382   
0     ,4      ,196  ,127      ,12.822 ,14.131 ,0.907   
0     ,4      ,20   ,127      ,5.689  ,8.31   ,0.685   
0     ,4      ,200  ,127      ,12.801 ,13.332 ,0.96    
0     ,4      ,204  ,127      ,12.853 ,11.635 ,1.105   
0     ,4      ,208  ,127      ,12.828 ,13.352 ,0.961   
0     ,4      ,212  ,127      ,12.906 ,11.54  ,1.118   
0     ,4      ,216  ,127      ,12.906 ,11.535 ,1.119   
0     ,4      ,220  ,127      ,12.605 ,11.521 ,1.094   
0     ,4      ,224  ,127      ,14.003 ,11.586 ,1.209   
0     ,4      ,228  ,127      ,13.087 ,13.601 ,0.962   
0     ,4      ,232  ,127      ,13.081 ,13.077 ,1.0     
0     ,4      ,236  ,127      ,13.121 ,11.969 ,1.096   
0     ,4      ,24   ,127      ,5.434  ,8.223  ,0.661   
0     ,4      ,240  ,127      ,13.18  ,13.095 ,1.006   
0     ,4      ,244  ,127      ,13.166 ,12.176 ,1.081   
0     ,4      ,248  ,127      ,13.141 ,12.049 ,1.091   
0     ,4      ,252  ,127      ,13.955 ,12.081 ,1.155   
0     ,4      ,256  ,127      ,17.224 ,13.986 ,1.232   
0     ,4      ,260  ,127      ,16.152 ,15.168 ,1.065   
0     ,4      ,264  ,127      ,16.071 ,14.576 ,1.103   
0     ,4      ,268  ,127      ,16.116 ,14.201 ,1.135   
0     ,4      ,272  ,127      ,16.113 ,14.564 ,1.106   
0     ,4      ,276  ,127      ,16.148 ,14.118 ,1.144   
0     ,4      ,28   ,127      ,5.441  ,7.634  ,0.713   
0     ,4      ,280  ,127      ,16.149 ,14.166 ,1.14    
0     ,4      ,284  ,127      ,15.987 ,14.189 ,1.127   
0     ,4      ,288  ,127      ,15.317 ,14.46  ,1.059   
0     ,4      ,292  ,127      ,14.175 ,15.62  ,0.907   
0     ,4      ,296  ,127      ,14.143 ,15.108 ,0.936   
0     ,4      ,300  ,127      ,14.116 ,14.759 ,0.956   
0     ,4      ,304  ,127      ,14.14  ,15.054 ,0.939   
0     ,4      ,308  ,127      ,14.154 ,14.749 ,0.96    
0     ,4      ,312  ,127      ,14.076 ,14.824 ,0.95    
0     ,4      ,316  ,127      ,14.436 ,15.305 ,0.943   
0     ,4      ,32   ,127      ,6.432  ,5.808  ,1.107   
0     ,4      ,320  ,127      ,18.413 ,14.802 ,1.244   
0     ,4      ,324  ,127      ,17.186 ,16.359 ,1.051   
0     ,4      ,328  ,127      ,16.942 ,16.126 ,1.051   
0     ,4      ,332  ,127      ,16.974 ,15.685 ,1.082   
0     ,4      ,336  ,127      ,17.012 ,16.098 ,1.057   
0     ,4      ,340  ,127      ,17.01  ,15.476 ,1.099   
0     ,4      ,344  ,127      ,17.021 ,15.495 ,1.098   
0     ,4      ,348  ,127      ,16.544 ,15.509 ,1.067   
0     ,4      ,352  ,127      ,17.254 ,15.323 ,1.126   
0     ,4      ,356  ,127      ,16.36  ,16.991 ,0.963   
0     ,4      ,36   ,127      ,6.495  ,8.283  ,0.784   
0     ,4      ,360  ,127      ,16.436 ,16.722 ,0.983   
0     ,4      ,364  ,127      ,16.396 ,16.018 ,1.024   
0     ,4      ,368  ,127      ,16.385 ,16.966 ,0.966   
0     ,4      ,372  ,127      ,16.36  ,16.064 ,1.018   
0     ,4      ,376  ,127      ,16.433 ,16.107 ,1.02    
0     ,4      ,380  ,127      ,16.508 ,16.244 ,1.016   
0     ,4      ,384  ,127      ,21.103 ,15.462 ,1.365   
0     ,4      ,388  ,127      ,19.806 ,18.242 ,1.086   
0     ,4      ,392  ,127      ,19.803 ,18.13  ,1.092   
0     ,4      ,396  ,127      ,19.809 ,17.515 ,1.131   
0     ,4      ,4    ,127      ,4.953  ,5.903  ,0.839   
0     ,4      ,40   ,127      ,6.572  ,8.859  ,0.742   
0     ,4      ,400  ,127      ,19.76  ,18.951 ,1.043   
0     ,4      ,404  ,127      ,19.839 ,17.654 ,1.124   
0     ,4      ,408  ,127      ,19.591 ,16.915 ,1.158   
0     ,4      ,412  ,127      ,19.388 ,17.043 ,1.138   
0     ,4      ,416  ,127      ,17.976 ,16.304 ,1.103   
0     ,4      ,420  ,127      ,17.267 ,19.484 ,0.886   
0     ,4      ,424  ,127      ,17.311 ,19.66  ,0.88    
0     ,4      ,428  ,127      ,17.355 ,17.943 ,0.967   
0     ,4      ,432  ,127      ,17.35  ,19.597 ,0.885   
0     ,4      ,436  ,127      ,17.301 ,18.471 ,0.937   
0     ,4      ,44   ,127      ,6.585  ,8.185  ,0.804   
0     ,4      ,440  ,127      ,17.311 ,18.424 ,0.94    
0     ,4      ,444  ,127      ,17.833 ,18.218 ,0.979   
0     ,4      ,448  ,127      ,22.087 ,17.101 ,1.292   
0     ,4      ,452  ,127      ,20.701 ,19.99  ,1.036   
0     ,4      ,456  ,127      ,20.696 ,19.855 ,1.042   
0     ,4      ,460  ,127      ,20.703 ,18.577 ,1.114   
0     ,4      ,464  ,127      ,20.698 ,20.007 ,1.035   
0     ,4      ,468  ,127      ,20.698 ,18.721 ,1.106   
0     ,4      ,472  ,127      ,20.656 ,18.763 ,1.101   
0     ,4      ,476  ,127      ,20.269 ,18.895 ,1.073   
0     ,4      ,48   ,127      ,6.524  ,8.929  ,0.731   
0     ,4      ,480  ,127      ,20.706 ,17.731 ,1.168   
0     ,4      ,484  ,127      ,19.716 ,20.655 ,0.955   
0     ,4      ,488  ,127      ,19.693 ,20.729 ,0.95    
0     ,4      ,492  ,127      ,19.788 ,19.328 ,1.024   
0     ,4      ,496  ,127      ,19.755 ,20.945 ,0.943   
0     ,4      ,500  ,127      ,19.757 ,19.454 ,1.016   
0     ,4      ,504  ,127      ,19.689 ,19.502 ,1.01    
0     ,4      ,508  ,127      ,20.045 ,19.332 ,1.037   
0     ,4      ,512  ,127      ,25.062 ,18.547 ,1.351   
0     ,4      ,52   ,127      ,6.632  ,8.595  ,0.772   
0     ,4      ,56   ,127      ,6.619  ,8.639  ,0.766   
0     ,4      ,60   ,127      ,6.2    ,8.471  ,0.732   
0     ,4      ,64   ,127      ,8.622  ,7.463  ,1.155   
0     ,4      ,68   ,127      ,7.812  ,10.467 ,0.746   
0     ,4      ,72   ,127      ,7.811  ,10.348 ,0.755   
0     ,4      ,76   ,127      ,7.832  ,10.185 ,0.769   
0     ,4      ,80   ,127      ,7.831  ,10.255 ,0.764   
0     ,4      ,84   ,127      ,7.861  ,10.208 ,0.77    
0     ,4      ,88   ,127      ,7.849  ,10.304 ,0.762   
0     ,4      ,92   ,127      ,7.587  ,10.317 ,0.735   
0     ,4      ,96   ,127      ,8.88   ,8.366  ,1.061   
0     ,5      ,13   ,127      ,5.23   ,7.374  ,0.709   
0     ,5      ,5    ,127      ,4.853  ,5.771  ,0.841   
0     ,6      ,14   ,127      ,5.238  ,7.519  ,0.697   
0     ,6      ,6    ,127      ,4.876  ,5.761  ,0.846   
0     ,7      ,15   ,127      ,5.255  ,7.403  ,0.71    
0     ,7      ,7    ,127      ,4.877  ,5.732  ,0.851   
1     ,0      ,1    ,127      ,4.747  ,5.089  ,0.933   
1     ,0      ,1024 ,127      ,35.593 ,33.529 ,1.062   
1     ,0      ,128  ,127      ,8.774  ,8.795  ,0.998   
1     ,0      ,16   ,127      ,5.421  ,8.021  ,0.676   
1     ,0      ,2    ,127      ,4.816  ,5.322  ,0.905   
1     ,0      ,256  ,127      ,14.632 ,12.734 ,1.149   
1     ,0      ,32   ,127      ,5.404  ,6.042  ,0.894   
1     ,0      ,4    ,127      ,5.476  ,7.831  ,0.699   
1     ,0      ,512  ,127      ,21.416 ,18.213 ,1.176   
1     ,0      ,64   ,127      ,7.419  ,7.414  ,1.001   
1     ,0      ,8    ,127      ,5.435  ,8.075  ,0.673   
1     ,0      ,9    ,127      ,5.189  ,7.702  ,0.674   
1     ,1      ,1    ,127      ,4.816  ,5.226  ,0.921   
1     ,1      ,16   ,127      ,5.325  ,7.889  ,0.675   
1     ,2      ,16   ,127      ,5.341  ,7.86   ,0.679   
1     ,6      ,1024 ,127      ,34.909 ,33.373 ,1.046   
1     ,7      ,100  ,127      ,8.219  ,10.987 ,0.748   
1     ,7      ,104  ,127      ,8.233  ,11.861 ,0.694   
1     ,7      ,108  ,127      ,8.234  ,10.993 ,0.749   
1     ,7      ,112  ,127      ,8.254  ,11.648 ,0.709   
1     ,7      ,116  ,127      ,8.251  ,11.208 ,0.736   
1     ,7      ,120  ,127      ,8.12   ,11.003 ,0.738   
1     ,7      ,124  ,127      ,8.209  ,11.283 ,0.728   
1     ,7      ,128  ,127      ,10.074 ,9.601  ,1.049   
1     ,7      ,132  ,127      ,9.487  ,13.347 ,0.711   
1     ,7      ,136  ,127      ,9.506  ,13.047 ,0.729   
1     ,7      ,140  ,127      ,9.488  ,11.776 ,0.806   
1     ,7      ,144  ,127      ,9.417  ,13.165 ,0.715   
1     ,7      ,148  ,127      ,9.445  ,11.822 ,0.799   
1     ,7      ,152  ,127      ,9.365  ,11.792 ,0.794   
1     ,7      ,156  ,127      ,9.396  ,11.833 ,0.794   
1     ,7      ,16   ,127      ,5.466  ,8.038  ,0.68    
1     ,7      ,160  ,127      ,13.45  ,10.452 ,1.287   
1     ,7      ,164  ,127      ,12.619 ,12.693 ,0.994   
1     ,7      ,168  ,127      ,12.733 ,12.77  ,0.997   
1     ,7      ,172  ,127      ,12.706 ,12.022 ,1.057   
1     ,7      ,176  ,127      ,12.643 ,12.886 ,0.981   
1     ,7      ,180  ,127      ,12.675 ,12.18  ,1.041   
1     ,7      ,184  ,127      ,12.501 ,12.125 ,1.031   
1     ,7      ,188  ,127      ,12.556 ,12.273 ,1.023   
1     ,7      ,192  ,127      ,15.104 ,11.503 ,1.313   
1     ,7      ,196  ,127      ,12.86  ,13.222 ,0.973   
1     ,7      ,20   ,127      ,5.496  ,8.048  ,0.683   
1     ,7      ,200  ,127      ,12.857 ,13.178 ,0.976   
1     ,7      ,204  ,127      ,12.855 ,13.128 ,0.979   
1     ,7      ,208  ,127      ,12.912 ,13.334 ,0.968   
1     ,7      ,212  ,127      ,12.94  ,13.038 ,0.992   
1     ,7      ,216  ,127      ,12.649 ,13.082 ,0.967   
1     ,7      ,220  ,127      ,12.724 ,13.109 ,0.971   
1     ,7      ,224  ,127      ,13.945 ,12.599 ,1.107   
1     ,7      ,228  ,127      ,13.085 ,13.223 ,0.99    
1     ,7      ,232  ,127      ,13.15  ,13.193 ,0.997   
1     ,7      ,236  ,127      ,13.141 ,12.627 ,1.041   
1     ,7      ,24   ,127      ,5.568  ,7.967  ,0.699   
1     ,7      ,240  ,127      ,13.219 ,13.167 ,1.004   
1     ,7      ,244  ,127      ,13.111 ,12.781 ,1.026   
1     ,7      ,248  ,127      ,13.07  ,12.615 ,1.036   
1     ,7      ,252  ,127      ,13.88  ,12.657 ,1.097   
1     ,7      ,256  ,127      ,17.273 ,14.709 ,1.174   
1     ,7      ,260  ,127      ,16.112 ,14.919 ,1.08    
1     ,7      ,264  ,127      ,16.038 ,15.074 ,1.064   
1     ,7      ,268  ,127      ,16.106 ,14.745 ,1.092   
1     ,7      ,272  ,127      ,16.11  ,15.209 ,1.059   
1     ,7      ,276  ,127      ,16.111 ,14.785 ,1.09    
1     ,7      ,28   ,127      ,5.431  ,7.752  ,0.701   
1     ,7      ,280  ,127      ,15.955 ,14.637 ,1.09    
1     ,7      ,284  ,127      ,16.061 ,14.648 ,1.096   
1     ,7      ,288  ,127      ,15.296 ,14.781 ,1.035   
1     ,7      ,292  ,127      ,14.145 ,15.553 ,0.909   
1     ,7      ,296  ,127      ,14.081 ,15.644 ,0.9     
1     ,7      ,300  ,127      ,14.209 ,15.058 ,0.944   
1     ,7      ,304  ,127      ,14.084 ,15.509 ,0.908   
1     ,7      ,308  ,127      ,14.073 ,15.244 ,0.923   
1     ,7      ,312  ,127      ,13.892 ,15.144 ,0.917   
1     ,7      ,316  ,127      ,14.846 ,15.56  ,0.954   
1     ,7      ,32   ,127      ,6.518  ,6.774  ,0.962   
1     ,7      ,320  ,127      ,18.134 ,15.151 ,1.197   
1     ,7      ,324  ,127      ,16.973 ,16.546 ,1.026   
1     ,7      ,328  ,127      ,17.313 ,16.545 ,1.046   
1     ,7      ,332  ,127      ,17.017 ,15.764 ,1.08    
1     ,7      ,336  ,127      ,17.111 ,16.677 ,1.026   
1     ,7      ,340  ,127      ,17.059 ,15.806 ,1.079   
1     ,7      ,344  ,127      ,16.67  ,15.739 ,1.059   
1     ,7      ,348  ,127      ,16.584 ,15.766 ,1.052   
1     ,7      ,352  ,127      ,17.255 ,15.63  ,1.104   
1     ,7      ,356  ,127      ,16.435 ,17.434 ,0.943   
1     ,7      ,36   ,127      ,6.504  ,9.966  ,0.653   
1     ,7      ,360  ,127      ,16.358 ,17.324 ,0.944   
1     ,7      ,364  ,127      ,16.412 ,16.262 ,1.009   
1     ,7      ,368  ,127      ,16.432 ,17.54  ,0.937   
1     ,7      ,372  ,127      ,16.419 ,16.313 ,1.007   
1     ,7      ,376  ,127      ,16.319 ,16.244 ,1.005   
1     ,7      ,380  ,127      ,16.609 ,16.342 ,1.016   
1     ,7      ,384  ,127      ,21.003 ,16.446 ,1.277   
1     ,7      ,388  ,127      ,19.756 ,18.489 ,1.068   
1     ,7      ,392  ,127      ,19.802 ,18.657 ,1.061   
1     ,7      ,396  ,127      ,19.849 ,17.963 ,1.105   
1     ,7      ,40   ,127      ,6.605  ,11.016 ,0.6     
1     ,7      ,400  ,127      ,19.798 ,19.786 ,1.001   
1     ,7      ,404  ,127      ,19.758 ,18.186 ,1.086   
1     ,7      ,408  ,127      ,19.166 ,17.574 ,1.091   
1     ,7      ,412  ,127      ,19.334 ,17.624 ,1.097   
1     ,7      ,416  ,127      ,18.062 ,16.98  ,1.064   
1     ,7      ,420  ,127      ,17.312 ,19.402 ,0.892   
1     ,7      ,424  ,127      ,17.348 ,19.561 ,0.887   
1     ,7      ,428  ,127      ,17.346 ,18.281 ,0.949   
1     ,7      ,432  ,127      ,17.427 ,20.123 ,0.866   
1     ,7      ,436  ,127      ,17.339 ,18.658 ,0.929   
1     ,7      ,44   ,127      ,6.641  ,10.967 ,0.606   
1     ,7      ,440  ,127      ,17.367 ,18.315 ,0.948   
1     ,7      ,444  ,127      ,17.831 ,18.653 ,0.956   
1     ,7      ,448  ,127      ,22.09  ,18.088 ,1.221   
1     ,7      ,452  ,127      ,20.747 ,20.222 ,1.026   
1     ,7      ,456  ,127      ,20.748 ,20.599 ,1.007   
1     ,7      ,460  ,127      ,20.844 ,19.137 ,1.089   
1     ,7      ,464  ,127      ,20.795 ,20.747 ,1.002   
1     ,7      ,468  ,127      ,20.743 ,19.329 ,1.073   
1     ,7      ,472  ,127      ,20.202 ,19.369 ,1.043   
1     ,7      ,476  ,127      ,20.286 ,19.316 ,1.05    
1     ,7      ,48   ,127      ,6.632  ,11.099 ,0.598   
1     ,7      ,480  ,127      ,20.752 ,18.222 ,1.139   
1     ,7      ,484  ,127      ,19.766 ,20.863 ,0.947   
1     ,7      ,488  ,127      ,19.686 ,21.036 ,0.936   
1     ,7      ,492  ,127      ,19.769 ,19.91  ,0.993   
1     ,7      ,496  ,127      ,19.769 ,21.304 ,0.928   
1     ,7      ,500  ,127      ,19.774 ,19.86  ,0.996   
1     ,7      ,504  ,127      ,19.213 ,19.856 ,0.968   
1     ,7      ,508  ,127      ,20.02  ,19.892 ,1.006   
1     ,7      ,512  ,127      ,25.707 ,18.7   ,1.375   
1     ,7      ,52   ,127      ,6.562  ,11.071 ,0.593   
1     ,7      ,56   ,127      ,6.66   ,10.26  ,0.649   
1     ,7      ,60   ,127      ,6.189  ,10.566 ,0.586   
1     ,7      ,64   ,127      ,8.62   ,8.227  ,1.048   
1     ,7      ,68   ,127      ,8.558  ,11.171 ,0.766   
1     ,7      ,72   ,127      ,7.872  ,11.684 ,0.674   
1     ,7      ,76   ,127      ,7.844  ,10.924 ,0.718   
1     ,7      ,80   ,127      ,7.847  ,11.65  ,0.674   
1     ,7      ,84   ,127      ,7.848  ,10.847 ,0.724   
1     ,7      ,88   ,127      ,7.603  ,10.936 ,0.695   
1     ,7      ,92   ,127      ,7.62   ,10.95  ,0.696   
1     ,7      ,96   ,127      ,8.836  ,8.728  ,1.012   
2     ,0      ,10   ,127      ,5.195  ,7.636  ,0.68    
2     ,0      ,2    ,127      ,3.791  ,4.868  ,0.779   
2     ,1      ,16   ,127      ,5.321  ,7.881  ,0.675   
2     ,2      ,100  ,127      ,7.368  ,11.118 ,0.663   
2     ,2      ,104  ,127      ,7.379  ,10.659 ,0.692   
2     ,2      ,108  ,127      ,7.351  ,10.61  ,0.693   
2     ,2      ,112  ,127      ,7.35   ,10.52  ,0.699   
2     ,2      ,116  ,127      ,7.386  ,10.485 ,0.705   
2     ,2      ,120  ,127      ,7.349  ,10.566 ,0.696   
2     ,2      ,124  ,127      ,7.392  ,10.457 ,0.707   
2     ,2      ,128  ,127      ,8.512  ,9.147  ,0.931   
2     ,2      ,132  ,127      ,8.455  ,12.398 ,0.682   
2     ,2      ,136  ,127      ,8.492  ,11.909 ,0.713   
2     ,2      ,140  ,127      ,8.475  ,11.889 ,0.713   
2     ,2      ,144  ,127      ,8.454  ,11.816 ,0.716   
2     ,2      ,148  ,127      ,8.466  ,11.933 ,0.709   
2     ,2      ,152  ,127      ,8.5    ,11.871 ,0.716   
2     ,2      ,156  ,127      ,8.499  ,11.9   ,0.714   
2     ,2      ,16   ,127      ,5.672  ,8.047  ,0.705   
2     ,2      ,160  ,127      ,10.956 ,9.235  ,1.186   
2     ,2      ,164  ,127      ,10.96  ,11.142 ,0.984   
2     ,2      ,168  ,127      ,11.063 ,10.955 ,1.01    
2     ,2      ,172  ,127      ,11.059 ,10.948 ,1.01    
2     ,2      ,176  ,127      ,11.006 ,10.935 ,1.006   
2     ,2      ,180  ,127      ,11.015 ,10.863 ,1.014   
2     ,2      ,184  ,127      ,11.057 ,11.042 ,1.001   
2     ,2      ,188  ,127      ,10.917 ,10.952 ,0.997   
2     ,2      ,192  ,127      ,11.569 ,9.596  ,1.206   
2     ,2      ,196  ,127      ,11.637 ,11.731 ,0.992   
2     ,2      ,2    ,127      ,4.829  ,5.161  ,0.936   
2     ,2      ,20   ,127      ,5.461  ,8.018  ,0.681   
2     ,2      ,200  ,127      ,11.637 ,11.164 ,1.042   
2     ,2      ,204  ,127      ,11.643 ,11.194 ,1.04    
2     ,2      ,208  ,127      ,11.642 ,11.317 ,1.029   
2     ,2      ,212  ,127      ,11.696 ,11.434 ,1.023   
2     ,2      ,216  ,127      ,11.67  ,11.396 ,1.024   
2     ,2      ,220  ,127      ,11.676 ,11.367 ,1.027   
2     ,2      ,224  ,127      ,11.191 ,10.387 ,1.077   
2     ,2      ,228  ,127      ,11.194 ,11.768 ,0.951   
2     ,2      ,232  ,127      ,11.195 ,11.158 ,1.003   
2     ,2      ,236  ,127      ,11.275 ,11.245 ,1.003   
2     ,2      ,24   ,127      ,5.435  ,7.991  ,0.68    
2     ,2      ,240  ,127      ,11.204 ,10.94  ,1.024   
2     ,2      ,244  ,127      ,11.177 ,10.985 ,1.018   
2     ,2      ,248  ,127      ,11.194 ,10.99  ,1.019   
2     ,2      ,252  ,127      ,11.15  ,10.987 ,1.015   
2     ,2      ,256  ,127      ,12.829 ,12.74  ,1.007   
2     ,2      ,260  ,127      ,12.811 ,12.779 ,1.002   
2     ,2      ,264  ,127      ,12.826 ,12.626 ,1.016   
2     ,2      ,268  ,127      ,12.857 ,12.713 ,1.011   
2     ,2      ,272  ,127      ,12.867 ,12.111 ,1.062   
2     ,2      ,276  ,127      ,12.798 ,12.139 ,1.054   
2     ,2      ,28   ,127      ,5.448  ,7.979  ,0.683   
2     ,2      ,280  ,127      ,12.84  ,12.171 ,1.055   
2     ,2      ,284  ,127      ,12.873 ,12.166 ,1.058   
2     ,2      ,288  ,127      ,11.629 ,12.872 ,0.903   
2     ,2      ,292  ,127      ,11.544 ,13.381 ,0.863   
2     ,2      ,296  ,127      ,11.49  ,13.036 ,0.881   
2     ,2      ,300  ,127      ,11.49  ,12.79  ,0.898   
2     ,2      ,304  ,127      ,11.518 ,12.755 ,0.903   
2     ,2      ,308  ,127      ,11.539 ,12.762 ,0.904   
2     ,2      ,312  ,127      ,11.456 ,12.765 ,0.897   
2     ,2      ,316  ,127      ,11.519 ,12.712 ,0.906   
2     ,2      ,32   ,127      ,6.487  ,5.676  ,1.143   
2     ,2      ,320  ,127      ,14.201 ,13.34  ,1.065   
2     ,2      ,324  ,127      ,14.15  ,13.913 ,1.017   
2     ,2      ,328  ,127      ,14.045 ,13.21  ,1.063   
2     ,2      ,332  ,127      ,14.108 ,13.242 ,1.065   
2     ,2      ,336  ,127      ,14.169 ,13.158 ,1.077   
2     ,2      ,340  ,127      ,14.216 ,13.243 ,1.073   
2     ,2      ,344  ,127      ,14.14  ,13.256 ,1.067   
2     ,2      ,348  ,127      ,14.149 ,13.234 ,1.069   
2     ,2      ,352  ,127      ,13.528 ,14.006 ,0.966   
2     ,2      ,356  ,127      ,13.528 ,14.457 ,0.936   
2     ,2      ,36   ,127      ,6.6    ,8.649  ,0.763   
2     ,2      ,360  ,127      ,13.524 ,13.695 ,0.988   
2     ,2      ,364  ,127      ,13.558 ,13.705 ,0.989   
2     ,2      ,368  ,127      ,13.498 ,13.704 ,0.985   
2     ,2      ,372  ,127      ,13.462 ,13.731 ,0.98    
2     ,2      ,376  ,127      ,13.463 ,13.727 ,0.981   
2     ,2      ,380  ,127      ,13.496 ,13.727 ,0.983   
2     ,2      ,384  ,127      ,16.197 ,14.496 ,1.117   
2     ,2      ,388  ,127      ,16.013 ,14.454 ,1.108   
2     ,2      ,392  ,127      ,16.054 ,14.29  ,1.123   
2     ,2      ,396  ,127      ,16.092 ,15.184 ,1.06    
2     ,2      ,40   ,127      ,6.403  ,9.496  ,0.674   
2     ,2      ,400  ,127      ,16.087 ,14.713 ,1.093   
2     ,2      ,404  ,127      ,16.051 ,14.765 ,1.087   
2     ,2      ,408  ,127      ,15.9   ,13.943 ,1.14    
2     ,2      ,412  ,127      ,16.091 ,14.017 ,1.148   
2     ,2      ,416  ,127      ,14.583 ,15.118 ,0.965   
2     ,2      ,420  ,127      ,14.515 ,14.97  ,0.97    
2     ,2      ,424  ,127      ,14.515 ,14.887 ,0.975   
2     ,2      ,428  ,127      ,14.556 ,14.888 ,0.978   
2     ,2      ,432  ,127      ,14.557 ,14.367 ,1.013   
2     ,2      ,436  ,127      ,14.766 ,14.402 ,1.025   
2     ,2      ,44   ,127      ,6.658  ,9.478  ,0.702   
2     ,2      ,440  ,127      ,14.543 ,14.438 ,1.007   
2     ,2      ,444  ,127      ,14.591 ,14.44  ,1.01    
2     ,2      ,448  ,127      ,17.098 ,15.168 ,1.127   
2     ,2      ,452  ,127      ,16.901 ,15.38  ,1.099   
2     ,2      ,456  ,127      ,16.905 ,15.065 ,1.122   
2     ,2      ,460  ,127      ,17.623 ,14.943 ,1.179   
2     ,2      ,464  ,127      ,16.936 ,14.929 ,1.134   
2     ,2      ,468  ,127      ,17.0   ,14.818 ,1.147   
2     ,2      ,472  ,127      ,16.945 ,14.816 ,1.144   
2     ,2      ,476  ,127      ,17.026 ,14.828 ,1.148   
2     ,2      ,48   ,127      ,6.575  ,9.723  ,0.676   
2     ,2      ,480  ,127      ,15.869 ,15.529 ,1.022   
2     ,2      ,484  ,127      ,15.682 ,15.961 ,0.983   
2     ,2      ,488  ,127      ,15.798 ,15.289 ,1.033   
2     ,2      ,492  ,127      ,15.866 ,15.371 ,1.032   
2     ,2      ,496  ,127      ,15.765 ,15.338 ,1.028   
2     ,2      ,500  ,127      ,15.794 ,15.449 ,1.022   
2     ,2      ,504  ,127      ,15.774 ,15.416 ,1.023   
2     ,2      ,508  ,127      ,15.8   ,15.358 ,1.029   
2     ,2      ,512  ,127      ,18.726 ,16.61  ,1.127   
2     ,2      ,52   ,127      ,6.531  ,9.663  ,0.676   
2     ,2      ,56   ,127      ,6.671  ,9.643  ,0.692   
2     ,2      ,60   ,127      ,6.49   ,9.619  ,0.675   
2     ,2      ,64   ,127      ,7.68   ,8.352  ,0.92    
2     ,2      ,68   ,127      ,7.643  ,10.467 ,0.73    
2     ,2      ,72   ,127      ,7.681  ,10.801 ,0.711   
2     ,2      ,76   ,127      ,7.641  ,10.751 ,0.711   
2     ,2      ,80   ,127      ,7.651  ,10.802 ,0.708   
2     ,2      ,84   ,127      ,7.687  ,10.754 ,0.715   
2     ,2      ,88   ,127      ,7.657  ,10.754 ,0.712   
2     ,2      ,92   ,127      ,7.644  ,10.74  ,0.712   
2     ,2      ,96   ,127      ,7.353  ,8.495  ,0.866   
2     ,4      ,32   ,127      ,6.346  ,6.736  ,0.942   
2     ,4      ,512  ,127      ,23.061 ,18.095 ,1.274   
2     ,5      ,256  ,127      ,15.832 ,14.557 ,1.088   
2     ,6      ,100  ,127      ,8.215  ,11.953 ,0.687   
2     ,6      ,104  ,127      ,8.213  ,11.752 ,0.699   
2     ,6      ,108  ,127      ,8.234  ,11.064 ,0.744   
2     ,6      ,112  ,127      ,8.251  ,11.697 ,0.705   
2     ,6      ,116  ,127      ,8.253  ,11.2   ,0.737   
2     ,6      ,120  ,127      ,8.278  ,11.182 ,0.74    
2     ,6      ,124  ,127      ,8.242  ,11.279 ,0.731   
2     ,6      ,128  ,127      ,10.094 ,9.82   ,1.028   
2     ,6      ,132  ,127      ,9.481  ,13.751 ,0.689   
2     ,6      ,136  ,127      ,9.506  ,13.155 ,0.723   
2     ,6      ,140  ,127      ,9.483  ,11.786 ,0.805   
2     ,6      ,144  ,127      ,9.464  ,13.164 ,0.719   
2     ,6      ,148  ,127      ,9.421  ,11.846 ,0.795   
2     ,6      ,152  ,127      ,9.462  ,11.794 ,0.802   
2     ,6      ,156  ,127      ,9.34   ,11.913 ,0.784   
2     ,6      ,16   ,127      ,5.681  ,8.147  ,0.697   
2     ,6      ,160  ,127      ,13.458 ,10.502 ,1.281   
2     ,6      ,164  ,127      ,12.617 ,13.857 ,0.911   
2     ,6      ,168  ,127      ,12.731 ,13.011 ,0.978   
2     ,6      ,172  ,127      ,12.703 ,11.997 ,1.059   
2     ,6      ,176  ,127      ,12.644 ,12.882 ,0.982   
2     ,6      ,180  ,127      ,12.645 ,12.238 ,1.033   
2     ,6      ,184  ,127      ,12.676 ,12.149 ,1.043   
2     ,6      ,188  ,127      ,12.589 ,12.314 ,1.022   
2     ,6      ,192  ,127      ,15.068 ,11.756 ,1.282   
2     ,6      ,196  ,127      ,12.823 ,14.877 ,0.862   
2     ,6      ,20   ,127      ,5.449  ,8.003  ,0.681   
2     ,6      ,200  ,127      ,12.853 ,13.244 ,0.971   
2     ,6      ,204  ,127      ,12.857 ,13.182 ,0.975   
2     ,6      ,208  ,127      ,12.934 ,13.207 ,0.979   
2     ,6      ,212  ,127      ,12.915 ,13.079 ,0.987   
2     ,6      ,216  ,127      ,12.886 ,13.019 ,0.99    
2     ,6      ,220  ,127      ,12.662 ,13.137 ,0.964   
2     ,6      ,224  ,127      ,14.032 ,12.441 ,1.128   
2     ,6      ,228  ,127      ,13.134 ,14.016 ,0.937   
2     ,6      ,232  ,127      ,13.118 ,13.151 ,0.998   
2     ,6      ,236  ,127      ,13.177 ,12.634 ,1.043   
2     ,6      ,24   ,127      ,5.432  ,7.974  ,0.681   
2     ,6      ,240  ,127      ,13.114 ,13.19  ,0.994   
2     ,6      ,244  ,127      ,13.089 ,12.822 ,1.021   
2     ,6      ,248  ,127      ,13.108 ,12.748 ,1.028   
2     ,6      ,252  ,127      ,13.848 ,12.625 ,1.097   
2     ,6      ,256  ,127      ,17.225 ,14.756 ,1.167   
2     ,6      ,260  ,127      ,16.114 ,15.529 ,1.038   
2     ,6      ,264  ,127      ,16.039 ,15.207 ,1.055   
2     ,6      ,268  ,127      ,16.118 ,14.715 ,1.095   
2     ,6      ,272  ,127      ,16.221 ,15.249 ,1.064   
2     ,6      ,276  ,127      ,16.073 ,14.831 ,1.084   
2     ,6      ,28   ,127      ,5.437  ,7.663  ,0.709   
2     ,6      ,280  ,127      ,16.148 ,14.907 ,1.083   
2     ,6      ,284  ,127      ,16.09  ,14.728 ,1.092   
2     ,6      ,288  ,127      ,15.252 ,14.639 ,1.042   
2     ,6      ,292  ,127      ,14.139 ,16.167 ,0.875   
2     ,6      ,296  ,127      ,14.099 ,15.669 ,0.9     
2     ,6      ,300  ,127      ,14.139 ,15.027 ,0.941   
2     ,6      ,304  ,127      ,14.115 ,15.531 ,0.909   
2     ,6      ,308  ,127      ,14.178 ,15.311 ,0.926   
2     ,6      ,312  ,127      ,14.187 ,15.26  ,0.93    
2     ,6      ,316  ,127      ,14.428 ,15.567 ,0.927   
2     ,6      ,32   ,127      ,6.453  ,6.729  ,0.959   
2     ,6      ,320  ,127      ,18.223 ,16.161 ,1.128   
2     ,6      ,324  ,127      ,17.041 ,16.956 ,1.005   
2     ,6      ,328  ,127      ,16.901 ,16.697 ,1.012   
2     ,6      ,332  ,127      ,16.975 ,15.847 ,1.071   
2     ,6      ,336  ,127      ,17.067 ,16.607 ,1.028   
2     ,6      ,340  ,127      ,17.099 ,15.849 ,1.079   
2     ,6      ,344  ,127      ,17.011 ,15.772 ,1.079   
2     ,6      ,348  ,127      ,16.628 ,15.732 ,1.057   
2     ,6      ,352  ,127      ,17.214 ,15.637 ,1.101   
2     ,6      ,356  ,127      ,16.42  ,17.689 ,0.928   
2     ,6      ,36   ,127      ,6.469  ,10.602 ,0.61    
2     ,6      ,360  ,127      ,16.321 ,17.369 ,0.94    
2     ,6      ,364  ,127      ,16.361 ,16.197 ,1.01    
2     ,6      ,368  ,127      ,16.316 ,17.572 ,0.929   
2     ,6      ,372  ,127      ,16.323 ,16.335 ,0.999   
2     ,6      ,376  ,127      ,16.347 ,16.204 ,1.009   
2     ,6      ,380  ,127      ,16.548 ,16.32  ,1.014   
2     ,6      ,384  ,127      ,21.317 ,16.616 ,1.283   
2     ,6      ,388  ,127      ,19.711 ,18.954 ,1.04    
2     ,6      ,392  ,127      ,19.795 ,18.65  ,1.061   
2     ,6      ,396  ,127      ,19.756 ,18.043 ,1.095   
2     ,6      ,40   ,127      ,6.56   ,10.796 ,0.608   
2     ,6      ,400  ,127      ,19.825 ,19.419 ,1.021   
2     ,6      ,404  ,127      ,19.795 ,18.253 ,1.084   
2     ,6      ,408  ,127      ,19.584 ,17.546 ,1.116   
2     ,6      ,412  ,127      ,19.43  ,17.711 ,1.097   
2     ,6      ,416  ,127      ,18.049 ,17.027 ,1.06    
2     ,6      ,420  ,127      ,17.229 ,20.117 ,0.856   
2     ,6      ,424  ,127      ,17.338 ,20.09  ,0.863   
2     ,6      ,428  ,127      ,17.351 ,18.371 ,0.944   
2     ,6      ,432  ,127      ,17.222 ,20.128 ,0.856   
2     ,6      ,436  ,127      ,17.311 ,18.671 ,0.927   
2     ,6      ,44   ,127      ,6.519  ,10.379 ,0.628   
2     ,6      ,440  ,127      ,17.418 ,18.678 ,0.933   
2     ,6      ,444  ,127      ,17.751 ,18.792 ,0.945   
2     ,6      ,448  ,127      ,22.216 ,17.984 ,1.235   
2     ,6      ,452  ,127      ,20.703 ,20.874 ,0.992   
2     ,6      ,456  ,127      ,20.604 ,20.67  ,0.997   
2     ,6      ,460  ,127      ,20.743 ,19.204 ,1.08    
2     ,6      ,464  ,127      ,20.698 ,20.708 ,1.0     
2     ,6      ,468  ,127      ,20.652 ,19.356 ,1.067   
2     ,6      ,472  ,127      ,20.745 ,19.371 ,1.071   
2     ,6      ,476  ,127      ,20.285 ,19.255 ,1.053   
2     ,6      ,48   ,127      ,6.623  ,11.137 ,0.595   
2     ,6      ,480  ,127      ,20.711 ,18.061 ,1.147   
2     ,6      ,484  ,127      ,20.052 ,21.468 ,0.934   
2     ,6      ,488  ,127      ,19.729 ,21.197 ,0.931   
2     ,6      ,492  ,127      ,19.728 ,19.781 ,0.997   
2     ,6      ,496  ,127      ,19.604 ,21.27  ,0.922   
2     ,6      ,500  ,127      ,19.725 ,19.915 ,0.99    
2     ,6      ,504  ,127      ,19.738 ,19.857 ,0.994   
2     ,6      ,508  ,127      ,19.88  ,19.81  ,1.004   
2     ,6      ,512  ,127      ,25.094 ,18.521 ,1.355   
2     ,6      ,52   ,127      ,6.559  ,10.401 ,0.631   
2     ,6      ,56   ,127      ,6.604  ,10.515 ,0.628   
2     ,6      ,60   ,127      ,6.22   ,10.492 ,0.593   
2     ,6      ,64   ,127      ,8.639  ,8.78   ,0.984   
2     ,6      ,68   ,127      ,7.793  ,11.685 ,0.667   
2     ,6      ,72   ,127      ,7.833  ,11.645 ,0.673   
2     ,6      ,76   ,127      ,7.83   ,10.881 ,0.72    
2     ,6      ,80   ,127      ,7.853  ,11.652 ,0.674   
2     ,6      ,84   ,127      ,7.832  ,10.846 ,0.722   
2     ,6      ,88   ,127      ,7.851  ,10.902 ,0.72    
2     ,6      ,92   ,127      ,7.601  ,10.91  ,0.697   
2     ,6      ,96   ,127      ,8.857  ,9.04   ,0.98    
3     ,0      ,11   ,127      ,5.206  ,7.651  ,0.68    
3     ,0      ,3    ,127      ,5.213  ,4.879  ,1.068   
3     ,2      ,256  ,127      ,14.892 ,11.951 ,1.246   
3     ,3      ,64   ,127      ,7.523  ,7.12   ,1.057   
3     ,4      ,100  ,127      ,8.392  ,11.368 ,0.738   
3     ,4      ,104  ,127      ,8.411  ,11.584 ,0.726   
3     ,4      ,108  ,127      ,8.413  ,11.614 ,0.724   
3     ,4      ,112  ,127      ,8.408  ,11.671 ,0.72    
3     ,4      ,116  ,127      ,8.43   ,11.705 ,0.72    
3     ,4      ,120  ,127      ,8.5    ,11.696 ,0.727   
3     ,4      ,124  ,127      ,8.416  ,11.694 ,0.72    
3     ,4      ,128  ,127      ,9.766  ,9.818  ,0.995   
3     ,4      ,132  ,127      ,9.762  ,13.151 ,0.742   
3     ,4      ,136  ,127      ,9.79   ,11.994 ,0.816   
3     ,4      ,140  ,127      ,9.754  ,12.129 ,0.804   
3     ,4      ,144  ,127      ,9.728  ,12.079 ,0.805   
3     ,4      ,148  ,127      ,9.749  ,12.032 ,0.81    
3     ,4      ,152  ,127      ,9.819  ,12.047 ,0.815   
3     ,4      ,156  ,127      ,9.289  ,12.03  ,0.772   
3     ,4      ,16   ,127      ,5.464  ,8.09   ,0.675   
3     ,4      ,160  ,127      ,13.058 ,12.125 ,1.077   
3     ,4      ,164  ,127      ,13.363 ,12.651 ,1.056   
3     ,4      ,168  ,127      ,13.243 ,12.379 ,1.07    
3     ,4      ,172  ,127      ,13.208 ,12.308 ,1.073   
3     ,4      ,176  ,127      ,13.116 ,12.386 ,1.059   
3     ,4      ,180  ,127      ,13.182 ,12.308 ,1.071   
3     ,4      ,184  ,127      ,13.178 ,12.382 ,1.064   
3     ,4      ,188  ,127      ,12.978 ,12.401 ,1.047   
3     ,4      ,192  ,127      ,12.84  ,11.954 ,1.074   
3     ,4      ,196  ,127      ,12.934 ,13.761 ,0.94    
3     ,4      ,20   ,127      ,5.437  ,7.993  ,0.68    
3     ,4      ,200  ,127      ,12.869 ,13.631 ,0.944   
3     ,4      ,204  ,127      ,12.986 ,13.363 ,0.972   
3     ,4      ,208  ,127      ,13.021 ,13.567 ,0.96    
3     ,4      ,212  ,127      ,12.947 ,13.598 ,0.952   
3     ,4      ,216  ,127      ,12.891 ,13.478 ,0.956   
3     ,4      ,220  ,127      ,12.117 ,13.565 ,0.893   
3     ,4      ,224  ,127      ,13.051 ,13.361 ,0.977   
3     ,4      ,228  ,127      ,13.049 ,13.704 ,0.952   
3     ,4      ,232  ,127      ,13.081 ,13.278 ,0.985   
3     ,4      ,236  ,127      ,13.113 ,13.217 ,0.992   
3     ,4      ,24   ,127      ,5.445  ,7.936  ,0.686   
3     ,4      ,240  ,127      ,13.114 ,13.356 ,0.982   
3     ,4      ,244  ,127      ,13.121 ,13.334 ,0.984   
3     ,4      ,248  ,127      ,13.172 ,13.413 ,0.982   
3     ,4      ,252  ,127      ,13.995 ,13.214 ,1.059   
3     ,4      ,256  ,127      ,16.153 ,14.427 ,1.12    
3     ,4      ,260  ,127      ,16.122 ,15.665 ,1.029   
3     ,4      ,264  ,127      ,16.038 ,15.364 ,1.044   
3     ,4      ,268  ,127      ,16.115 ,15.364 ,1.049   
3     ,4      ,272  ,127      ,16.117 ,15.123 ,1.066   
3     ,4      ,276  ,127      ,16.123 ,15.26  ,1.057   
3     ,4      ,28   ,127      ,5.436  ,7.944  ,0.684   
3     ,4      ,280  ,127      ,16.125 ,15.262 ,1.057   
3     ,4      ,284  ,127      ,14.91  ,15.272 ,0.976   
3     ,4      ,288  ,127      ,14.384 ,14.439 ,0.996   
3     ,4      ,292  ,127      ,14.321 ,16.285 ,0.879   
3     ,4      ,296  ,127      ,14.25  ,15.803 ,0.902   
3     ,4      ,300  ,127      ,14.379 ,15.657 ,0.918   
3     ,4      ,304  ,127      ,14.329 ,15.692 ,0.913   
3     ,4      ,308  ,127      ,14.33  ,15.748 ,0.91    
3     ,4      ,312  ,127      ,14.394 ,15.83  ,0.909   
3     ,4      ,316  ,127      ,15.007 ,16.008 ,0.937   
3     ,4      ,32   ,127      ,6.546  ,6.771  ,0.967   
3     ,4      ,320  ,127      ,17.087 ,15.002 ,1.139   
3     ,4      ,324  ,127      ,17.035 ,17.044 ,0.999   
3     ,4      ,328  ,127      ,16.962 ,16.354 ,1.037   
3     ,4      ,332  ,127      ,17.09  ,16.14  ,1.059   
3     ,4      ,336  ,127      ,16.991 ,16.162 ,1.051   
3     ,4      ,340  ,127      ,17.072 ,16.298 ,1.047   
3     ,4      ,344  ,127      ,17.036 ,16.271 ,1.047   
3     ,4      ,348  ,127      ,15.749 ,16.197 ,0.972   
3     ,4      ,352  ,127      ,16.527 ,15.246 ,1.084   
3     ,4      ,356  ,127      ,16.565 ,18.058 ,0.917   
3     ,4      ,36   ,127      ,6.567  ,10.279 ,0.639   
3     ,4      ,360  ,127      ,16.524 ,17.086 ,0.967   
3     ,4      ,364  ,127      ,16.564 ,16.721 ,0.991   
3     ,4      ,368  ,127      ,16.488 ,16.982 ,0.971   
3     ,4      ,372  ,127      ,16.568 ,17.083 ,0.97    
3     ,4      ,376  ,127      ,16.407 ,17.075 ,0.961   
3     ,4      ,380  ,127      ,16.984 ,16.902 ,1.005   
3     ,4      ,384  ,127      ,19.807 ,16.561 ,1.196   
3     ,4      ,388  ,127      ,19.773 ,19.049 ,1.038   
3     ,4      ,392  ,127      ,19.778 ,18.43  ,1.073   
3     ,4      ,396  ,127      ,19.731 ,18.309 ,1.078   
3     ,4      ,40   ,127      ,6.572  ,10.242 ,0.642   
3     ,4      ,400  ,127      ,19.784 ,18.716 ,1.057   
3     ,4      ,404  ,127      ,19.681 ,17.843 ,1.103   
3     ,4      ,408  ,127      ,19.544 ,17.949 ,1.089   
3     ,4      ,412  ,127      ,18.448 ,17.888 ,1.031   
3     ,4      ,416  ,127      ,17.943 ,16.972 ,1.057   
3     ,4      ,420  ,127      ,17.907 ,20.195 ,0.887   
3     ,4      ,424  ,127      ,18.067 ,19.118 ,0.945   
3     ,4      ,428  ,127      ,17.984 ,19.008 ,0.946   
3     ,4      ,432  ,127      ,18.064 ,18.973 ,0.952   
3     ,4      ,436  ,127      ,17.988 ,19.049 ,0.944   
3     ,4      ,44   ,127      ,6.561  ,10.22  ,0.642   
3     ,4      ,440  ,127      ,17.982 ,19.074 ,0.943   
3     ,4      ,444  ,127      ,18.361 ,19.146 ,0.959   
3     ,4      ,448  ,127      ,20.814 ,17.714 ,1.175   
3     ,4      ,452  ,127      ,20.811 ,21.377 ,0.973   
3     ,4      ,456  ,127      ,20.721 ,19.935 ,1.039   
3     ,4      ,460  ,127      ,20.766 ,19.659 ,1.056   
3     ,4      ,464  ,127      ,20.77  ,19.977 ,1.04    
3     ,4      ,468  ,127      ,20.815 ,19.93  ,1.044   
3     ,4      ,472  ,127      ,20.833 ,19.975 ,1.043   
3     ,4      ,476  ,127      ,19.154 ,20.009 ,0.957   
3     ,4      ,48   ,127      ,6.667  ,10.563 ,0.631   
3     ,4      ,480  ,127      ,19.784 ,17.971 ,1.101   
3     ,4      ,484  ,127      ,19.831 ,21.396 ,0.927   
3     ,4      ,488  ,127      ,19.737 ,20.045 ,0.985   
3     ,4      ,492  ,127      ,19.823 ,20.392 ,0.972   
3     ,4      ,496  ,127      ,19.787 ,20.329 ,0.973   
3     ,4      ,500  ,127      ,19.837 ,20.334 ,0.976   
3     ,4      ,504  ,127      ,19.719 ,20.369 ,0.968   
3     ,4      ,508  ,127      ,19.701 ,20.086 ,0.981   
3     ,4      ,512  ,127      ,23.507 ,18.212 ,1.291   
3     ,4      ,52   ,127      ,6.56   ,10.585 ,0.62    
3     ,4      ,56   ,127      ,6.707  ,10.378 ,0.646   
3     ,4      ,60   ,127      ,6.537  ,10.563 ,0.619   
3     ,4      ,64   ,127      ,8.237  ,8.597  ,0.958   
3     ,4      ,68   ,127      ,8.143  ,11.733 ,0.694   
3     ,4      ,72   ,127      ,8.18   ,11.037 ,0.741   
3     ,4      ,76   ,127      ,8.227  ,11.041 ,0.745   
3     ,4      ,80   ,127      ,8.202  ,10.938 ,0.75    
3     ,4      ,84   ,127      ,8.202  ,10.947 ,0.749   
3     ,4      ,88   ,127      ,8.2    ,10.877 ,0.754   
3     ,4      ,92   ,127      ,7.793  ,11.006 ,0.708   
3     ,4      ,96   ,127      ,8.412  ,9.762  ,0.862   
3     ,6      ,64   ,127      ,8.474  ,8.277  ,1.024   
4     ,0      ,100  ,127      ,7.552  ,10.678 ,0.707   
4     ,0      ,104  ,127      ,7.448  ,10.221 ,0.729   
4     ,0      ,108  ,127      ,7.448  ,10.707 ,0.696   
4     ,0      ,112  ,127      ,7.467  ,10.508 ,0.711   
4     ,0      ,116  ,127      ,7.516  ,10.448 ,0.719   
4     ,0      ,12   ,127      ,4.951  ,7.342  ,0.674   
4     ,0      ,120  ,127      ,6.68   ,10.307 ,0.648   
4     ,0      ,124  ,127      ,8.777  ,8.49   ,1.034   
4     ,0      ,128  ,127      ,8.707  ,9.353  ,0.931   
4     ,0      ,132  ,127      ,8.804  ,12.584 ,0.7     
4     ,0      ,136  ,127      ,8.845  ,12.522 ,0.706   
4     ,0      ,140  ,127      ,8.871  ,12.496 ,0.71    
4     ,0      ,144  ,127      ,8.805  ,12.528 ,0.703   
4     ,0      ,148  ,127      ,8.828  ,12.611 ,0.7     
4     ,0      ,152  ,127      ,8.102  ,12.576 ,0.644   
4     ,0      ,156  ,127      ,11.913 ,8.922  ,1.335   
4     ,0      ,16   ,127      ,5.475  ,8.093  ,0.677   
4     ,0      ,160  ,127      ,11.825 ,9.656  ,1.225   
4     ,0      ,164  ,127      ,11.773 ,10.885 ,1.082   
4     ,0      ,168  ,127      ,11.939 ,11.757 ,1.016   
4     ,0      ,172  ,127      ,11.904 ,10.899 ,1.092   
4     ,0      ,176  ,127      ,11.904 ,12.185 ,0.977   
4     ,0      ,180  ,127      ,11.858 ,12.015 ,0.987   
4     ,0      ,184  ,127      ,10.498 ,12.139 ,0.865   
4     ,0      ,188  ,127      ,12.075 ,9.599  ,1.258   
4     ,0      ,192  ,127      ,12.266 ,10.035 ,1.222   
4     ,0      ,196  ,127      ,12.299 ,12.079 ,1.018   
4     ,0      ,20   ,127      ,5.677  ,8.316  ,0.683   
4     ,0      ,200  ,127      ,12.382 ,11.095 ,1.116   
4     ,0      ,204  ,127      ,12.414 ,12.262 ,1.012   
4     ,0      ,208  ,127      ,12.38  ,11.402 ,1.086   
4     ,0      ,212  ,127      ,12.491 ,11.326 ,1.103   
4     ,0      ,216  ,127      ,11.658 ,11.338 ,1.028   
4     ,0      ,220  ,127      ,13.356 ,10.502 ,1.272   
4     ,0      ,224  ,127      ,12.459 ,10.553 ,1.181   
4     ,0      ,228  ,127      ,12.464 ,11.587 ,1.076   
4     ,0      ,232  ,127      ,12.432 ,11.44  ,1.087   
4     ,0      ,236  ,127      ,12.494 ,11.527 ,1.084   
4     ,0      ,24   ,127      ,5.441  ,7.977  ,0.682   
4     ,0      ,240  ,127      ,12.511 ,11.438 ,1.094   
4     ,0      ,244  ,127      ,12.468 ,11.506 ,1.084   
4     ,0      ,248  ,127      ,11.679 ,11.454 ,1.02    
4     ,0      ,252  ,127      ,13.772 ,12.983 ,1.061   
4     ,0      ,256  ,127      ,14.811 ,12.77  ,1.16    
4     ,0      ,260  ,127      ,14.85  ,13.042 ,1.139   
4     ,0      ,264  ,127      ,14.769 ,12.916 ,1.143   
4     ,0      ,268  ,127      ,14.808 ,12.915 ,1.147   
4     ,0      ,272  ,127      ,14.821 ,12.725 ,1.165   
4     ,0      ,276  ,127      ,14.838 ,12.757 ,1.163   
4     ,0      ,28   ,127      ,5.143  ,7.632  ,0.674   
4     ,0      ,280  ,127      ,13.415 ,12.727 ,1.054   
4     ,0      ,284  ,127      ,13.964 ,13.246 ,1.054   
4     ,0      ,288  ,127      ,13.781 ,13.573 ,1.015   
4     ,0      ,292  ,127      ,13.778 ,13.564 ,1.016   
4     ,0      ,296  ,127      ,13.717 ,13.628 ,1.007   
4     ,0      ,300  ,127      ,13.686 ,13.457 ,1.017   
4     ,0      ,304  ,127      ,13.674 ,13.524 ,1.011   
4     ,0      ,308  ,127      ,13.711 ,13.437 ,1.02    
4     ,0      ,312  ,127      ,13.107 ,13.54  ,0.968   
4     ,0      ,316  ,127      ,15.136 ,13.822 ,1.095   
4     ,0      ,32   ,127      ,5.426  ,5.78   ,0.939   
4     ,0      ,320  ,127      ,16.089 ,14.106 ,1.141   
4     ,0      ,324  ,127      ,16.079 ,14.422 ,1.115   
4     ,0      ,328  ,127      ,15.972 ,14.271 ,1.119   
4     ,0      ,332  ,127      ,16.085 ,14.708 ,1.094   
4     ,0      ,336  ,127      ,16.045 ,14.134 ,1.135   
4     ,0      ,340  ,127      ,16.086 ,14.193 ,1.133   
4     ,0      ,344  ,127      ,14.708 ,14.276 ,1.03    
4     ,0      ,348  ,127      ,15.485 ,14.718 ,1.052   
4     ,0      ,352  ,127      ,15.607 ,14.838 ,1.052   
4     ,0      ,356  ,127      ,15.633 ,15.16  ,1.031   
4     ,0      ,36   ,127      ,5.412  ,7.05   ,0.768   
4     ,0      ,360  ,127      ,15.569 ,14.936 ,1.042   
4     ,0      ,364  ,127      ,15.535 ,15.143 ,1.026   
4     ,0      ,368  ,127      ,15.49  ,15.141 ,1.023   
4     ,0      ,372  ,127      ,15.537 ,15.102 ,1.029   
4     ,0      ,376  ,127      ,14.305 ,15.043 ,0.951   
4     ,0      ,380  ,127      ,17.417 ,14.999 ,1.161   
4     ,0      ,384  ,127      ,18.542 ,16.401 ,1.131   
4     ,0      ,388  ,127      ,18.452 ,17.103 ,1.079   
4     ,0      ,392  ,127      ,18.432 ,16.741 ,1.101   
4     ,0      ,396  ,127      ,18.458 ,17.958 ,1.028   
4     ,0      ,4    ,127      ,3.797  ,5.373  ,0.707   
4     ,0      ,40   ,127      ,5.408  ,9.646  ,0.561   
4     ,0      ,400  ,127      ,18.412 ,17.621 ,1.045   
4     ,0      ,404  ,127      ,18.415 ,17.678 ,1.042   
4     ,0      ,408  ,127      ,16.737 ,17.102 ,0.979   
4     ,0      ,412  ,127      ,17.045 ,16.09  ,1.059   
4     ,0      ,416  ,127      ,17.15  ,17.262 ,0.993   
4     ,0      ,420  ,127      ,17.075 ,17.678 ,0.966   
4     ,0      ,424  ,127      ,17.076 ,17.574 ,0.972   
4     ,0      ,428  ,127      ,17.154 ,17.883 ,0.959   
4     ,0      ,432  ,127      ,17.139 ,17.717 ,0.967   
4     ,0      ,436  ,127      ,17.026 ,17.741 ,0.96    
4     ,0      ,44   ,127      ,5.423  ,8.663  ,0.626   
4     ,0      ,440  ,127      ,16.839 ,17.63  ,0.955   
4     ,0      ,444  ,127      ,18.812 ,16.356 ,1.15    
4     ,0      ,448  ,127      ,19.564 ,17.983 ,1.088   
4     ,0      ,452  ,127      ,19.464 ,18.186 ,1.07    
4     ,0      ,456  ,127      ,19.511 ,17.959 ,1.086   
4     ,0      ,460  ,127      ,19.966 ,18.275 ,1.093   
4     ,0      ,464  ,127      ,19.57  ,18.118 ,1.08    
4     ,0      ,468  ,127      ,19.601 ,17.999 ,1.089   
4     ,0      ,472  ,127      ,18.35  ,18.002 ,1.019   
4     ,0      ,476  ,127      ,19.54  ,17.353 ,1.126   
4     ,0      ,48   ,127      ,5.436  ,9.717  ,0.559   
4     ,0      ,480  ,127      ,19.524 ,18.404 ,1.061   
4     ,0      ,484  ,127      ,19.278 ,18.809 ,1.025   
4     ,0      ,488  ,127      ,19.276 ,18.705 ,1.031   
4     ,0      ,492  ,127      ,19.483 ,18.815 ,1.035   
4     ,0      ,496  ,127      ,19.363 ,18.832 ,1.028   
4     ,0      ,500  ,127      ,19.407 ,18.704 ,1.038   
4     ,0      ,504  ,127      ,18.459 ,18.79  ,0.982   
4     ,0      ,508  ,127      ,21.028 ,17.636 ,1.192   
4     ,0      ,512  ,127      ,21.419 ,19.475 ,1.1     
4     ,0      ,52   ,127      ,5.446  ,9.707  ,0.561   
4     ,0      ,56   ,127      ,5.441  ,9.674  ,0.562   
4     ,0      ,60   ,127      ,7.528  ,9.139  ,0.824   
4     ,0      ,64   ,127      ,7.541  ,8.955  ,0.842   
4     ,0      ,68   ,127      ,7.475  ,11.146 ,0.671   
4     ,0      ,72   ,127      ,7.46   ,10.585 ,0.705   
4     ,0      ,76   ,127      ,7.495  ,10.985 ,0.682   
4     ,0      ,80   ,127      ,7.544  ,10.814 ,0.698   
4     ,0      ,84   ,127      ,7.515  ,10.82  ,0.695   
4     ,0      ,88   ,127      ,6.483  ,10.007 ,0.648   
4     ,0      ,92   ,127      ,7.341  ,7.815  ,0.939   
4     ,0      ,96   ,127      ,7.484  ,8.718  ,0.858   
4     ,2      ,32   ,127      ,6.494  ,5.445  ,1.192   
4     ,3      ,100  ,127      ,7.611  ,10.544 ,0.722   
4     ,3      ,104  ,127      ,7.648  ,10.572 ,0.723   
4     ,3      ,108  ,127      ,7.646  ,10.622 ,0.72    
4     ,3      ,112  ,127      ,7.648  ,10.58  ,0.723   
4     ,3      ,116  ,127      ,7.663  ,10.574 ,0.725   
4     ,3      ,120  ,127      ,7.663  ,10.577 ,0.725   
4     ,3      ,124  ,127      ,9.247  ,8.616  ,1.073   
4     ,3      ,128  ,127      ,8.987  ,12.413 ,0.724   
4     ,3      ,132  ,127      ,9.011  ,12.6   ,0.715   
4     ,3      ,136  ,127      ,9.01   ,12.458 ,0.723   
4     ,3      ,140  ,127      ,8.987  ,12.552 ,0.716   
4     ,3      ,144  ,127      ,8.947  ,12.636 ,0.708   
4     ,3      ,148  ,127      ,8.968  ,12.725 ,0.705   
4     ,3      ,152  ,127      ,9.028  ,12.583 ,0.717   
4     ,3      ,156  ,127      ,11.752 ,9.18   ,1.28    
4     ,3      ,16   ,127      ,5.467  ,8.045  ,0.68    
4     ,3      ,160  ,127      ,11.853 ,11.555 ,1.026   
4     ,3      ,164  ,127      ,11.933 ,11.735 ,1.017   
4     ,3      ,168  ,127      ,11.983 ,11.808 ,1.015   
4     ,3      ,172  ,127      ,11.95  ,11.825 ,1.011   
4     ,3      ,176  ,127      ,11.902 ,11.853 ,1.004   
4     ,3      ,180  ,127      ,11.956 ,11.797 ,1.013   
4     ,3      ,184  ,127      ,11.965 ,11.923 ,1.003   
4     ,3      ,188  ,127      ,11.888 ,9.688  ,1.227   
4     ,3      ,192  ,127      ,12.403 ,12.077 ,1.027   
4     ,3      ,196  ,127      ,12.44  ,11.56  ,1.076   
4     ,3      ,20   ,127      ,5.444  ,8.004  ,0.68    
4     ,3      ,200  ,127      ,12.401 ,11.617 ,1.067   
4     ,3      ,204  ,127      ,12.437 ,11.464 ,1.085   
4     ,3      ,208  ,127      ,12.521 ,11.527 ,1.086   
4     ,3      ,212  ,127      ,12.518 ,11.526 ,1.086   
4     ,3      ,216  ,127      ,12.452 ,11.463 ,1.086   
4     ,3      ,220  ,127      ,12.594 ,10.513 ,1.198   
4     ,3      ,224  ,127      ,12.472 ,12.222 ,1.021   
4     ,3      ,228  ,127      ,12.471 ,11.594 ,1.076   
4     ,3      ,232  ,127      ,12.473 ,11.489 ,1.086   
4     ,3      ,236  ,127      ,12.502 ,11.599 ,1.078   
4     ,3      ,24   ,127      ,5.456  ,7.978  ,0.684   
4     ,3      ,240  ,127      ,12.473 ,11.597 ,1.076   
4     ,3      ,244  ,127      ,12.526 ,11.629 ,1.077   
4     ,3      ,248  ,127      ,12.593 ,11.627 ,1.083   
4     ,3      ,252  ,127      ,13.61  ,12.679 ,1.073   
4     ,3      ,256  ,127      ,15.127 ,13.605 ,1.112   
4     ,3      ,260  ,127      ,15.102 ,13.022 ,1.16    
4     ,3      ,264  ,127      ,15.023 ,13.051 ,1.151   
4     ,3      ,268  ,127      ,15.094 ,12.947 ,1.166   
4     ,3      ,272  ,127      ,15.127 ,12.826 ,1.179   
4     ,3      ,276  ,127      ,15.143 ,12.931 ,1.171   
4     ,3      ,28   ,127      ,5.447  ,7.939  ,0.686   
4     ,3      ,280  ,127      ,15.103 ,12.92  ,1.169   
4     ,3      ,284  ,127      ,14.002 ,13.248 ,1.057   
4     ,3      ,288  ,127      ,13.999 ,14.249 ,0.982   
4     ,3      ,292  ,127      ,13.939 ,13.692 ,1.018   
4     ,3      ,296  ,127      ,13.871 ,13.667 ,1.015   
4     ,3      ,300  ,127      ,14.006 ,13.627 ,1.028   
4     ,3      ,304  ,127      ,13.908 ,13.574 ,1.025   
4     ,3      ,308  ,127      ,13.95  ,13.624 ,1.024   
4     ,3      ,312  ,127      ,13.972 ,13.7   ,1.02    
4     ,3      ,316  ,127      ,15.177 ,13.766 ,1.103   
4     ,3      ,32   ,127      ,6.476  ,5.834  ,1.11    
4     ,3      ,320  ,127      ,16.473 ,14.889 ,1.106   
4     ,3      ,324  ,127      ,16.38  ,14.388 ,1.138   
4     ,3      ,328  ,127      ,16.297 ,14.496 ,1.124   
4     ,3      ,332  ,127      ,16.379 ,14.35  ,1.141   
4     ,3      ,336  ,127      ,16.267 ,14.381 ,1.131   
4     ,3      ,340  ,127      ,16.379 ,14.475 ,1.132   
4     ,3      ,344  ,127      ,16.343 ,14.329 ,1.141   
4     ,3      ,348  ,127      ,15.656 ,14.761 ,1.061   
4     ,3      ,352  ,127      ,15.834 ,15.959 ,0.992   
4     ,3      ,356  ,127      ,15.872 ,15.274 ,1.039   
4     ,3      ,36   ,127      ,6.564  ,9.877  ,0.665   
4     ,3      ,360  ,127      ,15.759 ,15.262 ,1.033   
4     ,3      ,364  ,127      ,15.829 ,15.456 ,1.024   
4     ,3      ,368  ,127      ,15.828 ,15.39  ,1.028   
4     ,3      ,372  ,127      ,15.795 ,15.382 ,1.027   
4     ,3      ,376  ,127      ,15.692 ,15.375 ,1.021   
4     ,3      ,380  ,127      ,17.376 ,15.114 ,1.15    
4     ,3      ,384  ,127      ,18.707 ,17.544 ,1.066   
4     ,3      ,388  ,127      ,18.686 ,17.001 ,1.099   
4     ,3      ,392  ,127      ,18.737 ,17.784 ,1.054   
4     ,3      ,396  ,127      ,18.694 ,17.761 ,1.053   
4     ,3      ,40   ,127      ,6.607  ,9.605  ,0.688   
4     ,3      ,400  ,127      ,18.703 ,17.941 ,1.042   
4     ,3      ,404  ,127      ,18.543 ,17.202 ,1.078   
4     ,3      ,408  ,127      ,18.499 ,17.251 ,1.072   
4     ,3      ,412  ,127      ,16.719 ,16.039 ,1.042   
4     ,3      ,416  ,127      ,17.095 ,18.356 ,0.931   
4     ,3      ,420  ,127      ,17.1   ,17.801 ,0.961   
4     ,3      ,424  ,127      ,17.181 ,17.774 ,0.967   
4     ,3      ,428  ,127      ,17.226 ,17.944 ,0.96    
4     ,3      ,432  ,127      ,17.22  ,17.929 ,0.96    
4     ,3      ,436  ,127      ,17.178 ,17.918 ,0.959   
4     ,3      ,44   ,127      ,6.61   ,9.582  ,0.69    
4     ,3      ,440  ,127      ,17.179 ,17.906 ,0.959   
4     ,3      ,444  ,127      ,19.01  ,16.378 ,1.161   
4     ,3      ,448  ,127      ,19.659 ,18.753 ,1.048   
4     ,3      ,452  ,127      ,19.67  ,18.36  ,1.071   
4     ,3      ,456  ,127      ,19.614 ,18.336 ,1.07    
4     ,3      ,460  ,127      ,19.57  ,18.4   ,1.064   
4     ,3      ,464  ,127      ,19.592 ,18.438 ,1.063   
4     ,3      ,468  ,127      ,19.562 ,18.417 ,1.062   
4     ,3      ,472  ,127      ,19.631 ,18.487 ,1.062   
4     ,3      ,476  ,127      ,19.91  ,17.323 ,1.149   
4     ,3      ,48   ,127      ,6.606  ,9.704  ,0.681   
4     ,3      ,480  ,127      ,19.905 ,19.373 ,1.027   
4     ,3      ,484  ,127      ,19.98  ,19.134 ,1.044   
4     ,3      ,488  ,127      ,19.927 ,18.99  ,1.049   
4     ,3      ,492  ,127      ,19.857 ,19.141 ,1.037   
4     ,3      ,496  ,127      ,19.981 ,19.048 ,1.049   
4     ,3      ,500  ,127      ,19.862 ,19.169 ,1.036   
4     ,3      ,504  ,127      ,19.833 ,19.052 ,1.041   
4     ,3      ,508  ,127      ,21.035 ,17.766 ,1.184   
4     ,3      ,512  ,127      ,21.724 ,21.038 ,1.033   
4     ,3      ,52   ,127      ,6.654  ,9.697  ,0.686   
4     ,3      ,56   ,127      ,6.668  ,9.709  ,0.687   
4     ,3      ,60   ,127      ,8.571  ,9.918  ,0.864   
4     ,3      ,64   ,127      ,7.672  ,11.001 ,0.697   
4     ,3      ,68   ,127      ,7.61   ,10.786 ,0.706   
4     ,3      ,72   ,127      ,7.652  ,10.84  ,0.706   
4     ,3      ,76   ,127      ,7.646  ,10.896 ,0.702   
4     ,3      ,80   ,127      ,7.685  ,10.836 ,0.709   
4     ,3      ,84   ,127      ,7.669  ,10.927 ,0.702   
4     ,3      ,88   ,127      ,7.668  ,10.817 ,0.709   
4     ,3      ,92   ,127      ,7.329  ,7.884  ,0.93    
4     ,3      ,96   ,127      ,7.65   ,10.99  ,0.696   
4     ,4      ,100  ,127      ,7.334  ,10.649 ,0.689   
4     ,4      ,104  ,127      ,7.336  ,10.54  ,0.696   
4     ,4      ,108  ,127      ,7.428  ,10.549 ,0.704   
4     ,4      ,112  ,127      ,7.35   ,10.721 ,0.686   
4     ,4      ,116  ,127      ,7.399  ,10.483 ,0.706   
4     ,4      ,120  ,127      ,7.35   ,10.673 ,0.689   
4     ,4      ,124  ,127      ,8.532  ,8.503  ,1.003   
4     ,4      ,128  ,127      ,8.404  ,12.072 ,0.696   
4     ,4      ,132  ,127      ,8.454  ,12.102 ,0.699   
4     ,4      ,136  ,127      ,8.493  ,11.906 ,0.713   
4     ,4      ,140  ,127      ,8.492  ,11.863 ,0.716   
4     ,4      ,144  ,127      ,8.454  ,11.873 ,0.712   
4     ,4      ,148  ,127      ,8.464  ,11.889 ,0.712   
4     ,4      ,152  ,127      ,8.473  ,11.974 ,0.708   
4     ,4      ,156  ,127      ,11.009 ,8.803  ,1.251   
4     ,4      ,16   ,127      ,5.46   ,8.056  ,0.678   
4     ,4      ,160  ,127      ,10.983 ,11.134 ,0.986   
4     ,4      ,164  ,127      ,10.931 ,10.928 ,1.0     
4     ,4      ,168  ,127      ,11.06  ,10.897 ,1.015   
4     ,4      ,172  ,127      ,11.06  ,10.944 ,1.011   
4     ,4      ,176  ,127      ,11.033 ,10.942 ,1.008   
4     ,4      ,180  ,127      ,11.007 ,10.865 ,1.013   
4     ,4      ,184  ,127      ,11.061 ,10.941 ,1.011   
4     ,4      ,188  ,127      ,11.542 ,9.445  ,1.222   
4     ,4      ,192  ,127      ,11.569 ,11.768 ,0.983   
4     ,4      ,196  ,127      ,11.564 ,11.24  ,1.029   
4     ,4      ,20   ,127      ,5.467  ,8.055  ,0.679   
4     ,4      ,200  ,127      ,11.637 ,11.205 ,1.039   
4     ,4      ,204  ,127      ,11.644 ,11.425 ,1.019   
4     ,4      ,208  ,127      ,11.637 ,11.247 ,1.035   
4     ,4      ,212  ,127      ,11.693 ,11.38  ,1.028   
4     ,4      ,216  ,127      ,11.722 ,11.368 ,1.031   
4     ,4      ,220  ,127      ,11.171 ,10.373 ,1.077   
4     ,4      ,224  ,127      ,11.194 ,11.735 ,0.954   
4     ,4      ,228  ,127      ,11.197 ,11.485 ,0.975   
4     ,4      ,232  ,127      ,11.169 ,11.189 ,0.998   
4     ,4      ,236  ,127      ,11.278 ,10.968 ,1.028   
4     ,4      ,24   ,127      ,5.435  ,7.952  ,0.683   
4     ,4      ,240  ,127      ,11.314 ,10.985 ,1.03    
4     ,4      ,244  ,127      ,11.185 ,11.01  ,1.016   
4     ,4      ,248  ,127      ,11.197 ,11.023 ,1.016   
4     ,4      ,252  ,127      ,12.805 ,12.726 ,1.006   
4     ,4      ,256  ,127      ,13.312 ,12.729 ,1.046   
4     ,4      ,260  ,127      ,12.791 ,12.706 ,1.007   
4     ,4      ,264  ,127      ,12.81  ,12.621 ,1.015   
4     ,4      ,268  ,127      ,12.899 ,12.136 ,1.063   
4     ,4      ,272  ,127      ,12.835 ,12.138 ,1.057   
4     ,4      ,276  ,127      ,12.8   ,12.134 ,1.055   
4     ,4      ,28   ,127      ,5.44   ,7.973  ,0.682   
4     ,4      ,280  ,127      ,12.825 ,12.141 ,1.056   
4     ,4      ,284  ,127      ,11.569 ,12.769 ,0.906   
4     ,4      ,288  ,127      ,11.611 ,13.366 ,0.869   
4     ,4      ,292  ,127      ,11.6   ,12.867 ,0.902   
4     ,4      ,296  ,127      ,11.485 ,13.055 ,0.88    
4     ,4      ,300  ,127      ,11.515 ,12.668 ,0.909   
4     ,4      ,304  ,127      ,11.515 ,12.738 ,0.904   
4     ,4      ,308  ,127      ,11.513 ,12.689 ,0.907   
4     ,4      ,312  ,127      ,11.487 ,12.809 ,0.897   
4     ,4      ,316  ,127      ,14.115 ,13.359 ,1.057   
4     ,4      ,32   ,127      ,6.608  ,5.724  ,1.155   
4     ,4      ,320  ,127      ,14.167 ,13.793 ,1.027   
4     ,4      ,324  ,127      ,14.145 ,13.234 ,1.069   
4     ,4      ,328  ,127      ,14.116 ,13.243 ,1.066   
4     ,4      ,332  ,127      ,14.18  ,13.218 ,1.073   
4     ,4      ,336  ,127      ,14.138 ,13.161 ,1.074   
4     ,4      ,340  ,127      ,14.167 ,13.226 ,1.071   
4     ,4      ,344  ,127      ,14.139 ,13.283 ,1.064   
4     ,4      ,348  ,127      ,13.467 ,13.828 ,0.974   
4     ,4      ,352  ,127      ,13.556 ,14.32  ,0.947   
4     ,4      ,356  ,127      ,13.528 ,13.699 ,0.988   
4     ,4      ,36   ,127      ,6.547  ,8.731  ,0.75    
4     ,4      ,360  ,127      ,13.497 ,13.732 ,0.983   
4     ,4      ,364  ,127      ,13.53  ,13.673 ,0.99    
4     ,4      ,368  ,127      ,13.495 ,13.728 ,0.983   
4     ,4      ,372  ,127      ,13.496 ,13.735 ,0.983   
4     ,4      ,376  ,127      ,13.462 ,13.736 ,0.98    
4     ,4      ,380  ,127      ,16.099 ,14.388 ,1.119   
4     ,4      ,384  ,127      ,16.168 ,14.486 ,1.116   
4     ,4      ,388  ,127      ,16.055 ,14.355 ,1.118   
4     ,4      ,392  ,127      ,16.1   ,14.291 ,1.127   
4     ,4      ,396  ,127      ,16.127 ,14.686 ,1.098   
4     ,4      ,4    ,127      ,5.47   ,7.838  ,0.698   
4     ,4      ,40   ,127      ,6.537  ,9.491  ,0.689   
4     ,4      ,400  ,127      ,16.093 ,14.72  ,1.093   
4     ,4      ,404  ,127      ,16.052 ,14.843 ,1.081   
4     ,4      ,408  ,127      ,15.878 ,13.947 ,1.138   
4     ,4      ,412  ,127      ,14.629 ,15.123 ,0.967   
4     ,4      ,416  ,127      ,14.619 ,15.027 ,0.973   
4     ,4      ,420  ,127      ,14.514 ,14.907 ,0.974   
4     ,4      ,424  ,127      ,14.547 ,14.891 ,0.977   
4     ,4      ,428  ,127      ,14.613 ,14.54  ,1.005   
4     ,4      ,432  ,127      ,14.52  ,14.358 ,1.011   
4     ,4      ,436  ,127      ,14.579 ,14.439 ,1.01    
4     ,4      ,44   ,127      ,6.734  ,9.47   ,0.711   
4     ,4      ,440  ,127      ,14.576 ,14.405 ,1.012   
4     ,4      ,444  ,127      ,16.993 ,15.054 ,1.129   
4     ,4      ,448  ,127      ,16.986 ,15.484 ,1.097   
4     ,4      ,452  ,127      ,16.9   ,14.944 ,1.131   
4     ,4      ,456  ,127      ,16.909 ,15.034 ,1.125   
4     ,4      ,460  ,127      ,16.948 ,14.89  ,1.138   
4     ,4      ,464  ,127      ,16.946 ,14.946 ,1.134   
4     ,4      ,468  ,127      ,16.977 ,14.882 ,1.141   
4     ,4      ,472  ,127      ,16.906 ,14.812 ,1.141   
4     ,4      ,476  ,127      ,15.945 ,15.501 ,1.029   
4     ,4      ,48   ,127      ,6.497  ,9.725  ,0.668   
4     ,4      ,480  ,127      ,15.836 ,15.897 ,0.996   
4     ,4      ,484  ,127      ,16.375 ,15.44  ,1.061   
4     ,4      ,488  ,127      ,15.774 ,15.33  ,1.029   
4     ,4      ,492  ,127      ,15.828 ,15.339 ,1.032   
4     ,4      ,496  ,127      ,15.802 ,15.403 ,1.026   
4     ,4      ,500  ,127      ,15.795 ,15.382 ,1.027   
4     ,4      ,504  ,127      ,15.687 ,15.434 ,1.016   
4     ,4      ,508  ,127      ,18.176 ,16.033 ,1.134   
4     ,4      ,512  ,127      ,18.048 ,17.077 ,1.057   
4     ,4      ,52   ,127      ,6.598  ,9.708  ,0.68    
4     ,4      ,56   ,127      ,6.55   ,9.671  ,0.677   
4     ,4      ,60   ,127      ,8.656  ,9.785  ,0.885   
4     ,4      ,64   ,127      ,7.696  ,10.932 ,0.704   
4     ,4      ,68   ,127      ,7.641  ,10.744 ,0.711   
4     ,4      ,72   ,127      ,7.64   ,10.76  ,0.71    
4     ,4      ,76   ,127      ,7.66   ,10.76  ,0.712   
4     ,4      ,80   ,127      ,7.631  ,10.773 ,0.708   
4     ,4      ,84   ,127      ,7.708  ,10.685 ,0.721   
4     ,4      ,88   ,127      ,7.676  ,10.773 ,0.712   
4     ,4      ,92   ,127      ,7.322  ,7.738  ,0.946   
4     ,4      ,96   ,127      ,7.352  ,11.085 ,0.663   
4     ,6      ,512  ,127      ,23.594 ,23.667 ,0.997   
5     ,0      ,13   ,127      ,4.943  ,7.356  ,0.672   
5     ,0      ,5    ,127      ,3.825  ,5.375  ,0.712   
5     ,2      ,256  ,127      ,14.842 ,12.795 ,1.16    
5     ,5      ,256  ,127      ,12.676 ,12.559 ,1.009   
5     ,6      ,64   ,127      ,7.967  ,11.869 ,0.671   
5     ,7      ,100  ,127      ,8.376  ,11.495 ,0.729   
5     ,7      ,104  ,127      ,8.41   ,11.631 ,0.723   
5     ,7      ,108  ,127      ,8.413  ,11.755 ,0.716   
5     ,7      ,112  ,127      ,8.45   ,11.726 ,0.721   
5     ,7      ,116  ,127      ,8.432  ,11.768 ,0.717   
5     ,7      ,120  ,127      ,8.295  ,11.661 ,0.711   
5     ,7      ,124  ,127      ,9.821  ,9.835  ,0.999   
5     ,7      ,128  ,127      ,9.755  ,13.239 ,0.737   
5     ,7      ,132  ,127      ,9.784  ,12.167 ,0.804   
5     ,7      ,136  ,127      ,9.778  ,12.09  ,0.809   
5     ,7      ,140  ,127      ,9.804  ,12.132 ,0.808   
5     ,7      ,144  ,127      ,9.742  ,12.109 ,0.805   
5     ,7      ,148  ,127      ,9.762  ,12.091 ,0.807   
5     ,7      ,152  ,127      ,9.633  ,12.065 ,0.798   
5     ,7      ,156  ,127      ,13.156 ,11.491 ,1.145   
5     ,7      ,16   ,127      ,5.453  ,8.028  ,0.679   
5     ,7      ,160  ,127      ,13.121 ,12.672 ,1.035   
5     ,7      ,164  ,127      ,13.228 ,12.309 ,1.075   
5     ,7      ,168  ,127      ,13.214 ,12.327 ,1.072   
5     ,7      ,172  ,127      ,13.205 ,12.419 ,1.063   
5     ,7      ,176  ,127      ,13.146 ,12.444 ,1.056   
5     ,7      ,180  ,127      ,13.18  ,12.352 ,1.067   
5     ,7      ,184  ,127      ,13.031 ,12.38  ,1.053   
5     ,7      ,188  ,127      ,12.723 ,11.674 ,1.09    
5     ,7      ,192  ,127      ,12.835 ,13.869 ,0.925   
5     ,7      ,196  ,127      ,12.95  ,13.456 ,0.962   
5     ,7      ,20   ,127      ,5.441  ,7.982  ,0.682   
5     ,7      ,200  ,127      ,12.838 ,13.564 ,0.946   
5     ,7      ,204  ,127      ,12.863 ,13.482 ,0.954   
5     ,7      ,208  ,127      ,13.11  ,13.453 ,0.975   
5     ,7      ,212  ,127      ,12.926 ,13.54  ,0.955   
5     ,7      ,216  ,127      ,12.639 ,13.57  ,0.931   
5     ,7      ,220  ,127      ,13.2   ,13.02  ,1.014   
5     ,7      ,224  ,127      ,13.08  ,13.758 ,0.951   
5     ,7      ,228  ,127      ,13.024 ,13.365 ,0.975   
5     ,7      ,232  ,127      ,13.083 ,13.219 ,0.99    
5     ,7      ,236  ,127      ,13.111 ,13.3   ,0.986   
5     ,7      ,24   ,127      ,5.452  ,7.947  ,0.686   
5     ,7      ,240  ,127      ,13.051 ,13.466 ,0.969   
5     ,7      ,244  ,127      ,13.111 ,13.324 ,0.984   
5     ,7      ,248  ,127      ,13.141 ,13.355 ,0.984   
5     ,7      ,252  ,127      ,16.192 ,14.837 ,1.091   
5     ,7      ,256  ,127      ,16.157 ,15.597 ,1.036   
5     ,7      ,260  ,127      ,16.117 ,15.424 ,1.045   
5     ,7      ,264  ,127      ,16.043 ,15.309 ,1.048   
5     ,7      ,268  ,127      ,16.112 ,15.297 ,1.053   
5     ,7      ,272  ,127      ,16.194 ,15.158 ,1.068   
5     ,7      ,276  ,127      ,16.155 ,15.31  ,1.055   
5     ,7      ,28   ,127      ,5.439  ,8.027  ,0.678   
5     ,7      ,280  ,127      ,15.981 ,15.089 ,1.059   
5     ,7      ,284  ,127      ,14.452 ,14.985 ,0.964   
5     ,7      ,288  ,127      ,14.349 ,16.219 ,0.885   
5     ,7      ,292  ,127      ,14.311 ,15.861 ,0.902   
5     ,7      ,296  ,127      ,14.367 ,15.598 ,0.921   
5     ,7      ,300  ,127      ,14.354 ,15.709 ,0.914   
5     ,7      ,304  ,127      ,14.344 ,15.618 ,0.918   
5     ,7      ,308  ,127      ,14.292 ,15.705 ,0.91    
5     ,7      ,312  ,127      ,14.105 ,15.661 ,0.901   
5     ,7      ,316  ,127      ,17.164 ,15.316 ,1.121   
5     ,7      ,32   ,127      ,6.564  ,6.791  ,0.967   
5     ,7      ,320  ,127      ,17.03  ,17.137 ,0.994   
5     ,7      ,324  ,127      ,16.991 ,16.256 ,1.045   
5     ,7      ,328  ,127      ,17.002 ,16.358 ,1.039   
5     ,7      ,332  ,127      ,17.04  ,16.155 ,1.055   
5     ,7      ,336  ,127      ,16.996 ,16.234 ,1.047   
5     ,7      ,340  ,127      ,17.077 ,16.305 ,1.047   
5     ,7      ,344  ,127      ,16.667 ,16.142 ,1.033   
5     ,7      ,348  ,127      ,16.537 ,15.853 ,1.043   
5     ,7      ,352  ,127      ,16.592 ,17.941 ,0.925   
5     ,7      ,356  ,127      ,16.64  ,17.035 ,0.977   
5     ,7      ,36   ,127      ,6.598  ,11.056 ,0.597   
5     ,7      ,360  ,127      ,16.556 ,16.678 ,0.993   
5     ,7      ,364  ,127      ,16.563 ,17.196 ,0.963   
5     ,7      ,368  ,127      ,16.527 ,17.057 ,0.969   
5     ,7      ,372  ,127      ,16.566 ,17.078 ,0.97    
5     ,7      ,376  ,127      ,16.448 ,16.692 ,0.985   
5     ,7      ,380  ,127      ,19.858 ,16.865 ,1.178   
5     ,7      ,384  ,127      ,19.822 ,19.118 ,1.037   
5     ,7      ,388  ,127      ,19.777 ,17.698 ,1.117   
5     ,7      ,392  ,127      ,19.73  ,18.312 ,1.077   
5     ,7      ,396  ,127      ,19.728 ,18.388 ,1.073   
5     ,7      ,40   ,127      ,6.532  ,10.992 ,0.594   
5     ,7      ,400  ,127      ,19.727 ,18.656 ,1.057   
5     ,7      ,404  ,127      ,19.633 ,17.91  ,1.096   
5     ,7      ,408  ,127      ,19.206 ,17.887 ,1.074   
5     ,7      ,412  ,127      ,18.011 ,17.356 ,1.038   
5     ,7      ,416  ,127      ,17.899 ,20.341 ,0.88    
5     ,7      ,420  ,127      ,17.864 ,19.043 ,0.938   
5     ,7      ,424  ,127      ,17.982 ,19.028 ,0.945   
5     ,7      ,428  ,127      ,18.027 ,19.09  ,0.944   
5     ,7      ,432  ,127      ,18.052 ,19.098 ,0.945   
5     ,7      ,436  ,127      ,17.986 ,19.028 ,0.945   
5     ,7      ,44   ,127      ,6.426  ,10.22  ,0.629   
5     ,7      ,440  ,127      ,17.926 ,18.915 ,0.948   
5     ,7      ,444  ,127      ,20.773 ,18.188 ,1.142   
5     ,7      ,448  ,127      ,20.815 ,21.269 ,0.979   
5     ,7      ,452  ,127      ,20.717 ,19.866 ,1.043   
5     ,7      ,456  ,127      ,20.763 ,19.868 ,1.045   
5     ,7      ,460  ,127      ,20.724 ,19.921 ,1.04    
5     ,7      ,464  ,127      ,20.763 ,19.96  ,1.04    
5     ,7      ,468  ,127      ,20.674 ,19.946 ,1.037   
5     ,7      ,472  ,127      ,20.206 ,19.963 ,1.012   
5     ,7      ,476  ,127      ,19.82  ,18.516 ,1.07    
5     ,7      ,48   ,127      ,6.606  ,11.073 ,0.597   
5     ,7      ,480  ,127      ,19.651 ,21.327 ,0.921   
5     ,7      ,484  ,127      ,19.827 ,20.137 ,0.985   
5     ,7      ,488  ,127      ,19.781 ,20.18  ,0.98    
5     ,7      ,492  ,127      ,19.97  ,20.32  ,0.983   
5     ,7      ,496  ,127      ,19.733 ,20.333 ,0.971   
5     ,7      ,500  ,127      ,19.785 ,20.323 ,0.974   
5     ,7      ,504  ,127      ,19.196 ,20.136 ,0.953   
5     ,7      ,508  ,127      ,23.612 ,18.875 ,1.251   
5     ,7      ,512  ,127      ,23.532 ,22.402 ,1.05    
5     ,7      ,52   ,127      ,6.593  ,10.537 ,0.626   
5     ,7      ,56   ,127      ,6.571  ,10.378 ,0.633   
5     ,7      ,60   ,127      ,8.989  ,9.801  ,0.917   
5     ,7      ,64   ,127      ,8.622  ,11.87  ,0.726   
5     ,7      ,68   ,127      ,8.198  ,12.272 ,0.668   
5     ,7      ,72   ,127      ,8.186  ,11.001 ,0.744   
5     ,7      ,76   ,127      ,8.255  ,12.271 ,0.673   
5     ,7      ,80   ,127      ,8.203  ,10.903 ,0.752   
5     ,7      ,84   ,127      ,8.201  ,10.921 ,0.751   
5     ,7      ,88   ,127      ,8.152  ,10.963 ,0.744   
5     ,7      ,92   ,127      ,8.431  ,9.253  ,0.911   
5     ,7      ,96   ,127      ,8.413  ,11.329 ,0.743   
6     ,0      ,14   ,127      ,4.951  ,7.351  ,0.674   
6     ,0      ,6    ,127      ,3.83   ,5.363  ,0.714   
6     ,2      ,100  ,127      ,7.648  ,10.803 ,0.708   
6     ,2      ,104  ,127      ,7.629  ,10.45  ,0.73    
6     ,2      ,108  ,127      ,7.648  ,10.774 ,0.71    
6     ,2      ,112  ,127      ,7.758  ,10.598 ,0.732   
6     ,2      ,116  ,127      ,7.666  ,10.576 ,0.725   
6     ,2      ,120  ,127      ,6.957  ,10.47  ,0.664   
6     ,2      ,124  ,127      ,9.144  ,8.692  ,1.052   
6     ,2      ,128  ,127      ,8.988  ,9.511  ,0.945   
6     ,2      ,132  ,127      ,8.985  ,12.704 ,0.707   
6     ,2      ,136  ,127      ,9.038  ,12.441 ,0.726   
6     ,2      ,140  ,127      ,8.989  ,12.493 ,0.72    
6     ,2      ,144  ,127      ,8.927  ,12.573 ,0.71    
6     ,2      ,148  ,127      ,8.975  ,12.545 ,0.715   
6     ,2      ,152  ,127      ,8.111  ,12.515 ,0.648   
6     ,2      ,156  ,127      ,11.932 ,9.35   ,1.276   
6     ,2      ,16   ,127      ,5.472  ,8.088  ,0.676   
6     ,2      ,160  ,127      ,11.849 ,10.105 ,1.173   
6     ,2      ,164  ,127      ,11.871 ,10.913 ,1.088   
6     ,2      ,168  ,127      ,11.957 ,11.716 ,1.021   
6     ,2      ,172  ,127      ,11.962 ,10.93  ,1.094   
6     ,2      ,176  ,127      ,11.94  ,12.106 ,0.986   
6     ,2      ,180  ,127      ,12.036 ,11.968 ,1.006   
6     ,2      ,184  ,127      ,10.516 ,11.974 ,0.878   
6     ,2      ,188  ,127      ,12.175 ,9.712  ,1.254   
6     ,2      ,192  ,127      ,12.405 ,10.368 ,1.196   
6     ,2      ,196  ,127      ,12.41  ,11.976 ,1.036   
6     ,2      ,20   ,127      ,5.452  ,8.02   ,0.68    
6     ,2      ,200  ,127      ,12.398 ,11.562 ,1.072   
6     ,2      ,204  ,127      ,12.435 ,12.139 ,1.024   
6     ,2      ,208  ,127      ,12.494 ,11.499 ,1.087   
6     ,2      ,212  ,127      ,12.525 ,11.534 ,1.086   
6     ,2      ,216  ,127      ,11.747 ,11.485 ,1.023   
6     ,2      ,220  ,127      ,13.666 ,10.657 ,1.282   
6     ,2      ,224  ,127      ,12.476 ,10.854 ,1.149   
6     ,2      ,228  ,127      ,12.443 ,11.615 ,1.071   
6     ,2      ,232  ,127      ,12.502 ,11.572 ,1.08    
6     ,2      ,236  ,127      ,12.53  ,11.675 ,1.073   
6     ,2      ,24   ,127      ,5.453  ,7.987  ,0.683   
6     ,2      ,240  ,127      ,12.591 ,11.542 ,1.091   
6     ,2      ,244  ,127      ,12.503 ,11.679 ,1.071   
6     ,2      ,248  ,127      ,11.7   ,11.599 ,1.009   
6     ,2      ,252  ,127      ,14.009 ,12.768 ,1.097   
6     ,2      ,256  ,127      ,15.087 ,12.749 ,1.183   
6     ,2      ,260  ,127      ,15.049 ,13.141 ,1.145   
6     ,2      ,264  ,127      ,15.034 ,13.014 ,1.155   
6     ,2      ,268  ,127      ,15.101 ,13.091 ,1.154   
6     ,2      ,272  ,127      ,15.128 ,12.912 ,1.172   
6     ,2      ,276  ,127      ,15.093 ,12.879 ,1.172   
6     ,2      ,28   ,127      ,5.14   ,7.635  ,0.673   
6     ,2      ,280  ,127      ,13.589 ,12.95  ,1.049   
6     ,2      ,284  ,127      ,14.113 ,14.007 ,1.008   
6     ,2      ,288  ,127      ,13.98  ,13.683 ,1.022   
6     ,2      ,292  ,127      ,13.908 ,13.663 ,1.018   
6     ,2      ,296  ,127      ,13.867 ,13.779 ,1.006   
6     ,2      ,300  ,127      ,13.995 ,13.647 ,1.025   
6     ,2      ,304  ,127      ,13.897 ,13.622 ,1.02    
6     ,2      ,308  ,127      ,13.907 ,13.641 ,1.02    
6     ,2      ,312  ,127      ,13.237 ,13.674 ,0.968   
6     ,2      ,316  ,127      ,15.379 ,14.042 ,1.095   
6     ,2      ,32   ,127      ,6.485  ,5.534  ,1.172   
6     ,2      ,320  ,127      ,16.339 ,14.152 ,1.155   
6     ,2      ,324  ,127      ,16.341 ,14.68  ,1.113   
6     ,2      ,328  ,127      ,16.29  ,14.329 ,1.137   
6     ,2      ,332  ,127      ,16.304 ,15.022 ,1.085   
6     ,2      ,336  ,127      ,16.345 ,14.349 ,1.139   
6     ,2      ,340  ,127      ,16.382 ,14.494 ,1.13    
6     ,2      ,344  ,127      ,14.99  ,14.454 ,1.037   
6     ,2      ,348  ,127      ,15.883 ,15.291 ,1.039   
6     ,2      ,352  ,127      ,15.797 ,14.91  ,1.059   
6     ,2      ,356  ,127      ,15.832 ,15.322 ,1.033   
6     ,2      ,36   ,127      ,6.707  ,7.071  ,0.948   
6     ,2      ,360  ,127      ,15.768 ,15.199 ,1.037   
6     ,2      ,364  ,127      ,15.825 ,15.485 ,1.022   
6     ,2      ,368  ,127      ,15.802 ,15.374 ,1.028   
6     ,2      ,372  ,127      ,15.755 ,15.441 ,1.02    
6     ,2      ,376  ,127      ,14.617 ,15.319 ,0.954   
6     ,2      ,380  ,127      ,17.531 ,16.611 ,1.055   
6     ,2      ,384  ,127      ,18.751 ,16.498 ,1.137   
6     ,2      ,388  ,127      ,18.622 ,17.471 ,1.066   
6     ,2      ,392  ,127      ,18.705 ,17.042 ,1.098   
6     ,2      ,396  ,127      ,18.772 ,18.141 ,1.035   
6     ,2      ,40   ,127      ,6.507  ,9.635  ,0.675   
6     ,2      ,400  ,127      ,18.694 ,17.768 ,1.052   
6     ,2      ,404  ,127      ,18.674 ,17.71  ,1.054   
6     ,2      ,408  ,127      ,16.791 ,17.217 ,0.975   
6     ,2      ,412  ,127      ,17.064 ,16.742 ,1.019   
6     ,2      ,416  ,127      ,17.258 ,17.438 ,0.99    
6     ,2      ,420  ,127      ,17.136 ,17.862 ,0.959   
6     ,2      ,424  ,127      ,17.135 ,17.779 ,0.964   
6     ,2      ,428  ,127      ,17.226 ,17.962 ,0.959   
6     ,2      ,432  ,127      ,17.215 ,17.846 ,0.965   
6     ,2      ,436  ,127      ,17.177 ,17.938 ,0.958   
6     ,2      ,44   ,127      ,6.554  ,8.697  ,0.754   
6     ,2      ,440  ,127      ,16.91  ,17.886 ,0.945   
6     ,2      ,444  ,127      ,19.009 ,17.092 ,1.112   
6     ,2      ,448  ,127      ,19.697 ,18.09  ,1.089   
6     ,2      ,452  ,127      ,19.618 ,18.504 ,1.06    
6     ,2      ,456  ,127      ,19.603 ,18.383 ,1.066   
6     ,2      ,460  ,127      ,20.056 ,18.543 ,1.082   
6     ,2      ,464  ,127      ,19.651 ,18.337 ,1.072   
6     ,2      ,468  ,127      ,19.568 ,18.326 ,1.068   
6     ,2      ,472  ,127      ,18.742 ,18.379 ,1.02    
6     ,2      ,476  ,127      ,20.181 ,18.154 ,1.112   
6     ,2      ,48   ,127      ,6.535  ,9.684  ,0.675   
6     ,2      ,480  ,127      ,19.895 ,18.581 ,1.071   
6     ,2      ,484  ,127      ,19.9   ,19.131 ,1.04    
6     ,2      ,488  ,127      ,19.903 ,18.99  ,1.048   
6     ,2      ,492  ,127      ,19.858 ,19.174 ,1.036   
6     ,2      ,496  ,127      ,19.725 ,19.048 ,1.036   
6     ,2      ,500  ,127      ,19.932 ,19.003 ,1.049   
6     ,2      ,504  ,127      ,19.174 ,19.16  ,1.001   
6     ,2      ,508  ,127      ,21.129 ,18.077 ,1.169   
6     ,2      ,512  ,127      ,22.903 ,19.402 ,1.18    
6     ,2      ,52   ,127      ,6.589  ,9.699  ,0.679   
6     ,2      ,56   ,127      ,6.557  ,9.628  ,0.681   
6     ,2      ,60   ,127      ,7.627  ,9.185  ,0.83    
6     ,2      ,64   ,127      ,7.754  ,8.929  ,0.868   
6     ,2      ,68   ,127      ,7.61   ,11.026 ,0.69    
6     ,2      ,72   ,127      ,7.679  ,10.536 ,0.729   
6     ,2      ,76   ,127      ,7.661  ,10.996 ,0.697   
6     ,2      ,80   ,127      ,7.671  ,10.886 ,0.705   
6     ,2      ,84   ,127      ,7.668  ,10.867 ,0.706   
6     ,2      ,88   ,127      ,6.81   ,10.025 ,0.679   
6     ,2      ,92   ,127      ,7.449  ,8.42   ,0.885   
6     ,2      ,96   ,127      ,7.629  ,8.865  ,0.861   
6     ,3      ,64   ,127      ,7.662  ,10.556 ,0.726   
6     ,4      ,32   ,127      ,6.405  ,5.42   ,1.182   
6     ,4      ,512  ,127      ,21.762 ,20.619 ,1.055   
6     ,6      ,512  ,127      ,18.23  ,17.08  ,1.067   
6     ,7      ,1024 ,127      ,35.569 ,34.113 ,1.043   
7     ,0      ,15   ,127      ,4.984  ,7.681  ,0.649   
7     ,0      ,7    ,127      ,3.83   ,5.361  ,0.714   
7     ,1      ,100  ,127      ,7.632  ,10.64  ,0.717   
7     ,1      ,104  ,127      ,7.646  ,10.424 ,0.733   
7     ,1      ,108  ,127      ,7.689  ,10.773 ,0.714   
7     ,1      ,112  ,127      ,7.677  ,10.582 ,0.726   
7     ,1      ,116  ,127      ,7.025  ,10.447 ,0.672   
7     ,1      ,120  ,127      ,6.958  ,10.472 ,0.664   
7     ,1      ,124  ,127      ,9.143  ,8.485  ,1.077   
7     ,1      ,128  ,127      ,9.012  ,9.558  ,0.943   
7     ,1      ,132  ,127      ,8.988  ,12.593 ,0.714   
7     ,1      ,136  ,127      ,9.011  ,12.463 ,0.723   
7     ,1      ,140  ,127      ,8.991  ,12.547 ,0.717   
7     ,1      ,144  ,127      ,8.93   ,12.612 ,0.708   
7     ,1      ,148  ,127      ,8.096  ,12.536 ,0.646   
7     ,1      ,152  ,127      ,8.003  ,12.507 ,0.64    
7     ,1      ,156  ,127      ,11.95  ,8.86   ,1.349   
7     ,1      ,16   ,127      ,5.467  ,8.073  ,0.677   
7     ,1      ,160  ,127      ,11.821 ,10.104 ,1.17    
7     ,1      ,164  ,127      ,11.904 ,10.95  ,1.087   
7     ,1      ,168  ,127      ,11.987 ,11.594 ,1.034   
7     ,1      ,172  ,127      ,11.932 ,10.896 ,1.095   
7     ,1      ,176  ,127      ,11.876 ,11.821 ,1.005   
7     ,1      ,180  ,127      ,10.544 ,12.01  ,0.878   
7     ,1      ,184  ,127      ,10.51  ,12.098 ,0.869   
7     ,1      ,188  ,127      ,12.152 ,9.351  ,1.299   
7     ,1      ,192  ,127      ,12.402 ,10.349 ,1.198   
7     ,1      ,196  ,127      ,12.416 ,12.017 ,1.033   
7     ,1      ,20   ,127      ,5.657  ,8.124  ,0.696   
7     ,1      ,200  ,127      ,12.438 ,11.598 ,1.072   
7     ,1      ,204  ,127      ,12.459 ,12.092 ,1.03    
7     ,1      ,208  ,127      ,12.546 ,11.522 ,1.089   
7     ,1      ,212  ,127      ,11.823 ,11.525 ,1.026   
7     ,1      ,216  ,127      ,11.168 ,11.444 ,0.976   
7     ,1      ,220  ,127      ,13.695 ,10.149 ,1.349   
7     ,1      ,224  ,127      ,12.469 ,10.898 ,1.144   
7     ,1      ,228  ,127      ,12.473 ,11.659 ,1.07    
7     ,1      ,232  ,127      ,12.568 ,11.58  ,1.085   
7     ,1      ,236  ,127      ,12.534 ,11.661 ,1.075   
7     ,1      ,24   ,127      ,5.445  ,7.966  ,0.684   
7     ,1      ,240  ,127      ,12.561 ,11.534 ,1.089   
7     ,1      ,244  ,127      ,11.704 ,11.646 ,1.005   
7     ,1      ,248  ,127      ,11.784 ,11.631 ,1.013   
7     ,1      ,252  ,127      ,14.039 ,12.272 ,1.144   
7     ,1      ,256  ,127      ,15.132 ,12.752 ,1.187   
7     ,1      ,260  ,127      ,15.102 ,13.137 ,1.15    
7     ,1      ,264  ,127      ,15.027 ,13.012 ,1.155   
7     ,1      ,268  ,127      ,15.1   ,13.123 ,1.151   
7     ,1      ,272  ,127      ,15.108 ,12.824 ,1.178   
7     ,1      ,276  ,127      ,13.556 ,12.943 ,1.047   
7     ,1      ,28   ,127      ,5.144  ,7.626  ,0.675   
7     ,1      ,280  ,127      ,12.969 ,12.971 ,1.0     
7     ,1      ,284  ,127      ,14.149 ,12.805 ,1.105   
7     ,1      ,288  ,127      ,14.013 ,13.713 ,1.022   
7     ,1      ,292  ,127      ,13.907 ,13.728 ,1.013   
7     ,1      ,296  ,127      ,13.876 ,13.728 ,1.011   
7     ,1      ,300  ,127      ,14.039 ,13.629 ,1.03    
7     ,1      ,304  ,127      ,13.935 ,13.582 ,1.026   
7     ,1      ,308  ,127      ,13.27  ,13.664 ,0.971   
7     ,1      ,312  ,127      ,13.321 ,13.659 ,0.975   
7     ,1      ,316  ,127      ,15.381 ,13.41  ,1.147   
7     ,1      ,32   ,127      ,6.652  ,5.476  ,1.215   
7     ,1      ,320  ,127      ,16.341 ,14.218 ,1.149   
7     ,1      ,324  ,127      ,16.378 ,14.71  ,1.113   
7     ,1      ,328  ,127      ,16.263 ,14.394 ,1.13    
7     ,1      ,332  ,127      ,16.343 ,14.978 ,1.091   
7     ,1      ,336  ,127      ,16.302 ,14.378 ,1.134   
7     ,1      ,340  ,127      ,14.941 ,14.501 ,1.03    
7     ,1      ,344  ,127      ,14.375 ,14.399 ,0.998   
7     ,1      ,348  ,127      ,15.922 ,14.327 ,1.111   
7     ,1      ,352  ,127      ,15.8   ,14.883 ,1.062   
7     ,1      ,356  ,127      ,15.867 ,15.353 ,1.033   
7     ,1      ,36   ,127      ,6.57   ,6.104  ,1.076   
7     ,1      ,360  ,127      ,15.764 ,15.268 ,1.032   
7     ,1      ,364  ,127      ,15.898 ,15.554 ,1.022   
7     ,1      ,368  ,127      ,15.801 ,15.309 ,1.032   
7     ,1      ,372  ,127      ,14.669 ,15.424 ,0.951   
7     ,1      ,376  ,127      ,14.592 ,15.411 ,0.947   
7     ,1      ,380  ,127      ,17.569 ,15.048 ,1.167   
7     ,1      ,384  ,127      ,18.706 ,16.565 ,1.129   
7     ,1      ,388  ,127      ,18.707 ,17.39  ,1.076   
7     ,1      ,392  ,127      ,18.661 ,17.764 ,1.051   
7     ,1      ,396  ,127      ,18.746 ,18.191 ,1.031   
7     ,1      ,40   ,127      ,6.603  ,9.642  ,0.685   
7     ,1      ,400  ,127      ,18.708 ,17.903 ,1.045   
7     ,1      ,404  ,127      ,16.986 ,17.159 ,0.99    
7     ,1      ,408  ,127      ,16.348 ,17.286 ,0.946   
7     ,1      ,412  ,127      ,16.949 ,15.86  ,1.069   
7     ,1      ,416  ,127      ,17.179 ,17.448 ,0.985   
7     ,1      ,420  ,127      ,17.124 ,17.791 ,0.962   
7     ,1      ,424  ,127      ,17.262 ,17.824 ,0.968   
7     ,1      ,428  ,127      ,17.178 ,17.932 ,0.958   
7     ,1      ,432  ,127      ,17.259 ,17.835 ,0.968   
7     ,1      ,436  ,127      ,16.874 ,17.883 ,0.944   
7     ,1      ,44   ,127      ,6.517  ,8.648  ,0.754   
7     ,1      ,440  ,127      ,16.896 ,17.942 ,0.942   
7     ,1      ,444  ,127      ,19.097 ,16.438 ,1.162   
7     ,1      ,448  ,127      ,19.621 ,18.124 ,1.083   
7     ,1      ,452  ,127      ,19.668 ,18.589 ,1.058   
7     ,1      ,456  ,127      ,19.557 ,18.331 ,1.067   
7     ,1      ,460  ,127      ,19.687 ,18.455 ,1.067   
7     ,1      ,464  ,127      ,19.651 ,18.379 ,1.069   
7     ,1      ,468  ,127      ,18.732 ,18.335 ,1.022   
7     ,1      ,472  ,127      ,17.816 ,18.46  ,0.965   
7     ,1      ,476  ,127      ,20.089 ,17.642 ,1.139   
7     ,1      ,48   ,127      ,6.668  ,9.687  ,0.688   
7     ,1      ,480  ,127      ,19.925 ,18.632 ,1.069   
7     ,1      ,484  ,127      ,19.952 ,19.159 ,1.041   
7     ,1      ,488  ,127      ,19.864 ,18.995 ,1.046   
7     ,1      ,492  ,127      ,19.947 ,19.304 ,1.033   
7     ,1      ,496  ,127      ,19.904 ,19.083 ,1.043   
7     ,1      ,500  ,127      ,19.22  ,19.089 ,1.007   
7     ,1      ,504  ,127      ,19.179 ,19.179 ,1.0     
7     ,1      ,508  ,127      ,21.124 ,17.846 ,1.184   
7     ,1      ,512  ,127      ,21.833 ,19.453 ,1.122   
7     ,1      ,52   ,127      ,6.714  ,9.706  ,0.692   
7     ,1      ,56   ,127      ,6.55   ,9.681  ,0.677   
7     ,1      ,60   ,127      ,7.634  ,9.22   ,0.828   
7     ,1      ,64   ,127      ,7.752  ,9.015  ,0.86    
7     ,1      ,68   ,127      ,7.742  ,10.735 ,0.721   
7     ,1      ,72   ,127      ,7.663  ,10.561 ,0.726   
7     ,1      ,76   ,127      ,7.679  ,11.07  ,0.694   
7     ,1      ,80   ,127      ,7.663  ,10.849 ,0.706   
7     ,1      ,84   ,127      ,6.816  ,10.565 ,0.645   
7     ,1      ,88   ,127      ,6.05   ,9.978  ,0.606   
7     ,1      ,92   ,127      ,7.464  ,8.22   ,0.908   
7     ,1      ,96   ,127      ,7.629  ,8.901  ,0.857   
7     ,2      ,16   ,127      ,5.251  ,7.755  ,0.677   
7     ,5      ,100  ,127      ,7.612  ,10.543 ,0.722   
7     ,5      ,104  ,127      ,7.628  ,10.447 ,0.73    
7     ,5      ,108  ,127      ,7.646  ,10.604 ,0.721   
7     ,5      ,112  ,127      ,7.681  ,10.627 ,0.723   
7     ,5      ,116  ,127      ,7.664  ,10.577 ,0.725   
7     ,5      ,120  ,127      ,6.941  ,10.422 ,0.666   
7     ,5      ,124  ,127      ,9.139  ,8.987  ,1.017   
7     ,5      ,128  ,127      ,8.986  ,11.04  ,0.814   
7     ,5      ,132  ,127      ,9.012  ,12.533 ,0.719   
7     ,5      ,136  ,127      ,9.006  ,12.455 ,0.723   
7     ,5      ,140  ,127      ,8.992  ,12.518 ,0.718   
7     ,5      ,144  ,127      ,8.986  ,12.593 ,0.714   
7     ,5      ,148  ,127      ,8.989  ,12.58  ,0.715   
7     ,5      ,152  ,127      ,7.978  ,12.553 ,0.636   
7     ,5      ,156  ,127      ,11.878 ,9.312  ,1.276   
7     ,5      ,16   ,127      ,5.46   ,8.059  ,0.677   
7     ,5      ,160  ,127      ,11.911 ,11.02  ,1.081   
7     ,5      ,164  ,127      ,11.928 ,11.754 ,1.015   
7     ,5      ,168  ,127      ,11.962 ,11.671 ,1.025   
7     ,5      ,172  ,127      ,11.952 ,11.878 ,1.006   
7     ,5      ,176  ,127      ,11.907 ,11.987 ,0.993   
7     ,5      ,180  ,127      ,11.928 ,11.82  ,1.009   
7     ,5      ,184  ,127      ,10.468 ,12.029 ,0.87    
7     ,5      ,188  ,127      ,12.294 ,9.745  ,1.262   
7     ,5      ,192  ,127      ,12.457 ,11.246 ,1.108   
7     ,5      ,196  ,127      ,12.403 ,11.496 ,1.079   
7     ,5      ,20   ,127      ,5.433  ,7.967  ,0.682   
7     ,5      ,200  ,127      ,12.435 ,11.621 ,1.07    
7     ,5      ,204  ,127      ,12.384 ,11.467 ,1.08    
7     ,5      ,208  ,127      ,12.514 ,11.495 ,1.089   
7     ,5      ,212  ,127      ,12.497 ,11.475 ,1.089   
7     ,5      ,216  ,127      ,11.141 ,11.535 ,0.966   
7     ,5      ,220  ,127      ,12.527 ,10.558 ,1.187   
7     ,5      ,224  ,127      ,12.467 ,11.619 ,1.073   
7     ,5      ,228  ,127      ,12.489 ,11.541 ,1.082   
7     ,5      ,232  ,127      ,12.507 ,11.516 ,1.086   
7     ,5      ,236  ,127      ,12.589 ,11.513 ,1.093   
7     ,5      ,24   ,127      ,5.451  ,7.971  ,0.684   
7     ,5      ,240  ,127      ,12.475 ,11.719 ,1.064   
7     ,5      ,244  ,127      ,12.561 ,11.649 ,1.078   
7     ,5      ,248  ,127      ,11.782 ,11.623 ,1.014   
7     ,5      ,252  ,127      ,15.435 ,12.476 ,1.237   
7     ,5      ,256  ,127      ,15.182 ,13.003 ,1.168   
7     ,5      ,260  ,127      ,15.069 ,13.061 ,1.154   
7     ,5      ,264  ,127      ,15.106 ,13.039 ,1.158   
7     ,5      ,268  ,127      ,15.099 ,12.929 ,1.168   
7     ,5      ,272  ,127      ,15.141 ,12.899 ,1.174   
7     ,5      ,276  ,127      ,15.175 ,12.947 ,1.172   
7     ,5      ,28   ,127      ,5.449  ,7.95   ,0.685   
7     ,5      ,280  ,127      ,12.961 ,12.942 ,1.001   
7     ,5      ,284  ,127      ,14.031 ,13.103 ,1.071   
7     ,5      ,288  ,127      ,14.031 ,13.785 ,1.018   
7     ,5      ,292  ,127      ,13.933 ,13.729 ,1.015   
7     ,5      ,296  ,127      ,13.875 ,13.607 ,1.02    
7     ,5      ,300  ,127      ,13.975 ,13.722 ,1.018   
7     ,5      ,304  ,127      ,13.961 ,13.564 ,1.029   
7     ,5      ,308  ,127      ,13.871 ,13.668 ,1.015   
7     ,5      ,312  ,127      ,13.293 ,13.667 ,0.973   
7     ,5      ,316  ,127      ,17.422 ,13.846 ,1.258   
7     ,5      ,32   ,127      ,6.599  ,5.546  ,1.19    
7     ,5      ,320  ,127      ,16.363 ,14.447 ,1.133   
7     ,5      ,324  ,127      ,16.299 ,14.337 ,1.137   
7     ,5      ,328  ,127      ,16.299 ,14.492 ,1.125   
7     ,5      ,332  ,127      ,16.344 ,14.355 ,1.139   
7     ,5      ,336  ,127      ,16.292 ,14.358 ,1.135   
7     ,5      ,340  ,127      ,16.383 ,14.412 ,1.137   
7     ,5      ,344  ,127      ,14.306 ,14.394 ,0.994   
7     ,5      ,348  ,127      ,15.852 ,14.49  ,1.094   
7     ,5      ,352  ,127      ,15.833 ,15.045 ,1.052   
7     ,5      ,356  ,127      ,15.875 ,15.312 ,1.037   
7     ,5      ,36   ,127      ,6.531  ,9.147  ,0.714   
7     ,5      ,360  ,127      ,15.835 ,15.192 ,1.042   
7     ,5      ,364  ,127      ,15.842 ,15.424 ,1.027   
7     ,5      ,368  ,127      ,15.804 ,15.357 ,1.029   
7     ,5      ,372  ,127      ,15.836 ,15.382 ,1.03    
7     ,5      ,376  ,127      ,14.572 ,15.388 ,0.947   
7     ,5      ,380  ,127      ,18.848 ,15.542 ,1.213   
7     ,5      ,384  ,127      ,18.662 ,16.869 ,1.106   
7     ,5      ,388  ,127      ,18.707 ,16.927 ,1.105   
7     ,5      ,392  ,127      ,18.669 ,17.796 ,1.049   
7     ,5      ,396  ,127      ,18.664 ,17.786 ,1.049   
7     ,5      ,40   ,127      ,6.534  ,9.622  ,0.679   
7     ,5      ,400  ,127      ,18.666 ,17.83  ,1.047   
7     ,5      ,404  ,127      ,18.573 ,17.232 ,1.078   
7     ,5      ,408  ,127      ,16.511 ,17.235 ,0.958   
7     ,5      ,412  ,127      ,17.223 ,16.255 ,1.06    
7     ,5      ,416  ,127      ,17.102 ,17.7   ,0.966   
7     ,5      ,420  ,127      ,17.106 ,17.823 ,0.96    
7     ,5      ,424  ,127      ,17.176 ,17.788 ,0.966   
7     ,5      ,428  ,127      ,17.134 ,17.925 ,0.956   
7     ,5      ,432  ,127      ,17.217 ,17.927 ,0.96    
7     ,5      ,436  ,127      ,17.162 ,17.94  ,0.957   
7     ,5      ,44   ,127      ,6.627  ,9.598  ,0.69    
7     ,5      ,440  ,127      ,16.833 ,17.851 ,0.943   
7     ,5      ,444  ,127      ,19.645 ,16.876 ,1.164   
7     ,5      ,448  ,127      ,19.678 ,18.213 ,1.08    
7     ,5      ,452  ,127      ,19.559 ,18.289 ,1.069   
7     ,5      ,456  ,127      ,19.98  ,18.264 ,1.094   
7     ,5      ,460  ,127      ,19.629 ,18.385 ,1.068   
7     ,5      ,464  ,127      ,19.648 ,18.329 ,1.072   
7     ,5      ,468  ,127      ,19.532 ,18.408 ,1.061   
7     ,5      ,472  ,127      ,17.856 ,18.419 ,0.969   
7     ,5      ,476  ,127      ,19.944 ,17.783 ,1.122   
7     ,5      ,48   ,127      ,6.671  ,9.674  ,0.69    
7     ,5      ,480  ,127      ,19.717 ,18.939 ,1.041   
7     ,5      ,484  ,127      ,19.901 ,19.074 ,1.043   
7     ,5      ,488  ,127      ,19.859 ,18.992 ,1.046   
7     ,5      ,492  ,127      ,19.928 ,19.076 ,1.045   
7     ,5      ,496  ,127      ,19.808 ,19.002 ,1.042   
7     ,5      ,500  ,127      ,19.812 ,19.048 ,1.04    
7     ,5      ,504  ,127      ,19.175 ,18.914 ,1.014   
7     ,5      ,508  ,127      ,21.839 ,17.979 ,1.215   
7     ,5      ,512  ,127      ,21.83  ,20.707 ,1.054   
7     ,5      ,52   ,127      ,6.517  ,9.674  ,0.674   
7     ,5      ,56   ,127      ,6.588  ,9.652  ,0.682   
7     ,5      ,60   ,127      ,8.675  ,9.839  ,0.882   
7     ,5      ,64   ,127      ,7.734  ,10.296 ,0.751   
7     ,5      ,68   ,127      ,7.633  ,10.833 ,0.705   
7     ,5      ,72   ,127      ,7.653  ,10.492 ,0.729   
7     ,5      ,76   ,127      ,7.654  ,10.83  ,0.707   
7     ,5      ,80   ,127      ,7.664  ,10.819 ,0.708   
7     ,5      ,84   ,127      ,7.666  ,10.862 ,0.706   
7     ,5      ,88   ,127      ,6.052  ,10.116 ,0.598   
7     ,5      ,92   ,127      ,7.694  ,8.218  ,0.936   
7     ,5      ,96   ,127      ,7.649  ,10.206 ,0.749   
7     ,6      ,1024 ,127      ,35.497 ,33.249 ,1.068   
7     ,7      ,1024 ,127      ,24.864 ,24.079 ,1.033   
0.9373635556310124
