
Results For: strcpy
align1,align2 ,len  ,max_char ,new    ,old    ,new/old 
0     ,0      ,0    ,127      ,3.277  ,4.49   ,0.73    
0     ,0      ,1    ,127      ,4.555  ,4.986  ,0.914   
0     ,0      ,10   ,127      ,5.022  ,7.437  ,0.675   
0     ,0      ,1024 ,127      ,24.672 ,25.029 ,0.986   
0     ,0      ,11   ,127      ,5.053  ,7.462  ,0.677   
0     ,0      ,12   ,127      ,5.01   ,7.458  ,0.672   
0     ,0      ,128  ,127      ,8.508  ,8.035  ,1.059   
0     ,0      ,13   ,127      ,5.034  ,7.472  ,0.674   
0     ,0      ,14   ,127      ,5.048  ,7.488  ,0.674   
0     ,0      ,15   ,127      ,4.816  ,6.692  ,0.72    
0     ,0      ,16   ,127      ,5.173  ,7.78   ,0.665   
0     ,0      ,2    ,127      ,4.538  ,4.807  ,0.944   
0     ,0      ,256  ,127      ,12.591 ,13.463 ,0.935   
0     ,0      ,3    ,127      ,4.914  ,4.335  ,1.134   
0     ,0      ,32   ,127      ,5.482  ,5.573  ,0.984   
0     ,0      ,4    ,127      ,5.028  ,7.564  ,0.665   
0     ,0      ,5    ,127      ,4.934  ,7.439  ,0.663   
0     ,0      ,512  ,127      ,17.511 ,17.167 ,1.02    
0     ,0      ,6    ,127      ,4.964  ,7.434  ,0.668   
0     ,0      ,64   ,127      ,7.38   ,6.464  ,1.142   
0     ,0      ,7    ,127      ,4.694  ,6.506  ,0.721   
0     ,0      ,8    ,127      ,5.1    ,7.604  ,0.671   
0     ,0      ,9    ,127      ,5.007  ,7.422  ,0.675   
0     ,1      ,1    ,127      ,4.592  ,5.058  ,0.908   
0     ,1      ,9    ,127      ,5.002  ,7.423  ,0.674   
0     ,2      ,10   ,127      ,5.014  ,7.438  ,0.674   
0     ,2      ,2    ,127      ,4.573  ,4.801  ,0.953   
0     ,3      ,11   ,127      ,5.071  ,7.488  ,0.677   
0     ,3      ,3    ,127      ,4.925  ,4.392  ,1.122   
0     ,4      ,100  ,127      ,8.201  ,11.605 ,0.707   
0     ,4      ,104  ,127      ,8.164  ,11.559 ,0.706   
0     ,4      ,108  ,127      ,8.179  ,11.001 ,0.743   
0     ,4      ,112  ,127      ,8.201  ,11.577 ,0.708   
0     ,4      ,116  ,127      ,8.236  ,11.023 ,0.747   
0     ,4      ,12   ,127      ,5.023  ,7.51   ,0.669   
0     ,4      ,120  ,127      ,8.222  ,10.979 ,0.749   
0     ,4      ,124  ,127      ,7.912  ,11.066 ,0.715   
0     ,4      ,128  ,127      ,10.027 ,9.741  ,1.029   
0     ,4      ,132  ,127      ,9.513  ,12.864 ,0.74    
0     ,4      ,136  ,127      ,9.534  ,12.563 ,0.759   
0     ,4      ,140  ,127      ,9.559  ,10.985 ,0.87    
0     ,4      ,144  ,127      ,9.51   ,12.486 ,0.762   
0     ,4      ,148  ,127      ,9.534  ,11.022 ,0.865   
0     ,4      ,152  ,127      ,9.538  ,10.992 ,0.868   
0     ,4      ,156  ,127      ,9.427  ,11.024 ,0.855   
0     ,4      ,16   ,127      ,5.257  ,7.875  ,0.668   
0     ,4      ,160  ,127      ,14.089 ,11.144 ,1.264   
0     ,4      ,164  ,127      ,13.25  ,13.431 ,0.987   
0     ,4      ,168  ,127      ,13.3   ,12.968 ,1.026   
0     ,4      ,172  ,127      ,13.334 ,11.766 ,1.133   
0     ,4      ,176  ,127      ,13.329 ,13.129 ,1.015   
0     ,4      ,180  ,127      ,13.266 ,11.699 ,1.134   
0     ,4      ,184  ,127      ,13.332 ,11.737 ,1.136   
0     ,4      ,188  ,127      ,12.662 ,12.935 ,0.979   
0     ,4      ,192  ,127      ,14.823 ,11.507 ,1.288   
0     ,4      ,196  ,127      ,12.475 ,14.1   ,0.885   
0     ,4      ,20   ,127      ,5.427  ,7.846  ,0.692   
0     ,4      ,200  ,127      ,12.466 ,13.419 ,0.929   
0     ,4      ,204  ,127      ,12.526 ,11.636 ,1.077   
0     ,4      ,208  ,127      ,12.499 ,13.577 ,0.921   
0     ,4      ,212  ,127      ,12.586 ,11.612 ,1.084   
0     ,4      ,216  ,127      ,12.632 ,11.604 ,1.089   
0     ,4      ,220  ,127      ,12.342 ,11.575 ,1.066   
0     ,4      ,224  ,127      ,13.12  ,11.511 ,1.14    
0     ,4      ,228  ,127      ,12.282 ,13.598 ,0.903   
0     ,4      ,232  ,127      ,12.276 ,13.613 ,0.902   
0     ,4      ,236  ,127      ,12.308 ,12.053 ,1.021   
0     ,4      ,24   ,127      ,5.231  ,7.777  ,0.673   
0     ,4      ,240  ,127      ,12.363 ,13.571 ,0.911   
0     ,4      ,244  ,127      ,12.37  ,12.156 ,1.018   
0     ,4      ,248  ,127      ,12.365 ,12.106 ,1.021   
0     ,4      ,252  ,127      ,12.391 ,12.129 ,1.022   
0     ,4      ,256  ,127      ,17.072 ,16.982 ,1.005   
0     ,4      ,260  ,127      ,16.081 ,18.574 ,0.866   
0     ,4      ,264  ,127      ,16.013 ,17.998 ,0.89    
0     ,4      ,268  ,127      ,16.051 ,17.473 ,0.919   
0     ,4      ,272  ,127      ,16.048 ,17.691 ,0.907   
0     ,4      ,276  ,127      ,16.09  ,17.156 ,0.938   
0     ,4      ,28   ,127      ,5.244  ,7.699  ,0.681   
0     ,4      ,280  ,127      ,16.097 ,17.246 ,0.933   
0     ,4      ,284  ,127      ,16.092 ,17.192 ,0.936   
0     ,4      ,288  ,127      ,16.535 ,18.169 ,0.91    
0     ,4      ,292  ,127      ,15.571 ,19.063 ,0.817   
0     ,4      ,296  ,127      ,15.53  ,18.87  ,0.823   
0     ,4      ,300  ,127      ,15.527 ,17.606 ,0.882   
0     ,4      ,304  ,127      ,15.538 ,18.523 ,0.839   
0     ,4      ,308  ,127      ,15.532 ,17.434 ,0.891   
0     ,4      ,312  ,127      ,15.455 ,17.555 ,0.88    
0     ,4      ,316  ,127      ,15.982 ,17.966 ,0.89    
0     ,4      ,32   ,127      ,6.352  ,5.746  ,1.105   
0     ,4      ,320  ,127      ,18.125 ,18.566 ,0.976   
0     ,4      ,324  ,127      ,17.118 ,19.474 ,0.879   
0     ,4      ,328  ,127      ,17.008 ,19.233 ,0.884   
0     ,4      ,332  ,127      ,17.043 ,18.266 ,0.933   
0     ,4      ,336  ,127      ,17.216 ,19.163 ,0.898   
0     ,4      ,340  ,127      ,17.079 ,17.867 ,0.956   
0     ,4      ,344  ,127      ,17.11  ,17.953 ,0.953   
0     ,4      ,348  ,127      ,16.486 ,17.973 ,0.917   
0     ,4      ,352  ,127      ,17.614 ,19.514 ,0.903   
0     ,4      ,356  ,127      ,16.164 ,19.897 ,0.812   
0     ,4      ,36   ,127      ,6.334  ,8.284  ,0.765   
0     ,4      ,360  ,127      ,16.173 ,19.431 ,0.832   
0     ,4      ,364  ,127      ,16.115 ,18.409 ,0.875   
0     ,4      ,368  ,127      ,16.188 ,19.515 ,0.83    
0     ,4      ,372  ,127      ,16.115 ,18.337 ,0.879   
0     ,4      ,376  ,127      ,16.173 ,18.358 ,0.881   
0     ,4      ,380  ,127      ,15.97  ,18.626 ,0.857   
0     ,4      ,384  ,127      ,21.258 ,18.288 ,1.162   
0     ,4      ,388  ,127      ,19.493 ,20.574 ,0.947   
0     ,4      ,392  ,127      ,19.496 ,20.049 ,0.972   
0     ,4      ,396  ,127      ,19.493 ,19.322 ,1.009   
0     ,4      ,4    ,127      ,4.766  ,5.94   ,0.802   
0     ,4      ,40   ,127      ,6.334  ,8.895  ,0.712   
0     ,4      ,400  ,127      ,19.442 ,20.675 ,0.94    
0     ,4      ,404  ,127      ,19.509 ,19.355 ,1.008   
0     ,4      ,408  ,127      ,19.282 ,18.803 ,1.025   
0     ,4      ,412  ,127      ,18.948 ,18.743 ,1.011   
0     ,4      ,416  ,127      ,19.884 ,19.705 ,1.009   
0     ,4      ,420  ,127      ,19.093 ,21.112 ,0.904   
0     ,4      ,424  ,127      ,19.133 ,20.555 ,0.931   
0     ,4      ,428  ,127      ,19.178 ,19.288 ,0.994   
0     ,4      ,432  ,127      ,19.18  ,20.558 ,0.933   
0     ,4      ,436  ,127      ,19.135 ,19.256 ,0.994   
0     ,4      ,44   ,127      ,6.344  ,8.214  ,0.772   
0     ,4      ,440  ,127      ,19.13  ,19.272 ,0.993   
0     ,4      ,444  ,127      ,19.184 ,19.462 ,0.986   
0     ,4      ,448  ,127      ,22.006 ,20.321 ,1.083   
0     ,4      ,452  ,127      ,20.52  ,21.651 ,0.948   
0     ,4      ,456  ,127      ,20.52  ,21.029 ,0.976   
0     ,4      ,460  ,127      ,20.522 ,19.805 ,1.036   
0     ,4      ,464  ,127      ,20.518 ,21.276 ,0.964   
0     ,4      ,468  ,127      ,20.599 ,19.809 ,1.04    
0     ,4      ,472  ,127      ,20.476 ,19.879 ,1.03    
0     ,4      ,476  ,127      ,20.029 ,19.941 ,1.004   
0     ,4      ,48   ,127      ,6.364  ,8.986  ,0.708   
0     ,4      ,480  ,127      ,20.821 ,20.744 ,1.004   
0     ,4      ,484  ,127      ,19.83  ,21.985 ,0.902   
0     ,4      ,488  ,127      ,19.871 ,21.271 ,0.934   
0     ,4      ,492  ,127      ,19.949 ,20.291 ,0.983   
0     ,4      ,496  ,127      ,19.897 ,21.413 ,0.929   
0     ,4      ,500  ,127      ,19.935 ,20.284 ,0.983   
0     ,4      ,504  ,127      ,19.866 ,20.322 ,0.978   
0     ,4      ,508  ,127      ,19.706 ,20.303 ,0.971   
0     ,4      ,512  ,127      ,25.109 ,20.367 ,1.233   
0     ,4      ,52   ,127      ,6.375  ,8.317  ,0.767   
0     ,4      ,56   ,127      ,6.361  ,8.289  ,0.767   
0     ,4      ,60   ,127      ,6.25   ,8.38   ,0.746   
0     ,4      ,64   ,127      ,8.8    ,7.388  ,1.191   
0     ,4      ,68   ,127      ,7.792  ,10.706 ,0.728   
0     ,4      ,72   ,127      ,7.79   ,10.402 ,0.749   
0     ,4      ,76   ,127      ,7.805  ,10.34  ,0.755   
0     ,4      ,80   ,127      ,7.809  ,10.347 ,0.755   
0     ,4      ,84   ,127      ,7.875  ,10.27  ,0.767   
0     ,4      ,88   ,127      ,7.823  ,10.318 ,0.758   
0     ,4      ,92   ,127      ,7.604  ,10.395 ,0.732   
0     ,4      ,96   ,127      ,8.835  ,8.4    ,1.052   
0     ,5      ,13   ,127      ,5.016  ,7.461  ,0.672   
0     ,5      ,5    ,127      ,4.701  ,5.786  ,0.813   
0     ,6      ,14   ,127      ,5.029  ,7.614  ,0.66    
0     ,6      ,6    ,127      ,4.721  ,5.771  ,0.818   
0     ,7      ,15   ,127      ,5.069  ,7.563  ,0.67    
0     ,7      ,7    ,127      ,4.703  ,5.77   ,0.815   
1     ,0      ,1    ,127      ,4.592  ,5.03   ,0.913   
1     ,0      ,1024 ,127      ,35.549 ,30.97  ,1.148   
1     ,0      ,128  ,127      ,8.764  ,8.937  ,0.981   
1     ,0      ,16   ,127      ,5.222  ,7.846  ,0.666   
1     ,0      ,2    ,127      ,4.68   ,5.237  ,0.894   
1     ,0      ,256  ,127      ,14.685 ,14.937 ,0.983   
1     ,0      ,32   ,127      ,5.531  ,5.733  ,0.965   
1     ,0      ,4    ,127      ,5.17   ,7.856  ,0.658   
1     ,0      ,512  ,127      ,21.32  ,19.461 ,1.096   
1     ,0      ,64   ,127      ,7.499  ,7.563  ,0.992   
1     ,0      ,8    ,127      ,5.234  ,7.873  ,0.665   
1     ,0      ,9    ,127      ,5.008  ,7.441  ,0.673   
1     ,1      ,1    ,127      ,4.679  ,5.171  ,0.905   
1     ,1      ,16   ,127      ,5.129  ,7.698  ,0.666   
1     ,2      ,16   ,127      ,5.133  ,7.68   ,0.668   
1     ,6      ,1024 ,127      ,35.353 ,29.714 ,1.19    
1     ,7      ,100  ,127      ,8.226  ,11.138 ,0.739   
1     ,7      ,104  ,127      ,8.311  ,12.016 ,0.692   
1     ,7      ,108  ,127      ,8.199  ,11.603 ,0.707   
1     ,7      ,112  ,127      ,8.218  ,12.164 ,0.676   
1     ,7      ,116  ,127      ,8.222  ,11.859 ,0.693   
1     ,7      ,120  ,127      ,8.077  ,11.681 ,0.692   
1     ,7      ,124  ,127      ,8.003  ,11.729 ,0.682   
1     ,7      ,128  ,127      ,10.071 ,9.961  ,1.011   
1     ,7      ,132  ,127      ,9.528  ,13.272 ,0.718   
1     ,7      ,136  ,127      ,9.557  ,13.335 ,0.717   
1     ,7      ,140  ,127      ,9.532  ,12.598 ,0.757   
1     ,7      ,144  ,127      ,9.471  ,13.49  ,0.702   
1     ,7      ,148  ,127      ,9.491  ,12.131 ,0.782   
1     ,7      ,152  ,127      ,9.381  ,12.366 ,0.759   
1     ,7      ,156  ,127      ,9.439  ,12.201 ,0.774   
1     ,7      ,16   ,127      ,5.262  ,7.865  ,0.669   
1     ,7      ,160  ,127      ,14.056 ,10.804 ,1.301   
1     ,7      ,164  ,127      ,13.238 ,12.898 ,1.026   
1     ,7      ,168  ,127      ,13.362 ,12.682 ,1.054   
1     ,7      ,172  ,127      ,13.336 ,12.232 ,1.09    
1     ,7      ,176  ,127      ,13.274 ,12.961 ,1.024   
1     ,7      ,180  ,127      ,13.303 ,12.009 ,1.108   
1     ,7      ,184  ,127      ,12.654 ,11.894 ,1.064   
1     ,7      ,188  ,127      ,12.568 ,12.052 ,1.043   
1     ,7      ,192  ,127      ,14.897 ,11.537 ,1.291   
1     ,7      ,196  ,127      ,12.524 ,13.229 ,0.947   
1     ,7      ,20   ,127      ,5.237  ,7.828  ,0.669   
1     ,7      ,200  ,127      ,12.554 ,13.223 ,0.949   
1     ,7      ,204  ,127      ,12.53  ,12.72  ,0.985   
1     ,7      ,208  ,127      ,12.581 ,13.284 ,0.947   
1     ,7      ,212  ,127      ,12.613 ,12.687 ,0.994   
1     ,7      ,216  ,127      ,12.423 ,12.572 ,0.988   
1     ,7      ,220  ,127      ,12.453 ,12.624 ,0.986   
1     ,7      ,224  ,127      ,13.083 ,12.492 ,1.047   
1     ,7      ,228  ,127      ,12.278 ,13.181 ,0.932   
1     ,7      ,232  ,127      ,12.373 ,13.278 ,0.932   
1     ,7      ,236  ,127      ,12.33  ,12.695 ,0.971   
1     ,7      ,24   ,127      ,5.248  ,7.764  ,0.676   
1     ,7      ,240  ,127      ,12.388 ,13.294 ,0.932   
1     ,7      ,244  ,127      ,12.305 ,12.768 ,0.964   
1     ,7      ,248  ,127      ,12.044 ,12.683 ,0.95    
1     ,7      ,252  ,127      ,12.29  ,12.625 ,0.973   
1     ,7      ,256  ,127      ,17.093 ,17.076 ,1.001   
1     ,7      ,260  ,127      ,16.047 ,18.073 ,0.888   
1     ,7      ,264  ,127      ,15.975 ,18.012 ,0.887   
1     ,7      ,268  ,127      ,16.049 ,17.6   ,0.912   
1     ,7      ,272  ,127      ,16.051 ,17.601 ,0.912   
1     ,7      ,276  ,127      ,16.056 ,17.247 ,0.931   
1     ,7      ,28   ,127      ,5.233  ,7.737  ,0.676   
1     ,7      ,280  ,127      ,16.005 ,17.281 ,0.926   
1     ,7      ,284  ,127      ,16.162 ,17.219 ,0.939   
1     ,7      ,288  ,127      ,16.532 ,17.933 ,0.922   
1     ,7      ,292  ,127      ,15.518 ,18.255 ,0.85    
1     ,7      ,296  ,127      ,15.465 ,19.01  ,0.813   
1     ,7      ,300  ,127      ,15.608 ,17.614 ,0.886   
1     ,7      ,304  ,127      ,15.458 ,18.555 ,0.833   
1     ,7      ,308  ,127      ,15.462 ,17.544 ,0.881   
1     ,7      ,312  ,127      ,15.017 ,17.598 ,0.853   
1     ,7      ,316  ,127      ,16.296 ,17.915 ,0.91    
1     ,7      ,32   ,127      ,6.334  ,6.886  ,0.92    
1     ,7      ,320  ,127      ,17.955 ,18.491 ,0.971   
1     ,7      ,324  ,127      ,17.067 ,18.786 ,0.908   
1     ,7      ,328  ,127      ,16.966 ,19.219 ,0.883   
1     ,7      ,332  ,127      ,17.099 ,18.066 ,0.946   
1     ,7      ,336  ,127      ,17.075 ,19.202 ,0.889   
1     ,7      ,340  ,127      ,17.125 ,17.974 ,0.953   
1     ,7      ,344  ,127      ,16.595 ,17.929 ,0.926   
1     ,7      ,348  ,127      ,16.525 ,18.009 ,0.918   
1     ,7      ,352  ,127      ,17.583 ,19.487 ,0.902   
1     ,7      ,356  ,127      ,16.184 ,19.284 ,0.839   
1     ,7      ,36   ,127      ,6.334  ,9.775  ,0.648   
1     ,7      ,360  ,127      ,16.138 ,19.661 ,0.821   
1     ,7      ,364  ,127      ,16.1   ,18.482 ,0.871   
1     ,7      ,368  ,127      ,16.139 ,19.529 ,0.826   
1     ,7      ,372  ,127      ,16.101 ,18.429 ,0.874   
1     ,7      ,376  ,127      ,15.611 ,18.332 ,0.852   
1     ,7      ,380  ,127      ,17.079 ,18.81  ,0.908   
1     ,7      ,384  ,127      ,20.801 ,17.989 ,1.156   
1     ,7      ,388  ,127      ,19.444 ,19.575 ,0.993   
1     ,7      ,392  ,127      ,19.5   ,20.404 ,0.956   
1     ,7      ,396  ,127      ,19.549 ,19.317 ,1.012   
1     ,7      ,40   ,127      ,6.346  ,10.722 ,0.592   
1     ,7      ,400  ,127      ,19.489 ,21.208 ,0.919   
1     ,7      ,404  ,127      ,19.478 ,19.366 ,1.006   
1     ,7      ,408  ,127      ,18.785 ,18.909 ,0.993   
1     ,7      ,412  ,127      ,18.9   ,18.779 ,1.006   
1     ,7      ,416  ,127      ,19.972 ,19.62  ,1.018   
1     ,7      ,420  ,127      ,19.131 ,20.054 ,0.954   
1     ,7      ,424  ,127      ,19.172 ,20.65  ,0.928   
1     ,7      ,428  ,127      ,19.178 ,19.295 ,0.994   
1     ,7      ,432  ,127      ,19.301 ,20.77  ,0.929   
1     ,7      ,436  ,127      ,19.176 ,19.233 ,0.997   
1     ,7      ,44   ,127      ,6.362  ,10.584 ,0.601   
1     ,7      ,440  ,127      ,18.41  ,19.196 ,0.959   
1     ,7      ,444  ,127      ,19.212 ,19.577 ,0.981   
1     ,7      ,448  ,127      ,22.01  ,20.233 ,1.088   
1     ,7      ,452  ,127      ,20.559 ,20.737 ,0.991   
1     ,7      ,456  ,127      ,20.611 ,21.195 ,0.972   
1     ,7      ,460  ,127      ,20.658 ,19.731 ,1.047   
1     ,7      ,464  ,127      ,20.619 ,21.315 ,0.967   
1     ,7      ,468  ,127      ,20.589 ,19.826 ,1.038   
1     ,7      ,472  ,127      ,19.977 ,19.927 ,1.003   
1     ,7      ,476  ,127      ,19.984 ,19.716 ,1.014   
1     ,7      ,48   ,127      ,6.379  ,10.699 ,0.596   
1     ,7      ,480  ,127      ,20.882 ,20.54  ,1.017   
1     ,7      ,484  ,127      ,19.963 ,21.107 ,0.946   
1     ,7      ,488  ,127      ,19.853 ,21.284 ,0.933   
1     ,7      ,492  ,127      ,19.958 ,20.35  ,0.981   
1     ,7      ,496  ,127      ,19.942 ,21.562 ,0.925   
1     ,7      ,500  ,127      ,20.031 ,20.202 ,0.992   
1     ,7      ,504  ,127      ,19.199 ,20.39  ,0.942   
1     ,7      ,508  ,127      ,19.776 ,20.517 ,0.964   
1     ,7      ,512  ,127      ,25.281 ,20.235 ,1.249   
1     ,7      ,52   ,127      ,6.362  ,10.351 ,0.615   
1     ,7      ,56   ,127      ,6.359  ,9.796  ,0.649   
1     ,7      ,60   ,127      ,6.236  ,10.443 ,0.597   
1     ,7      ,64   ,127      ,8.798  ,8.102  ,1.086   
1     ,7      ,68   ,127      ,8.741  ,11.274 ,0.775   
1     ,7      ,72   ,127      ,7.82   ,11.867 ,0.659   
1     ,7      ,76   ,127      ,7.824  ,11.101 ,0.705   
1     ,7      ,80   ,127      ,7.824  ,11.73  ,0.667   
1     ,7      ,84   ,127      ,7.822  ,11.242 ,0.696   
1     ,7      ,88   ,127      ,7.62   ,11.136 ,0.684   
1     ,7      ,92   ,127      ,7.639  ,11.261 ,0.678   
1     ,7      ,96   ,127      ,8.794  ,8.75   ,1.005   
2     ,0      ,10   ,127      ,5.028  ,7.438  ,0.676   
2     ,0      ,2    ,127      ,3.396  ,4.383  ,0.775   
2     ,1      ,16   ,127      ,5.125  ,7.677  ,0.668   
2     ,2      ,100  ,127      ,7.301  ,11.094 ,0.658   
2     ,2      ,104  ,127      ,7.32   ,10.525 ,0.696   
2     ,2      ,108  ,127      ,7.317  ,10.54  ,0.694   
2     ,2      ,112  ,127      ,7.316  ,10.554 ,0.693   
2     ,2      ,116  ,127      ,7.353  ,10.51  ,0.7     
2     ,2      ,120  ,127      ,7.35   ,10.547 ,0.697   
2     ,2      ,124  ,127      ,7.358  ,10.578 ,0.696   
2     ,2      ,128  ,127      ,8.448  ,9.294  ,0.909   
2     ,2      ,132  ,127      ,8.394  ,11.579 ,0.725   
2     ,2      ,136  ,127      ,8.431  ,12.037 ,0.7     
2     ,2      ,140  ,127      ,8.413  ,11.95  ,0.704   
2     ,2      ,144  ,127      ,8.388  ,12.083 ,0.694   
2     ,2      ,148  ,127      ,8.375  ,12.151 ,0.689   
2     ,2      ,152  ,127      ,8.409  ,12.039 ,0.699   
2     ,2      ,156  ,127      ,8.437  ,12.102 ,0.697   
2     ,2      ,16   ,127      ,5.428  ,7.867  ,0.69    
2     ,2      ,160  ,127      ,11.969 ,9.958  ,1.202   
2     ,2      ,164  ,127      ,11.989 ,11.529 ,1.04    
2     ,2      ,168  ,127      ,12.098 ,11.015 ,1.098   
2     ,2      ,172  ,127      ,12.096 ,11.08  ,1.092   
2     ,2      ,176  ,127      ,12.099 ,10.928 ,1.107   
2     ,2      ,180  ,127      ,12.063 ,10.885 ,1.108   
2     ,2      ,184  ,127      ,12.101 ,10.952 ,1.105   
2     ,2      ,188  ,127      ,11.939 ,10.978 ,1.088   
2     ,2      ,192  ,127      ,11.37  ,10.763 ,1.056   
2     ,2      ,196  ,127      ,11.368 ,12.226 ,0.93    
2     ,2      ,2    ,127      ,4.702  ,5.064  ,0.929   
2     ,2      ,20   ,127      ,5.264  ,7.831  ,0.672   
2     ,2      ,200  ,127      ,11.44  ,11.888 ,0.962   
2     ,2      ,204  ,127      ,11.449 ,11.913 ,0.961   
2     ,2      ,208  ,127      ,11.443 ,11.627 ,0.984   
2     ,2      ,212  ,127      ,11.493 ,11.827 ,0.972   
2     ,2      ,216  ,127      ,11.468 ,11.824 ,0.97    
2     ,2      ,220  ,127      ,11.478 ,11.863 ,0.968   
2     ,2      ,224  ,127      ,11.213 ,11.328 ,0.99    
2     ,2      ,228  ,127      ,11.214 ,12.82  ,0.875   
2     ,2      ,232  ,127      ,11.213 ,11.4   ,0.984   
2     ,2      ,236  ,127      ,11.292 ,11.479 ,0.984   
2     ,2      ,24   ,127      ,5.236  ,7.821  ,0.669   
2     ,2      ,240  ,127      ,11.212 ,11.462 ,0.978   
2     ,2      ,244  ,127      ,11.19  ,11.541 ,0.97    
2     ,2      ,248  ,127      ,11.218 ,11.601 ,0.967   
2     ,2      ,252  ,127      ,11.172 ,11.552 ,0.967   
2     ,2      ,256  ,127      ,12.928 ,15.279 ,0.846   
2     ,2      ,260  ,127      ,12.905 ,15.312 ,0.843   
2     ,2      ,264  ,127      ,12.902 ,14.679 ,0.879   
2     ,2      ,268  ,127      ,12.973 ,14.774 ,0.878   
2     ,2      ,272  ,127      ,12.969 ,14.555 ,0.891   
2     ,2      ,276  ,127      ,12.912 ,14.579 ,0.886   
2     ,2      ,28   ,127      ,5.238  ,7.83   ,0.669   
2     ,2      ,280  ,127      ,12.947 ,14.648 ,0.884   
2     ,2      ,284  ,127      ,12.971 ,14.611 ,0.888   
2     ,2      ,288  ,127      ,12.477 ,15.719 ,0.794   
2     ,2      ,292  ,127      ,12.46  ,15.933 ,0.782   
2     ,2      ,296  ,127      ,12.386 ,15.522 ,0.798   
2     ,2      ,300  ,127      ,12.373 ,15.284 ,0.81    
2     ,2      ,304  ,127      ,12.43  ,15.326 ,0.811   
2     ,2      ,308  ,127      ,12.437 ,15.312 ,0.812   
2     ,2      ,312  ,127      ,12.368 ,15.34  ,0.806   
2     ,2      ,316  ,127      ,12.799 ,15.32  ,0.835   
2     ,2      ,32   ,127      ,6.286  ,5.638  ,1.115   
2     ,2      ,320  ,127      ,14.215 ,16.278 ,0.873   
2     ,2      ,324  ,127      ,14.132 ,16.5   ,0.856   
2     ,2      ,328  ,127      ,14.053 ,15.699 ,0.895   
2     ,2      ,332  ,127      ,14.108 ,15.741 ,0.896   
2     ,2      ,336  ,127      ,14.147 ,15.678 ,0.902   
2     ,2      ,340  ,127      ,14.138 ,15.789 ,0.895   
2     ,2      ,344  ,127      ,14.557 ,15.783 ,0.922   
2     ,2      ,348  ,127      ,14.077 ,15.739 ,0.894   
2     ,2      ,352  ,127      ,13.417 ,16.782 ,0.799   
2     ,2      ,356  ,127      ,13.397 ,16.909 ,0.792   
2     ,2      ,36   ,127      ,6.334  ,9.224  ,0.687   
2     ,2      ,360  ,127      ,13.397 ,15.979 ,0.838   
2     ,2      ,364  ,127      ,13.41  ,15.942 ,0.841   
2     ,2      ,368  ,127      ,13.432 ,16.092 ,0.835   
2     ,2      ,372  ,127      ,13.401 ,16.133 ,0.831   
2     ,2      ,376  ,127      ,13.357 ,16.089 ,0.83    
2     ,2      ,380  ,127      ,13.437 ,16.134 ,0.833   
2     ,2      ,384  ,127      ,16.01  ,16.423 ,0.975   
2     ,2      ,388  ,127      ,15.923 ,16.718 ,0.952   
2     ,2      ,392  ,127      ,15.902 ,16.433 ,0.968   
2     ,2      ,396  ,127      ,15.943 ,17.245 ,0.925   
2     ,2      ,40   ,127      ,6.334  ,9.719  ,0.652   
2     ,2      ,400  ,127      ,15.94  ,17.007 ,0.937   
2     ,2      ,404  ,127      ,15.903 ,17.106 ,0.93    
2     ,2      ,408  ,127      ,15.731 ,16.405 ,0.959   
2     ,2      ,412  ,127      ,15.946 ,16.458 ,0.969   
2     ,2      ,416  ,127      ,15.113 ,17.328 ,0.872   
2     ,2      ,420  ,127      ,14.978 ,17.351 ,0.863   
2     ,2      ,424  ,127      ,14.967 ,17.166 ,0.872   
2     ,2      ,428  ,127      ,15.006 ,17.175 ,0.874   
2     ,2      ,432  ,127      ,14.938 ,16.856 ,0.886   
2     ,2      ,436  ,127      ,15.038 ,16.877 ,0.891   
2     ,2      ,44   ,127      ,6.351  ,9.704  ,0.655   
2     ,2      ,440  ,127      ,15.004 ,16.899 ,0.888   
2     ,2      ,444  ,127      ,15.045 ,16.945 ,0.888   
2     ,2      ,448  ,127      ,16.874 ,17.97  ,0.939   
2     ,2      ,452  ,127      ,16.732 ,18.04  ,0.927   
2     ,2      ,456  ,127      ,16.738 ,17.848 ,0.938   
2     ,2      ,460  ,127      ,17.278 ,17.696 ,0.976   
2     ,2      ,464  ,127      ,16.796 ,17.393 ,0.966   
2     ,2      ,468  ,127      ,16.775 ,17.32  ,0.968   
2     ,2      ,472  ,127      ,16.772 ,17.314 ,0.969   
2     ,2      ,476  ,127      ,16.842 ,17.312 ,0.973   
2     ,2      ,48   ,127      ,6.41   ,9.826  ,0.652   
2     ,2      ,480  ,127      ,15.936 ,18.363 ,0.868   
2     ,2      ,484  ,127      ,15.789 ,18.588 ,0.849   
2     ,2      ,488  ,127      ,15.85  ,18.069 ,0.877   
2     ,2      ,492  ,127      ,15.946 ,18.124 ,0.88    
2     ,2      ,496  ,127      ,15.843 ,17.86  ,0.887   
2     ,2      ,500  ,127      ,15.846 ,17.997 ,0.88    
2     ,2      ,504  ,127      ,15.828 ,17.867 ,0.886   
2     ,2      ,508  ,127      ,15.86  ,17.907 ,0.886   
2     ,2      ,512  ,127      ,18.586 ,18.009 ,1.032   
2     ,2      ,52   ,127      ,6.36   ,9.803  ,0.649   
2     ,2      ,56   ,127      ,6.363  ,9.761  ,0.652   
2     ,2      ,60   ,127      ,6.349  ,9.739  ,0.652   
2     ,2      ,64   ,127      ,7.565  ,8.359  ,0.905   
2     ,2      ,68   ,127      ,7.513  ,10.663 ,0.705   
2     ,2      ,72   ,127      ,7.512  ,10.697 ,0.702   
2     ,2      ,76   ,127      ,7.554  ,10.69  ,0.707   
2     ,2      ,80   ,127      ,7.557  ,10.478 ,0.721   
2     ,2      ,84   ,127      ,7.67   ,10.438 ,0.735   
2     ,2      ,88   ,127      ,7.532  ,10.482 ,0.719   
2     ,2      ,92   ,127      ,7.528  ,10.509 ,0.716   
2     ,2      ,96   ,127      ,7.32   ,8.486  ,0.863   
2     ,4      ,32   ,127      ,6.486  ,6.924  ,0.937   
2     ,4      ,512  ,127      ,23.144 ,18.869 ,1.227   
2     ,5      ,256  ,127      ,16.027 ,17.362 ,0.923   
2     ,6      ,100  ,127      ,8.184  ,12.077 ,0.678   
2     ,6      ,104  ,127      ,8.214  ,12.132 ,0.677   
2     ,6      ,108  ,127      ,8.231  ,11.7   ,0.703   
2     ,6      ,112  ,127      ,8.22   ,12.136 ,0.677   
2     ,6      ,116  ,127      ,8.219  ,12.099 ,0.679   
2     ,6      ,120  ,127      ,8.205  ,11.983 ,0.685   
2     ,6      ,124  ,127      ,7.983  ,11.638 ,0.686   
2     ,6      ,128  ,127      ,10.093 ,10.601 ,0.952   
2     ,6      ,132  ,127      ,9.534  ,14.113 ,0.676   
2     ,6      ,136  ,127      ,9.517  ,13.188 ,0.722   
2     ,6      ,140  ,127      ,9.535  ,12.604 ,0.756   
2     ,6      ,144  ,127      ,9.541  ,13.549 ,0.704   
2     ,6      ,148  ,127      ,9.464  ,12.141 ,0.779   
2     ,6      ,152  ,127      ,9.507  ,12.141 ,0.783   
2     ,6      ,156  ,127      ,9.404  ,12.433 ,0.756   
2     ,6      ,16   ,127      ,5.421  ,7.868  ,0.689   
2     ,6      ,160  ,127      ,14.053 ,10.763 ,1.306   
2     ,6      ,164  ,127      ,13.242 ,13.688 ,0.967   
2     ,6      ,168  ,127      ,13.331 ,12.862 ,1.036   
2     ,6      ,172  ,127      ,13.335 ,12.14  ,1.098   
2     ,6      ,176  ,127      ,13.271 ,12.914 ,1.028   
2     ,6      ,180  ,127      ,13.275 ,11.93  ,1.113   
2     ,6      ,184  ,127      ,13.302 ,12.02  ,1.107   
2     ,6      ,188  ,127      ,12.541 ,12.216 ,1.027   
2     ,6      ,192  ,127      ,14.88  ,11.7   ,1.272   
2     ,6      ,196  ,127      ,12.497 ,14.868 ,0.84    
2     ,6      ,20   ,127      ,5.259  ,7.83   ,0.672   
2     ,6      ,200  ,127      ,12.524 ,13.526 ,0.926   
2     ,6      ,204  ,127      ,12.53  ,12.746 ,0.983   
2     ,6      ,208  ,127      ,12.556 ,13.169 ,0.954   
2     ,6      ,212  ,127      ,12.579 ,12.727 ,0.988   
2     ,6      ,216  ,127      ,12.554 ,12.644 ,0.993   
2     ,6      ,220  ,127      ,12.399 ,12.706 ,0.976   
2     ,6      ,224  ,127      ,13.175 ,12.475 ,1.056   
2     ,6      ,228  ,127      ,12.308 ,14.15  ,0.87    
2     ,6      ,232  ,127      ,12.304 ,13.184 ,0.933   
2     ,6      ,236  ,127      ,12.363 ,12.69  ,0.974   
2     ,6      ,24   ,127      ,5.309  ,7.795  ,0.681   
2     ,6      ,240  ,127      ,12.304 ,13.229 ,0.93    
2     ,6      ,244  ,127      ,12.282 ,12.795 ,0.96    
2     ,6      ,248  ,127      ,12.31  ,12.739 ,0.966   
2     ,6      ,252  ,127      ,12.261 ,12.612 ,0.972   
2     ,6      ,256  ,127      ,17.174 ,17.614 ,0.975   
2     ,6      ,260  ,127      ,16.078 ,18.62  ,0.863   
2     ,6      ,264  ,127      ,15.979 ,18.077 ,0.884   
2     ,6      ,268  ,127      ,16.044 ,17.588 ,0.912   
2     ,6      ,272  ,127      ,16.088 ,17.727 ,0.908   
2     ,6      ,276  ,127      ,16.014 ,17.234 ,0.929   
2     ,6      ,28   ,127      ,5.232  ,7.736  ,0.676   
2     ,6      ,280  ,127      ,16.049 ,17.217 ,0.932   
2     ,6      ,284  ,127      ,16.083 ,17.275 ,0.931   
2     ,6      ,288  ,127      ,16.526 ,17.833 ,0.927   
2     ,6      ,292  ,127      ,15.53  ,19.047 ,0.815   
2     ,6      ,296  ,127      ,15.454 ,18.88  ,0.819   
2     ,6      ,300  ,127      ,15.527 ,17.605 ,0.882   
2     ,6      ,304  ,127      ,15.501 ,18.608 ,0.833   
2     ,6      ,308  ,127      ,15.533 ,17.551 ,0.885   
2     ,6      ,312  ,127      ,15.421 ,17.549 ,0.879   
2     ,6      ,316  ,127      ,15.954 ,17.863 ,0.893   
2     ,6      ,32   ,127      ,6.33   ,6.899  ,0.918   
2     ,6      ,320  ,127      ,18.04  ,18.202 ,0.991   
2     ,6      ,324  ,127      ,17.088 ,19.602 ,0.872   
2     ,6      ,328  ,127      ,16.964 ,19.173 ,0.885   
2     ,6      ,332  ,127      ,17.048 ,18.038 ,0.945   
2     ,6      ,336  ,127      ,17.121 ,19.114 ,0.896   
2     ,6      ,340  ,127      ,17.164 ,17.986 ,0.954   
2     ,6      ,344  ,127      ,17.084 ,17.997 ,0.949   
2     ,6      ,348  ,127      ,16.567 ,17.933 ,0.924   
2     ,6      ,352  ,127      ,17.541 ,18.842 ,0.931   
2     ,6      ,356  ,127      ,16.161 ,19.964 ,0.81    
2     ,6      ,36   ,127      ,6.333  ,10.708 ,0.591   
2     ,6      ,360  ,127      ,16.048 ,19.565 ,0.82    
2     ,6      ,364  ,127      ,16.134 ,18.312 ,0.881   
2     ,6      ,368  ,127      ,16.098 ,19.529 ,0.824   
2     ,6      ,372  ,127      ,16.072 ,18.345 ,0.876   
2     ,6      ,376  ,127      ,16.111 ,18.291 ,0.881   
2     ,6      ,380  ,127      ,15.974 ,18.551 ,0.861   
2     ,6      ,384  ,127      ,20.937 ,18.32  ,1.143   
2     ,6      ,388  ,127      ,19.424 ,20.59  ,0.943   
2     ,6      ,392  ,127      ,19.503 ,20.211 ,0.965   
2     ,6      ,396  ,127      ,19.449 ,19.368 ,1.004   
2     ,6      ,40   ,127      ,6.349  ,10.729 ,0.592   
2     ,6      ,400  ,127      ,19.486 ,20.888 ,0.933   
2     ,6      ,404  ,127      ,19.487 ,19.327 ,1.008   
2     ,6      ,408  ,127      ,19.281 ,18.842 ,1.023   
2     ,6      ,412  ,127      ,18.991 ,18.878 ,1.006   
2     ,6      ,416  ,127      ,19.958 ,18.552 ,1.076   
2     ,6      ,420  ,127      ,19.042 ,21.3   ,0.894   
2     ,6      ,424  ,127      ,19.156 ,20.681 ,0.926   
2     ,6      ,428  ,127      ,19.205 ,19.305 ,0.995   
2     ,6      ,432  ,127      ,19.044 ,20.794 ,0.916   
2     ,6      ,436  ,127      ,19.135 ,19.181 ,0.998   
2     ,6      ,44   ,127      ,6.342  ,10.054 ,0.631   
2     ,6      ,440  ,127      ,19.13  ,19.211 ,0.996   
2     ,6      ,444  ,127      ,19.099 ,19.547 ,0.977   
2     ,6      ,448  ,127      ,22.183 ,19.554 ,1.134   
2     ,6      ,452  ,127      ,20.514 ,21.754 ,0.943   
2     ,6      ,456  ,127      ,20.424 ,21.145 ,0.966   
2     ,6      ,460  ,127      ,20.603 ,19.73  ,1.044   
2     ,6      ,464  ,127      ,20.761 ,21.274 ,0.976   
2     ,6      ,468  ,127      ,20.496 ,19.743 ,1.038   
2     ,6      ,472  ,127      ,20.573 ,19.808 ,1.039   
2     ,6      ,476  ,127      ,20.072 ,19.659 ,1.021   
2     ,6      ,48   ,127      ,6.378  ,10.561 ,0.604   
2     ,6      ,480  ,127      ,20.906 ,19.847 ,1.053   
2     ,6      ,484  ,127      ,20.138 ,22.313 ,0.903   
2     ,6      ,488  ,127      ,19.933 ,21.425 ,0.93    
2     ,6      ,492  ,127      ,19.944 ,20.243 ,0.985   
2     ,6      ,496  ,127      ,19.784 ,21.481 ,0.921   
2     ,6      ,500  ,127      ,19.918 ,20.265 ,0.983   
2     ,6      ,504  ,127      ,19.857 ,20.219 ,0.982   
2     ,6      ,508  ,127      ,19.692 ,20.415 ,0.965   
2     ,6      ,512  ,127      ,25.06  ,19.318 ,1.297   
2     ,6      ,52   ,127      ,6.4    ,10.311 ,0.621   
2     ,6      ,56   ,127      ,6.362  ,10.062 ,0.632   
2     ,6      ,60   ,127      ,6.236  ,10.47  ,0.596   
2     ,6      ,64   ,127      ,8.819  ,8.874  ,0.994   
2     ,6      ,68   ,127      ,7.814  ,11.929 ,0.655   
2     ,6      ,72   ,127      ,7.806  ,11.767 ,0.663   
2     ,6      ,76   ,127      ,7.805  ,11.17  ,0.699   
2     ,6      ,80   ,127      ,7.823  ,11.74  ,0.666   
2     ,6      ,84   ,127      ,7.865  ,11.2   ,0.702   
2     ,6      ,88   ,127      ,7.825  ,11.245 ,0.696   
2     ,6      ,92   ,127      ,7.62   ,11.147 ,0.684   
2     ,6      ,96   ,127      ,8.812  ,9.327  ,0.945   
3     ,0      ,11   ,127      ,5.04   ,7.458  ,0.676   
3     ,0      ,3    ,127      ,4.931  ,4.565  ,1.08    
3     ,2      ,256  ,127      ,14.92  ,14.049 ,1.062   
3     ,3      ,64   ,127      ,7.397  ,7.698  ,0.961   
3     ,4      ,100  ,127      ,8.369  ,11.78  ,0.71    
3     ,4      ,104  ,127      ,8.385  ,11.412 ,0.735   
3     ,4      ,108  ,127      ,8.384  ,11.357 ,0.738   
3     ,4      ,112  ,127      ,8.385  ,11.421 ,0.734   
3     ,4      ,116  ,127      ,8.404  ,11.404 ,0.737   
3     ,4      ,120  ,127      ,8.445  ,11.431 ,0.739   
3     ,4      ,124  ,127      ,8.402  ,11.954 ,0.703   
3     ,4      ,128  ,127      ,9.774  ,9.767  ,1.001   
3     ,4      ,132  ,127      ,9.761  ,14.373 ,0.679   
3     ,4      ,136  ,127      ,9.787  ,12.074 ,0.811   
3     ,4      ,140  ,127      ,9.788  ,12.225 ,0.801   
3     ,4      ,144  ,127      ,9.689  ,12.384 ,0.782   
3     ,4      ,148  ,127      ,9.734  ,12.166 ,0.8     
3     ,4      ,152  ,127      ,9.811  ,12.186 ,0.805   
3     ,4      ,156  ,127      ,9.25   ,12.141 ,0.762   
3     ,4      ,16   ,127      ,5.264  ,7.871  ,0.669   
3     ,4      ,160  ,127      ,13.337 ,12.154 ,1.097   
3     ,4      ,164  ,127      ,13.431 ,12.933 ,1.038   
3     ,4      ,168  ,127      ,13.525 ,12.047 ,1.123   
3     ,4      ,172  ,127      ,13.492 ,11.87  ,1.137   
3     ,4      ,176  ,127      ,13.402 ,12.126 ,1.105   
3     ,4      ,180  ,127      ,13.469 ,12.021 ,1.12    
3     ,4      ,184  ,127      ,13.459 ,12.129 ,1.11    
3     ,4      ,188  ,127      ,13.154 ,11.847 ,1.11    
3     ,4      ,192  ,127      ,12.563 ,11.951 ,1.051   
3     ,4      ,196  ,127      ,12.563 ,13.773 ,0.912   
3     ,4      ,20   ,127      ,5.236  ,7.814  ,0.67    
3     ,4      ,200  ,127      ,12.589 ,13.872 ,0.908   
3     ,4      ,204  ,127      ,12.587 ,13.771 ,0.914   
3     ,4      ,208  ,127      ,12.7   ,13.82  ,0.919   
3     ,4      ,212  ,127      ,12.672 ,13.796 ,0.919   
3     ,4      ,216  ,127      ,12.623 ,13.722 ,0.92    
3     ,4      ,220  ,127      ,11.971 ,13.735 ,0.872   
3     ,4      ,224  ,127      ,12.312 ,13.29  ,0.926   
3     ,4      ,228  ,127      ,12.315 ,13.861 ,0.888   
3     ,4      ,232  ,127      ,12.367 ,13.391 ,0.924   
3     ,4      ,236  ,127      ,12.375 ,13.176 ,0.939   
3     ,4      ,24   ,127      ,5.258  ,7.766  ,0.677   
3     ,4      ,240  ,127      ,12.371 ,13.318 ,0.929   
3     ,4      ,244  ,127      ,12.344 ,13.342 ,0.925   
3     ,4      ,248  ,127      ,12.426 ,13.328 ,0.932   
3     ,4      ,252  ,127      ,12.391 ,13.277 ,0.933   
3     ,4      ,256  ,127      ,16.137 ,16.549 ,0.975   
3     ,4      ,260  ,127      ,16.076 ,18.596 ,0.864   
3     ,4      ,264  ,127      ,15.999 ,17.678 ,0.905   
3     ,4      ,268  ,127      ,16.071 ,17.684 ,0.909   
3     ,4      ,272  ,127      ,16.07  ,17.192 ,0.935   
3     ,4      ,276  ,127      ,16.08  ,17.319 ,0.928   
3     ,4      ,28   ,127      ,5.24   ,7.765  ,0.675   
3     ,4      ,280  ,127      ,16.098 ,17.304 ,0.93    
3     ,4      ,284  ,127      ,14.928 ,17.293 ,0.863   
3     ,4      ,288  ,127      ,15.612 ,17.709 ,0.882   
3     ,4      ,292  ,127      ,15.538 ,18.643 ,0.833   
3     ,4      ,296  ,127      ,15.504 ,17.912 ,0.866   
3     ,4      ,300  ,127      ,15.608 ,17.839 ,0.875   
3     ,4      ,304  ,127      ,15.54  ,17.621 ,0.882   
3     ,4      ,308  ,127      ,15.514 ,17.667 ,0.878   
3     ,4      ,312  ,127      ,15.62  ,17.787 ,0.878   
3     ,4      ,316  ,127      ,16.309 ,17.934 ,0.909   
3     ,4      ,32   ,127      ,6.333  ,6.959  ,0.91    
3     ,4      ,320  ,127      ,17.14  ,18.452 ,0.929   
3     ,4      ,324  ,127      ,17.127 ,19.018 ,0.901   
3     ,4      ,328  ,127      ,17.057 ,18.344 ,0.93    
3     ,4      ,332  ,127      ,17.157 ,18.092 ,0.948   
3     ,4      ,336  ,127      ,17.06  ,18.063 ,0.944   
3     ,4      ,340  ,127      ,17.141 ,18.269 ,0.938   
3     ,4      ,344  ,127      ,17.063 ,18.135 ,0.941   
3     ,4      ,348  ,127      ,15.49  ,18.197 ,0.851   
3     ,4      ,352  ,127      ,16.485 ,19.106 ,0.863   
3     ,4      ,356  ,127      ,16.435 ,19.291 ,0.852   
3     ,4      ,36   ,127      ,6.392  ,10.645 ,0.6     
3     ,4      ,360  ,127      ,16.353 ,18.489 ,0.884   
3     ,4      ,364  ,127      ,16.42  ,18.603 ,0.883   
3     ,4      ,368  ,127      ,16.339 ,18.46  ,0.885   
3     ,4      ,372  ,127      ,16.444 ,18.523 ,0.888   
3     ,4      ,376  ,127      ,16.269 ,18.488 ,0.88    
3     ,4      ,380  ,127      ,16.64  ,18.762 ,0.887   
3     ,4      ,384  ,127      ,19.485 ,18.116 ,1.076   
3     ,4      ,388  ,127      ,19.478 ,19.746 ,0.986   
3     ,4      ,392  ,127      ,19.502 ,19.589 ,0.996   
3     ,4      ,396  ,127      ,19.442 ,19.786 ,0.983   
3     ,4      ,40   ,127      ,6.348  ,10.211 ,0.622   
3     ,4      ,400  ,127      ,19.503 ,19.709 ,0.99    
3     ,4      ,404  ,127      ,19.355 ,19.055 ,1.016   
3     ,4      ,408  ,127      ,19.222 ,19.132 ,1.005   
3     ,4      ,412  ,127      ,18.218 ,18.943 ,0.962   
3     ,4      ,416  ,127      ,19.151 ,19.44  ,0.985   
3     ,4      ,420  ,127      ,19.108 ,20.202 ,0.946   
3     ,4      ,424  ,127      ,19.278 ,19.518 ,0.988   
3     ,4      ,428  ,127      ,19.195 ,19.436 ,0.988   
3     ,4      ,432  ,127      ,19.28  ,19.416 ,0.993   
3     ,4      ,436  ,127      ,19.225 ,19.437 ,0.989   
3     ,4      ,44   ,127      ,6.361  ,10.055 ,0.633   
3     ,4      ,440  ,127      ,19.192 ,19.454 ,0.986   
3     ,4      ,444  ,127      ,19.161 ,19.725 ,0.971   
3     ,4      ,448  ,127      ,20.638 ,20.241 ,1.02    
3     ,4      ,452  ,127      ,20.639 ,21.008 ,0.982   
3     ,4      ,456  ,127      ,20.544 ,19.964 ,1.029   
3     ,4      ,460  ,127      ,20.59  ,19.759 ,1.042   
3     ,4      ,464  ,127      ,20.619 ,20.027 ,1.03    
3     ,4      ,468  ,127      ,20.641 ,20.03  ,1.031   
3     ,4      ,472  ,127      ,20.638 ,20.078 ,1.028   
3     ,4      ,476  ,127      ,19.06  ,19.947 ,0.956   
3     ,4      ,48   ,127      ,6.38   ,9.937  ,0.642   
3     ,4      ,480  ,127      ,20.028 ,20.757 ,0.965   
3     ,4      ,484  ,127      ,20.099 ,21.356 ,0.941   
3     ,4      ,488  ,127      ,19.928 ,20.295 ,0.982   
3     ,4      ,492  ,127      ,20.049 ,20.463 ,0.98    
3     ,4      ,496  ,127      ,19.973 ,20.446 ,0.977   
3     ,4      ,500  ,127      ,20.111 ,20.443 ,0.984   
3     ,4      ,504  ,127      ,19.913 ,20.517 ,0.971   
3     ,4      ,508  ,127      ,19.91  ,20.597 ,0.967   
3     ,4      ,512  ,127      ,23.573 ,19.917 ,1.184   
3     ,4      ,52   ,127      ,6.349  ,10.347 ,0.614   
3     ,4      ,56   ,127      ,6.44   ,10.249 ,0.628   
3     ,4      ,60   ,127      ,6.413  ,10.048 ,0.638   
3     ,4      ,64   ,127      ,8.166  ,8.606  ,0.949   
3     ,4      ,68   ,127      ,8.109  ,11.404 ,0.711   
3     ,4      ,72   ,127      ,8.162  ,11.739 ,0.695   
3     ,4      ,76   ,127      ,8.216  ,11.894 ,0.691   
3     ,4      ,80   ,127      ,8.165  ,11.699 ,0.698   
3     ,4      ,84   ,127      ,8.179  ,11.7   ,0.699   
3     ,4      ,88   ,127      ,8.165  ,11.663 ,0.7     
3     ,4      ,92   ,127      ,7.78   ,11.752 ,0.662   
3     ,4      ,96   ,127      ,8.386  ,9.747  ,0.86    
3     ,6      ,64   ,127      ,8.712  ,8.084  ,1.078   
4     ,0      ,100  ,127      ,7.417  ,10.583 ,0.701   
4     ,0      ,104  ,127      ,7.378  ,10.387 ,0.71    
4     ,0      ,108  ,127      ,7.375  ,10.562 ,0.698   
4     ,0      ,112  ,127      ,7.393  ,10.61  ,0.697   
4     ,0      ,116  ,127      ,7.442  ,10.547 ,0.706   
4     ,0      ,12   ,127      ,4.803  ,7.41   ,0.648   
4     ,0      ,120  ,127      ,6.632  ,10.53  ,0.63    
4     ,0      ,124  ,127      ,8.735  ,8.592  ,1.017   
4     ,0      ,128  ,127      ,8.696  ,9.384  ,0.927   
4     ,0      ,132  ,127      ,8.797  ,12.644 ,0.696   
4     ,0      ,136  ,127      ,8.839  ,12.654 ,0.699   
4     ,0      ,140  ,127      ,8.837  ,12.546 ,0.704   
4     ,0      ,144  ,127      ,8.794  ,12.647 ,0.695   
4     ,0      ,148  ,127      ,8.835  ,12.706 ,0.695   
4     ,0      ,152  ,127      ,8.126  ,12.703 ,0.64    
4     ,0      ,156  ,127      ,12.789 ,9.235  ,1.385   
4     ,0      ,16   ,127      ,5.273  ,7.889  ,0.668   
4     ,0      ,160  ,127      ,12.649 ,9.745  ,1.298   
4     ,0      ,164  ,127      ,12.65  ,11.252 ,1.124   
4     ,0      ,168  ,127      ,12.734 ,11.25  ,1.132   
4     ,0      ,172  ,127      ,12.739 ,11.263 ,1.131   
4     ,0      ,176  ,127      ,12.736 ,11.369 ,1.12    
4     ,0      ,180  ,127      ,12.673 ,11.18  ,1.134   
4     ,0      ,184  ,127      ,10.969 ,11.302 ,0.971   
4     ,0      ,188  ,127      ,11.948 ,10.225 ,1.168   
4     ,0      ,192  ,127      ,12.079 ,10.193 ,1.185   
4     ,0      ,196  ,127      ,12.103 ,12.328 ,0.982   
4     ,0      ,20   ,127      ,5.431  ,7.855  ,0.691   
4     ,0      ,200  ,127      ,12.191 ,11.937 ,1.021   
4     ,0      ,204  ,127      ,12.183 ,12.374 ,0.985   
4     ,0      ,208  ,127      ,12.22  ,11.859 ,1.03    
4     ,0      ,212  ,127      ,12.273 ,12.026 ,1.021   
4     ,0      ,216  ,127      ,11.461 ,11.968 ,0.958   
4     ,0      ,220  ,127      ,12.393 ,11.115 ,1.115   
4     ,0      ,224  ,127      ,11.951 ,10.702 ,1.117   
4     ,0      ,228  ,127      ,11.955 ,11.784 ,1.015   
4     ,0      ,232  ,127      ,11.927 ,11.612 ,1.027   
4     ,0      ,236  ,127      ,11.981 ,11.789 ,1.016   
4     ,0      ,24   ,127      ,5.236  ,7.778  ,0.673   
4     ,0      ,240  ,127      ,12.019 ,11.676 ,1.029   
4     ,0      ,244  ,127      ,11.93  ,11.704 ,1.019   
4     ,0      ,248  ,127      ,11.454 ,11.656 ,0.983   
4     ,0      ,252  ,127      ,13.768 ,14.299 ,0.963   
4     ,0      ,256  ,127      ,14.902 ,15.457 ,0.964   
4     ,0      ,260  ,127      ,14.912 ,16.305 ,0.915   
4     ,0      ,264  ,127      ,14.844 ,15.853 ,0.936   
4     ,0      ,268  ,127      ,14.899 ,16.048 ,0.928   
4     ,0      ,272  ,127      ,14.872 ,15.732 ,0.945   
4     ,0      ,276  ,127      ,14.935 ,15.739 ,0.949   
4     ,0      ,28   ,127      ,4.721  ,7.771  ,0.608   
4     ,0      ,280  ,127      ,13.421 ,15.757 ,0.852   
4     ,0      ,284  ,127      ,14.292 ,16.402 ,0.871   
4     ,0      ,288  ,127      ,14.214 ,16.943 ,0.839   
4     ,0      ,292  ,127      ,14.241 ,17.137 ,0.831   
4     ,0      ,296  ,127      ,14.138 ,17.047 ,0.829   
4     ,0      ,300  ,127      ,14.107 ,16.87  ,0.836   
4     ,0      ,304  ,127      ,14.109 ,16.731 ,0.843   
4     ,0      ,308  ,127      ,14.139 ,16.702 ,0.847   
4     ,0      ,312  ,127      ,13.034 ,16.746 ,0.778   
4     ,0      ,316  ,127      ,14.68  ,16.748 ,0.877   
4     ,0      ,32   ,127      ,5.546  ,5.663  ,0.979   
4     ,0      ,320  ,127      ,16.267 ,17.361 ,0.937   
4     ,0      ,324  ,127      ,16.019 ,17.805 ,0.9     
4     ,0      ,328  ,127      ,15.836 ,17.321 ,0.914   
4     ,0      ,332  ,127      ,15.915 ,17.95  ,0.887   
4     ,0      ,336  ,127      ,15.909 ,17.268 ,0.921   
4     ,0      ,340  ,127      ,15.954 ,17.367 ,0.919   
4     ,0      ,344  ,127      ,14.692 ,17.407 ,0.844   
4     ,0      ,348  ,127      ,15.545 ,18.102 ,0.859   
4     ,0      ,352  ,127      ,15.536 ,18.091 ,0.859   
4     ,0      ,356  ,127      ,15.46  ,17.482 ,0.884   
4     ,0      ,36   ,127      ,5.533  ,7.15   ,0.774   
4     ,0      ,360  ,127      ,15.46  ,17.477 ,0.885   
4     ,0      ,364  ,127      ,15.485 ,17.61  ,0.879   
4     ,0      ,368  ,127      ,15.434 ,17.669 ,0.874   
4     ,0      ,372  ,127      ,15.505 ,17.696 ,0.876   
4     ,0      ,376  ,127      ,14.574 ,17.568 ,0.83    
4     ,0      ,380  ,127      ,17.024 ,17.004 ,1.001   
4     ,0      ,384  ,127      ,18.358 ,18.187 ,1.009   
4     ,0      ,388  ,127      ,18.308 ,19.015 ,0.963   
4     ,0      ,392  ,127      ,18.305 ,18.437 ,0.993   
4     ,0      ,396  ,127      ,18.352 ,19.512 ,0.941   
4     ,0      ,4    ,127      ,2.89   ,4.853  ,0.596   
4     ,0      ,40   ,127      ,5.53   ,9.6    ,0.576   
4     ,0      ,400  ,127      ,18.311 ,19.109 ,0.958   
4     ,0      ,404  ,127      ,18.308 ,19.059 ,0.961   
4     ,0      ,408  ,127      ,16.619 ,18.63  ,0.892   
4     ,0      ,412  ,127      ,17.802 ,18.351 ,0.97    
4     ,0      ,416  ,127      ,17.779 ,18.739 ,0.949   
4     ,0      ,420  ,127      ,17.635 ,18.95  ,0.931   
4     ,0      ,424  ,127      ,17.585 ,18.731 ,0.939   
4     ,0      ,428  ,127      ,17.667 ,19.049 ,0.927   
4     ,0      ,432  ,127      ,17.621 ,18.701 ,0.942   
4     ,0      ,436  ,127      ,17.571 ,18.807 ,0.934   
4     ,0      ,44   ,127      ,5.546  ,8.665  ,0.64    
4     ,0      ,440  ,127      ,16.847 ,18.716 ,0.9     
4     ,0      ,444  ,127      ,18.243 ,18.863 ,0.967   
4     ,0      ,448  ,127      ,19.351 ,19.284 ,1.004   
4     ,0      ,452  ,127      ,19.267 ,19.651 ,0.98    
4     ,0      ,456  ,127      ,19.313 ,19.268 ,1.002   
4     ,0      ,460  ,127      ,19.681 ,19.644 ,1.002   
4     ,0      ,464  ,127      ,19.379 ,19.251 ,1.007   
4     ,0      ,468  ,127      ,19.408 ,19.089 ,1.017   
4     ,0      ,472  ,127      ,17.89  ,19.108 ,0.936   
4     ,0      ,476  ,127      ,19.655 ,19.602 ,1.003   
4     ,0      ,48   ,127      ,5.556  ,9.738  ,0.571   
4     ,0      ,480  ,127      ,19.525 ,19.939 ,0.979   
4     ,0      ,484  ,127      ,19.313 ,19.777 ,0.977   
4     ,0      ,488  ,127      ,19.313 ,19.583 ,0.986   
4     ,0      ,492  ,127      ,19.485 ,19.592 ,0.995   
4     ,0      ,496  ,127      ,19.397 ,19.57  ,0.991   
4     ,0      ,500  ,127      ,19.441 ,19.43  ,1.001   
4     ,0      ,504  ,127      ,18.483 ,19.512 ,0.947   
4     ,0      ,508  ,127      ,20.42  ,18.903 ,1.08    
4     ,0      ,512  ,127      ,21.142 ,19.786 ,1.069   
4     ,0      ,52   ,127      ,5.574  ,9.809  ,0.568   
4     ,0      ,56   ,127      ,5.558  ,9.791  ,0.568   
4     ,0      ,60   ,127      ,7.491  ,9.686  ,0.773   
4     ,0      ,64   ,127      ,7.517  ,9.014  ,0.834   
4     ,0      ,68   ,127      ,7.54   ,11.799 ,0.639   
4     ,0      ,72   ,127      ,7.588  ,11.041 ,0.687   
4     ,0      ,76   ,127      ,7.526  ,11.438 ,0.658   
4     ,0      ,80   ,127      ,7.524  ,11.818 ,0.637   
4     ,0      ,84   ,127      ,7.574  ,10.589 ,0.715   
4     ,0      ,88   ,127      ,6.484  ,10.285 ,0.63    
4     ,0      ,92   ,127      ,7.27   ,7.651  ,0.95    
4     ,0      ,96   ,127      ,7.412  ,8.823  ,0.84    
4     ,2      ,32   ,127      ,6.234  ,5.681  ,1.097   
4     ,3      ,100  ,127      ,7.524  ,10.851 ,0.693   
4     ,3      ,104  ,127      ,7.561  ,10.743 ,0.704   
4     ,3      ,108  ,127      ,7.561  ,10.8   ,0.7     
4     ,3      ,112  ,127      ,7.558  ,10.767 ,0.702   
4     ,3      ,116  ,127      ,7.577  ,10.774 ,0.703   
4     ,3      ,120  ,127      ,7.575  ,10.771 ,0.703   
4     ,3      ,124  ,127      ,9.229  ,8.688  ,1.062   
4     ,3      ,128  ,127      ,9.117  ,11.214 ,0.813   
4     ,3      ,132  ,127      ,9.084  ,12.75  ,0.712   
4     ,3      ,136  ,127      ,9.064  ,12.599 ,0.719   
4     ,3      ,140  ,127      ,9.036  ,12.631 ,0.715   
4     ,3      ,144  ,127      ,8.996  ,12.748 ,0.706   
4     ,3      ,148  ,127      ,9.03   ,12.617 ,0.716   
4     ,3      ,152  ,127      ,9.099  ,12.689 ,0.717   
4     ,3      ,156  ,127      ,12.721 ,9.355  ,1.36    
4     ,3      ,16   ,127      ,5.264  ,7.985  ,0.659   
4     ,3      ,160  ,127      ,12.727 ,12.099 ,1.052   
4     ,3      ,164  ,127      ,12.783 ,11.154 ,1.146   
4     ,3      ,168  ,127      ,12.862 ,11.143 ,1.154   
4     ,3      ,172  ,127      ,12.846 ,11.05  ,1.163   
4     ,3      ,176  ,127      ,12.735 ,11.193 ,1.138   
4     ,3      ,180  ,127      ,12.792 ,11.024 ,1.16    
4     ,3      ,184  ,127      ,12.829 ,11.113 ,1.154   
4     ,3      ,188  ,127      ,11.716 ,10.319 ,1.135   
4     ,3      ,192  ,127      ,12.121 ,12.36  ,0.981   
4     ,3      ,196  ,127      ,12.184 ,11.812 ,1.032   
4     ,3      ,20   ,127      ,5.234  ,7.811  ,0.67    
4     ,3      ,200  ,127      ,12.115 ,11.926 ,1.016   
4     ,3      ,204  ,127      ,12.145 ,11.631 ,1.044   
4     ,3      ,208  ,127      ,12.216 ,11.721 ,1.042   
4     ,3      ,212  ,127      ,12.171 ,11.827 ,1.029   
4     ,3      ,216  ,127      ,12.165 ,11.707 ,1.039   
4     ,3      ,220  ,127      ,12.1   ,11.159 ,1.084   
4     ,3      ,224  ,127      ,11.942 ,12.564 ,0.951   
4     ,3      ,228  ,127      ,11.94  ,11.865 ,1.006   
4     ,3      ,232  ,127      ,11.938 ,11.759 ,1.015   
4     ,3      ,236  ,127      ,11.962 ,11.826 ,1.011   
4     ,3      ,24   ,127      ,5.249  ,7.765  ,0.676   
4     ,3      ,240  ,127      ,11.934 ,11.839 ,1.008   
4     ,3      ,244  ,127      ,11.993 ,11.853 ,1.012   
4     ,3      ,248  ,127      ,12.047 ,11.85  ,1.017   
4     ,3      ,252  ,127      ,13.576 ,14.226 ,0.954   
4     ,3      ,256  ,127      ,15.157 ,16.461 ,0.921   
4     ,3      ,260  ,127      ,15.12  ,16.075 ,0.941   
4     ,3      ,264  ,127      ,15.044 ,16.033 ,0.938   
4     ,3      ,268  ,127      ,15.118 ,15.704 ,0.963   
4     ,3      ,272  ,127      ,15.158 ,15.624 ,0.97    
4     ,3      ,276  ,127      ,15.156 ,15.76  ,0.962   
4     ,3      ,28   ,127      ,5.231  ,7.782  ,0.672   
4     ,3      ,280  ,127      ,15.123 ,15.701 ,0.963   
4     ,3      ,284  ,127      ,14.369 ,16.434 ,0.874   
4     ,3      ,288  ,127      ,14.32  ,17.546 ,0.816   
4     ,3      ,292  ,127      ,14.339 ,17.074 ,0.84    
4     ,3      ,296  ,127      ,14.19  ,17.093 ,0.83    
4     ,3      ,300  ,127      ,14.318 ,16.746 ,0.855   
4     ,3      ,304  ,127      ,14.222 ,16.655 ,0.854   
4     ,3      ,308  ,127      ,14.285 ,16.701 ,0.855   
4     ,3      ,312  ,127      ,14.329 ,16.822 ,0.852   
4     ,3      ,316  ,127      ,14.523 ,16.666 ,0.871   
4     ,3      ,32   ,127      ,6.333  ,5.578  ,1.135   
4     ,3      ,320  ,127      ,16.061 ,18.127 ,0.886   
4     ,3      ,324  ,127      ,16.061 ,17.389 ,0.924   
4     ,3      ,328  ,127      ,15.992 ,17.554 ,0.911   
4     ,3      ,332  ,127      ,16.05  ,17.346 ,0.925   
4     ,3      ,336  ,127      ,15.949 ,17.416 ,0.916   
4     ,3      ,340  ,127      ,16.061 ,17.476 ,0.919   
4     ,3      ,344  ,127      ,16.02  ,17.292 ,0.926   
4     ,3      ,348  ,127      ,15.517 ,18.111 ,0.857   
4     ,3      ,352  ,127      ,15.622 ,18.617 ,0.839   
4     ,3      ,356  ,127      ,15.658 ,17.55  ,0.892   
4     ,3      ,36   ,127      ,6.317  ,9.226  ,0.685   
4     ,3      ,360  ,127      ,15.559 ,17.514 ,0.888   
4     ,3      ,364  ,127      ,15.609 ,17.752 ,0.879   
4     ,3      ,368  ,127      ,15.652 ,17.606 ,0.889   
4     ,3      ,372  ,127      ,15.605 ,17.816 ,0.876   
4     ,3      ,376  ,127      ,15.495 ,17.647 ,0.878   
4     ,3      ,380  ,127      ,16.957 ,17.131 ,0.99    
4     ,3      ,384  ,127      ,18.724 ,19.093 ,0.981   
4     ,3      ,388  ,127      ,18.868 ,18.413 ,1.025   
4     ,3      ,392  ,127      ,18.727 ,19.061 ,0.982   
4     ,3      ,396  ,127      ,18.712 ,19.314 ,0.969   
4     ,3      ,40   ,127      ,6.345  ,9.798  ,0.648   
4     ,3      ,400  ,127      ,18.726 ,19.19  ,0.976   
4     ,3      ,404  ,127      ,18.561 ,18.638 ,0.996   
4     ,3      ,408  ,127      ,18.526 ,18.651 ,0.993   
4     ,3      ,412  ,127      ,18.216 ,18.278 ,0.997   
4     ,3      ,416  ,127      ,18.298 ,19.697 ,0.929   
4     ,3      ,420  ,127      ,18.217 ,18.72  ,0.973   
4     ,3      ,424  ,127      ,18.294 ,18.83  ,0.972   
4     ,3      ,428  ,127      ,18.339 ,18.896 ,0.971   
4     ,3      ,432  ,127      ,18.398 ,18.813 ,0.978   
4     ,3      ,436  ,127      ,18.297 ,18.772 ,0.975   
4     ,3      ,44   ,127      ,6.363  ,9.773  ,0.651   
4     ,3      ,440  ,127      ,18.301 ,18.796 ,0.974   
4     ,3      ,444  ,127      ,18.304 ,18.786 ,0.974   
4     ,3      ,448  ,127      ,19.548 ,19.969 ,0.979   
4     ,3      ,452  ,127      ,19.558 ,19.308 ,1.013   
4     ,3      ,456  ,127      ,19.504 ,19.284 ,1.011   
4     ,3      ,460  ,127      ,19.482 ,19.168 ,1.016   
4     ,3      ,464  ,127      ,19.468 ,19.235 ,1.012   
4     ,3      ,468  ,127      ,19.461 ,19.202 ,1.014   
4     ,3      ,472  ,127      ,19.508 ,19.254 ,1.013   
4     ,3      ,476  ,127      ,19.839 ,19.525 ,1.016   
4     ,3      ,48   ,127      ,6.375  ,9.816  ,0.649   
4     ,3      ,480  ,127      ,19.943 ,20.424 ,0.976   
4     ,3      ,484  ,127      ,20.057 ,19.797 ,1.013   
4     ,3      ,488  ,127      ,19.943 ,19.578 ,1.019   
4     ,3      ,492  ,127      ,19.903 ,19.609 ,1.015   
4     ,3      ,496  ,127      ,19.989 ,19.533 ,1.023   
4     ,3      ,500  ,127      ,19.896 ,19.567 ,1.017   
4     ,3      ,504  ,127      ,19.855 ,19.534 ,1.016   
4     ,3      ,508  ,127      ,20.477 ,18.989 ,1.078   
4     ,3      ,512  ,127      ,21.571 ,21.06  ,1.024   
4     ,3      ,52   ,127      ,6.348  ,9.947  ,0.638   
4     ,3      ,56   ,127      ,6.403  ,9.83   ,0.651   
4     ,3      ,60   ,127      ,8.547  ,10.63  ,0.804   
4     ,3      ,64   ,127      ,7.555  ,11.306 ,0.668   
4     ,3      ,68   ,127      ,7.51   ,11.978 ,0.627   
4     ,3      ,72   ,127      ,7.537  ,10.881 ,0.693   
4     ,3      ,76   ,127      ,7.526  ,11.756 ,0.64    
4     ,3      ,80   ,127      ,7.549  ,10.659 ,0.708   
4     ,3      ,84   ,127      ,7.553  ,10.678 ,0.707   
4     ,3      ,88   ,127      ,7.538  ,10.653 ,0.708   
4     ,3      ,92   ,127      ,7.245  ,7.795  ,0.929   
4     ,3      ,96   ,127      ,7.561  ,10.876 ,0.695   
4     ,4      ,100  ,127      ,7.301  ,10.534 ,0.693   
4     ,4      ,104  ,127      ,7.302  ,10.506 ,0.695   
4     ,4      ,108  ,127      ,7.318  ,10.565 ,0.693   
4     ,4      ,112  ,127      ,7.315  ,10.582 ,0.691   
4     ,4      ,116  ,127      ,7.369  ,10.58  ,0.697   
4     ,4      ,120  ,127      ,7.32   ,10.558 ,0.693   
4     ,4      ,124  ,127      ,8.472  ,8.672  ,0.977   
4     ,4      ,128  ,127      ,8.344  ,11.437 ,0.73    
4     ,4      ,132  ,127      ,8.39   ,12.096 ,0.694   
4     ,4      ,136  ,127      ,8.432  ,12.089 ,0.698   
4     ,4      ,140  ,127      ,8.435  ,12.066 ,0.699   
4     ,4      ,144  ,127      ,8.393  ,12.083 ,0.695   
4     ,4      ,148  ,127      ,8.376  ,12.169 ,0.688   
4     ,4      ,152  ,127      ,8.411  ,12.09  ,0.696   
4     ,4      ,156  ,127      ,12.054 ,9.451  ,1.275   
4     ,4      ,16   ,127      ,5.256  ,7.869  ,0.668   
4     ,4      ,160  ,127      ,12.017 ,11.624 ,1.034   
4     ,4      ,164  ,127      ,11.96  ,11.28  ,1.06    
4     ,4      ,168  ,127      ,12.095 ,10.989 ,1.101   
4     ,4      ,172  ,127      ,12.09  ,10.972 ,1.102   
4     ,4      ,176  ,127      ,12.14  ,10.949 ,1.109   
4     ,4      ,180  ,127      ,12.024 ,10.892 ,1.104   
4     ,4      ,184  ,127      ,12.089 ,10.97  ,1.102   
4     ,4      ,188  ,127      ,11.373 ,10.076 ,1.129   
4     ,4      ,192  ,127      ,11.396 ,12.123 ,0.94    
4     ,4      ,196  ,127      ,11.368 ,11.944 ,0.952   
4     ,4      ,20   ,127      ,5.278  ,7.867  ,0.671   
4     ,4      ,200  ,127      ,11.44  ,11.903 ,0.961   
4     ,4      ,204  ,127      ,11.44  ,11.949 ,0.957   
4     ,4      ,208  ,127      ,11.438 ,11.853 ,0.965   
4     ,4      ,212  ,127      ,11.498 ,11.884 ,0.968   
4     ,4      ,216  ,127      ,11.543 ,11.837 ,0.975   
4     ,4      ,220  ,127      ,11.193 ,10.62  ,1.054   
4     ,4      ,224  ,127      ,11.218 ,12.805 ,0.876   
4     ,4      ,228  ,127      ,11.212 ,11.49  ,0.976   
4     ,4      ,232  ,127      ,11.188 ,11.424 ,0.979   
4     ,4      ,236  ,127      ,11.33  ,11.524 ,0.983   
4     ,4      ,24   ,127      ,5.229  ,7.781  ,0.672   
4     ,4      ,240  ,127      ,11.241 ,11.496 ,0.978   
4     ,4      ,244  ,127      ,11.16  ,11.602 ,0.962   
4     ,4      ,248  ,127      ,11.214 ,11.533 ,0.972   
4     ,4      ,252  ,127      ,12.903 ,13.432 ,0.961   
4     ,4      ,256  ,127      ,13.347 ,15.205 ,0.878   
4     ,4      ,260  ,127      ,12.907 ,14.773 ,0.874   
4     ,4      ,264  ,127      ,12.902 ,14.678 ,0.879   
4     ,4      ,268  ,127      ,12.943 ,14.571 ,0.888   
4     ,4      ,272  ,127      ,12.934 ,14.592 ,0.886   
4     ,4      ,276  ,127      ,12.908 ,14.589 ,0.885   
4     ,4      ,28   ,127      ,5.252  ,7.785  ,0.675   
4     ,4      ,280  ,127      ,12.929 ,14.586 ,0.886   
4     ,4      ,284  ,127      ,12.492 ,15.107 ,0.827   
4     ,4      ,288  ,127      ,12.511 ,15.927 ,0.785   
4     ,4      ,292  ,127      ,12.505 ,15.382 ,0.813   
4     ,4      ,296  ,127      ,12.426 ,15.516 ,0.801   
4     ,4      ,300  ,127      ,12.431 ,15.231 ,0.816   
4     ,4      ,304  ,127      ,12.409 ,15.287 ,0.812   
4     ,4      ,308  ,127      ,12.415 ,15.25  ,0.814   
4     ,4      ,312  ,127      ,12.375 ,15.378 ,0.805   
4     ,4      ,316  ,127      ,14.079 ,15.859 ,0.888   
4     ,4      ,32   ,127      ,6.348  ,5.845  ,1.086   
4     ,4      ,320  ,127      ,14.133 ,16.387 ,0.862   
4     ,4      ,324  ,127      ,14.117 ,15.775 ,0.895   
4     ,4      ,328  ,127      ,14.049 ,15.731 ,0.893   
4     ,4      ,332  ,127      ,14.138 ,15.832 ,0.893   
4     ,4      ,336  ,127      ,14.144 ,15.664 ,0.903   
4     ,4      ,340  ,127      ,14.12  ,15.727 ,0.898   
4     ,4      ,344  ,127      ,14.078 ,15.844 ,0.889   
4     ,4      ,348  ,127      ,13.434 ,16.915 ,0.794   
4     ,4      ,352  ,127      ,13.467 ,16.878 ,0.798   
4     ,4      ,356  ,127      ,13.453 ,15.922 ,0.845   
4     ,4      ,36   ,127      ,6.335  ,9.225  ,0.687   
4     ,4      ,360  ,127      ,13.415 ,16.042 ,0.836   
4     ,4      ,364  ,127      ,13.477 ,16.07  ,0.839   
4     ,4      ,368  ,127      ,13.373 ,16.164 ,0.827   
4     ,4      ,372  ,127      ,13.451 ,16.135 ,0.834   
4     ,4      ,376  ,127      ,13.348 ,16.098 ,0.829   
4     ,4      ,380  ,127      ,15.948 ,15.849 ,1.006   
4     ,4      ,384  ,127      ,16.04  ,16.726 ,0.959   
4     ,4      ,388  ,127      ,15.905 ,16.505 ,0.964   
4     ,4      ,392  ,127      ,15.939 ,16.4   ,0.972   
4     ,4      ,396  ,127      ,15.981 ,17.031 ,0.938   
4     ,4      ,4    ,127      ,5.195  ,7.863  ,0.661   
4     ,4      ,40   ,127      ,6.329  ,9.717  ,0.651   
4     ,4      ,400  ,127      ,15.974 ,17.043 ,0.937   
4     ,4      ,404  ,127      ,15.952 ,17.042 ,0.936   
4     ,4      ,408  ,127      ,15.736 ,16.426 ,0.958   
4     ,4      ,412  ,127      ,15.134 ,17.096 ,0.885   
4     ,4      ,416  ,127      ,15.076 ,17.348 ,0.869   
4     ,4      ,420  ,127      ,15.034 ,17.129 ,0.878   
4     ,4      ,424  ,127      ,15.015 ,17.163 ,0.875   
4     ,4      ,428  ,127      ,15.084 ,16.981 ,0.888   
4     ,4      ,432  ,127      ,14.974 ,16.85  ,0.889   
4     ,4      ,436  ,127      ,15.05  ,16.896 ,0.891   
4     ,4      ,44   ,127      ,6.349  ,9.669  ,0.657   
4     ,4      ,440  ,127      ,15.048 ,16.854 ,0.893   
4     ,4      ,444  ,127      ,16.837 ,17.726 ,0.95    
4     ,4      ,448  ,127      ,16.805 ,18.156 ,0.926   
4     ,4      ,452  ,127      ,16.729 ,17.778 ,0.941   
4     ,4      ,456  ,127      ,16.733 ,17.701 ,0.945   
4     ,4      ,460  ,127      ,16.818 ,17.37  ,0.968   
4     ,4      ,464  ,127      ,16.761 ,17.391 ,0.964   
4     ,4      ,468  ,127      ,16.805 ,17.315 ,0.971   
4     ,4      ,472  ,127      ,16.735 ,17.306 ,0.967   
4     ,4      ,476  ,127      ,15.95  ,18.168 ,0.878   
4     ,4      ,48   ,127      ,6.359  ,9.829  ,0.647   
4     ,4      ,480  ,127      ,15.946 ,18.527 ,0.861   
4     ,4      ,484  ,127      ,16.338 ,18.236 ,0.896   
4     ,4      ,488  ,127      ,15.774 ,18.07  ,0.873   
4     ,4      ,492  ,127      ,15.915 ,17.882 ,0.89    
4     ,4      ,496  ,127      ,15.873 ,17.939 ,0.885   
4     ,4      ,500  ,127      ,15.843 ,17.91  ,0.885   
4     ,4      ,504  ,127      ,15.765 ,17.883 ,0.882   
4     ,4      ,508  ,127      ,18.152 ,17.657 ,1.028   
4     ,4      ,512  ,127      ,18.056 ,18.518 ,0.975   
4     ,4      ,52   ,127      ,6.363  ,9.797  ,0.649   
4     ,4      ,56   ,127      ,6.365  ,9.781  ,0.651   
4     ,4      ,60   ,127      ,8.67   ,10.616 ,0.817   
4     ,4      ,64   ,127      ,7.541  ,12.341 ,0.611   
4     ,4      ,68   ,127      ,7.498  ,11.956 ,0.627   
4     ,4      ,72   ,127      ,7.517  ,10.614 ,0.708   
4     ,4      ,76   ,127      ,7.503  ,11.837 ,0.634   
4     ,4      ,80   ,127      ,7.57   ,10.472 ,0.723   
4     ,4      ,84   ,127      ,7.55   ,10.398 ,0.726   
4     ,4      ,88   ,127      ,7.536  ,10.491 ,0.718   
4     ,4      ,92   ,127      ,7.289  ,7.665  ,0.951   
4     ,4      ,96   ,127      ,7.317  ,11.045 ,0.662   
4     ,6      ,512  ,127      ,23.565 ,23.214 ,1.015   
5     ,0      ,13   ,127      ,4.761  ,7.424  ,0.641   
5     ,0      ,5    ,127      ,2.911  ,4.852  ,0.6     
5     ,2      ,256  ,127      ,14.956 ,15.926 ,0.939   
5     ,5      ,256  ,127      ,12.805 ,14.989 ,0.854   
5     ,6      ,64   ,127      ,7.932  ,12.026 ,0.66    
5     ,7      ,100  ,127      ,8.346  ,11.396 ,0.732   
5     ,7      ,104  ,127      ,8.387  ,11.42  ,0.734   
5     ,7      ,108  ,127      ,8.384  ,11.478 ,0.73    
5     ,7      ,112  ,127      ,8.425  ,11.478 ,0.734   
5     ,7      ,116  ,127      ,8.406  ,11.45  ,0.734   
5     ,7      ,120  ,127      ,8.283  ,11.334 ,0.731   
5     ,7      ,124  ,127      ,9.85   ,10.192 ,0.966   
5     ,7      ,128  ,127      ,9.759  ,14.535 ,0.671   
5     ,7      ,132  ,127      ,9.778  ,12.352 ,0.792   
5     ,7      ,136  ,127      ,9.785  ,12.142 ,0.806   
5     ,7      ,140  ,127      ,9.782  ,12.128 ,0.807   
5     ,7      ,144  ,127      ,9.737  ,12.266 ,0.794   
5     ,7      ,148  ,127      ,9.761  ,12.249 ,0.797   
5     ,7      ,152  ,127      ,9.77   ,12.244 ,0.798   
5     ,7      ,156  ,127      ,13.43  ,11.496 ,1.168   
5     ,7      ,16   ,127      ,5.271  ,7.876  ,0.669   
5     ,7      ,160  ,127      ,13.405 ,12.994 ,1.032   
5     ,7      ,164  ,127      ,13.504 ,12.031 ,1.122   
5     ,7      ,168  ,127      ,13.526 ,11.918 ,1.135   
5     ,7      ,172  ,127      ,13.496 ,12.078 ,1.117   
5     ,7      ,176  ,127      ,13.434 ,12.153 ,1.105   
5     ,7      ,180  ,127      ,13.466 ,12.121 ,1.111   
5     ,7      ,184  ,127      ,13.17  ,11.962 ,1.101   
5     ,7      ,188  ,127      ,12.487 ,11.734 ,1.064   
5     ,7      ,192  ,127      ,12.559 ,13.812 ,0.909   
5     ,7      ,196  ,127      ,12.861 ,13.689 ,0.939   
5     ,7      ,20   ,127      ,5.22   ,7.831  ,0.667   
5     ,7      ,200  ,127      ,12.562 ,13.879 ,0.905   
5     ,7      ,204  ,127      ,12.593 ,13.816 ,0.911   
5     ,7      ,208  ,127      ,12.642 ,13.816 ,0.915   
5     ,7      ,212  ,127      ,12.649 ,13.789 ,0.917   
5     ,7      ,216  ,127      ,12.399 ,13.747 ,0.902   
5     ,7      ,220  ,127      ,12.459 ,13.001 ,0.958   
5     ,7      ,224  ,127      ,12.317 ,13.898 ,0.886   
5     ,7      ,228  ,127      ,12.286 ,13.449 ,0.914   
5     ,7      ,232  ,127      ,12.345 ,13.15  ,0.939   
5     ,7      ,236  ,127      ,12.385 ,13.271 ,0.933   
5     ,7      ,24   ,127      ,5.246  ,7.763  ,0.676   
5     ,7      ,240  ,127      ,12.319 ,13.392 ,0.92    
5     ,7      ,244  ,127      ,12.375 ,13.3   ,0.93    
5     ,7      ,248  ,127      ,12.151 ,13.198 ,0.921   
5     ,7      ,252  ,127      ,16.159 ,17.156 ,0.942   
5     ,7      ,256  ,127      ,16.11  ,18.535 ,0.869   
5     ,7      ,260  ,127      ,16.072 ,17.599 ,0.913   
5     ,7      ,264  ,127      ,16.006 ,17.622 ,0.908   
5     ,7      ,268  ,127      ,16.065 ,17.335 ,0.927   
5     ,7      ,272  ,127      ,16.144 ,17.202 ,0.938   
5     ,7      ,276  ,127      ,16.104 ,17.35  ,0.928   
5     ,7      ,28   ,127      ,5.231  ,7.763  ,0.674   
5     ,7      ,280  ,127      ,16.048 ,17.281 ,0.929   
5     ,7      ,284  ,127      ,15.696 ,18.331 ,0.856   
5     ,7      ,288  ,127      ,15.577 ,18.436 ,0.845   
5     ,7      ,292  ,127      ,15.534 ,17.895 ,0.868   
5     ,7      ,296  ,127      ,15.511 ,17.805 ,0.871   
5     ,7      ,300  ,127      ,15.631 ,17.659 ,0.885   
5     ,7      ,304  ,127      ,15.579 ,17.579 ,0.886   
5     ,7      ,308  ,127      ,15.505 ,17.654 ,0.878   
5     ,7      ,312  ,127      ,15.043 ,17.736 ,0.848   
5     ,7      ,316  ,127      ,17.145 ,18.737 ,0.915   
5     ,7      ,32   ,127      ,6.331  ,6.978  ,0.907   
5     ,7      ,320  ,127      ,17.099 ,19.039 ,0.898   
5     ,7      ,324  ,127      ,17.193 ,18.239 ,0.943   
5     ,7      ,328  ,127      ,17.029 ,18.357 ,0.928   
5     ,7      ,332  ,127      ,17.105 ,18.083 ,0.946   
5     ,7      ,336  ,127      ,17.093 ,18.133 ,0.943   
5     ,7      ,340  ,127      ,17.148 ,18.177 ,0.943   
5     ,7      ,344  ,127      ,16.586 ,18.081 ,0.917   
5     ,7      ,348  ,127      ,16.347 ,19.649 ,0.832   
5     ,7      ,352  ,127      ,16.443 ,19.2   ,0.856   
5     ,7      ,356  ,127      ,16.502 ,18.456 ,0.894   
5     ,7      ,36   ,127      ,6.318  ,11.402 ,0.554   
5     ,7      ,360  ,127      ,16.478 ,18.438 ,0.894   
5     ,7      ,364  ,127      ,16.44  ,18.603 ,0.884   
5     ,7      ,368  ,127      ,16.44  ,18.447 ,0.891   
5     ,7      ,372  ,127      ,16.418 ,18.569 ,0.884   
5     ,7      ,376  ,127      ,15.796 ,18.441 ,0.857   
5     ,7      ,380  ,127      ,20.616 ,18.332 ,1.125   
5     ,7      ,384  ,127      ,19.481 ,19.839 ,0.982   
5     ,7      ,388  ,127      ,19.533 ,18.896 ,1.034   
5     ,7      ,392  ,127      ,19.43  ,19.503 ,0.996   
5     ,7      ,396  ,127      ,19.468 ,19.494 ,0.999   
5     ,7      ,40   ,127      ,6.345  ,10.543 ,0.602   
5     ,7      ,400  ,127      ,19.431 ,19.373 ,1.003   
5     ,7      ,404  ,127      ,19.311 ,19.095 ,1.011   
5     ,7      ,408  ,127      ,18.784 ,19.163 ,0.98    
5     ,7      ,412  ,127      ,19.157 ,19.737 ,0.971   
5     ,7      ,416  ,127      ,19.134 ,20.338 ,0.941   
5     ,7      ,420  ,127      ,19.067 ,19.535 ,0.976   
5     ,7      ,424  ,127      ,19.189 ,19.498 ,0.984   
5     ,7      ,428  ,127      ,19.259 ,19.522 ,0.986   
5     ,7      ,432  ,127      ,19.245 ,19.472 ,0.988   
5     ,7      ,436  ,127      ,19.249 ,19.461 ,0.989   
5     ,7      ,44   ,127      ,6.397  ,10.196 ,0.627   
5     ,7      ,440  ,127      ,18.41  ,19.426 ,0.948   
5     ,7      ,444  ,127      ,20.594 ,20.359 ,1.012   
5     ,7      ,448  ,127      ,20.637 ,20.944 ,0.985   
5     ,7      ,452  ,127      ,20.548 ,19.944 ,1.03    
5     ,7      ,456  ,127      ,20.593 ,19.983 ,1.031   
5     ,7      ,460  ,127      ,20.546 ,20.037 ,1.025   
5     ,7      ,464  ,127      ,20.622 ,20.038 ,1.029   
5     ,7      ,468  ,127      ,20.524 ,20.062 ,1.023   
5     ,7      ,472  ,127      ,20.05  ,20.146 ,0.995   
5     ,7      ,476  ,127      ,19.993 ,20.882 ,0.957   
5     ,7      ,48   ,127      ,6.379  ,10.723 ,0.595   
5     ,7      ,480  ,127      ,19.849 ,21.299 ,0.932   
5     ,7      ,484  ,127      ,20.043 ,20.403 ,0.982   
5     ,7      ,488  ,127      ,20.014 ,20.291 ,0.986   
5     ,7      ,492  ,127      ,19.979 ,20.455 ,0.977   
5     ,7      ,496  ,127      ,19.94  ,20.417 ,0.977   
5     ,7      ,500  ,127      ,19.985 ,20.515 ,0.974   
5     ,7      ,504  ,127      ,19.412 ,20.45  ,0.949   
5     ,7      ,508  ,127      ,23.662 ,20.444 ,1.157   
5     ,7      ,512  ,127      ,23.585 ,21.78  ,1.083   
5     ,7      ,52   ,127      ,6.352  ,10.13  ,0.627   
5     ,7      ,56   ,127      ,6.365  ,10.041 ,0.634   
5     ,7      ,60   ,127      ,8.988  ,11.409 ,0.788   
5     ,7      ,64   ,127      ,8.468  ,12.207 ,0.694   
5     ,7      ,68   ,127      ,8.11   ,12.353 ,0.657   
5     ,7      ,72   ,127      ,8.159  ,11.678 ,0.699   
5     ,7      ,76   ,127      ,8.141  ,12.486 ,0.652   
5     ,7      ,80   ,127      ,8.168  ,11.66  ,0.7     
5     ,7      ,84   ,127      ,8.165  ,11.646 ,0.701   
5     ,7      ,88   ,127      ,8.162  ,11.781 ,0.693   
5     ,7      ,92   ,127      ,8.406  ,9.205  ,0.913   
5     ,7      ,96   ,127      ,8.386  ,11.726 ,0.715   
6     ,0      ,14   ,127      ,4.804  ,7.433  ,0.646   
6     ,0      ,6    ,127      ,2.936  ,4.842  ,0.606   
6     ,2      ,100  ,127      ,7.559  ,10.951 ,0.69    
6     ,2      ,104  ,127      ,7.545  ,10.617 ,0.711   
6     ,2      ,108  ,127      ,7.558  ,10.992 ,0.688   
6     ,2      ,112  ,127      ,7.579  ,10.792 ,0.702   
6     ,2      ,116  ,127      ,7.58   ,10.781 ,0.703   
6     ,2      ,120  ,127      ,6.912  ,10.628 ,0.65    
6     ,2      ,124  ,127      ,9.233  ,8.62   ,1.071   
6     ,2      ,128  ,127      ,9.036  ,9.614  ,0.94    
6     ,2      ,132  ,127      ,9.02   ,12.739 ,0.708   
6     ,2      ,136  ,127      ,9.085  ,12.609 ,0.721   
6     ,2      ,140  ,127      ,9.045  ,12.552 ,0.721   
6     ,2      ,144  ,127      ,8.997  ,12.696 ,0.709   
6     ,2      ,148  ,127      ,9.041  ,12.598 ,0.718   
6     ,2      ,152  ,127      ,8.056  ,12.59  ,0.64    
6     ,2      ,156  ,127      ,12.913 ,9.235  ,1.398   
6     ,2      ,16   ,127      ,5.27   ,7.873  ,0.669   
6     ,2      ,160  ,127      ,12.714 ,10.139 ,1.254   
6     ,2      ,164  ,127      ,12.745 ,11.238 ,1.134   
6     ,2      ,168  ,127      ,12.82  ,11.143 ,1.15    
6     ,2      ,172  ,127      ,12.822 ,11.256 ,1.139   
6     ,2      ,176  ,127      ,12.771 ,11.097 ,1.151   
6     ,2      ,180  ,127      ,12.79  ,11.06  ,1.156   
6     ,2      ,184  ,127      ,10.95  ,11.071 ,0.989   
6     ,2      ,188  ,127      ,11.993 ,10.169 ,1.179   
6     ,2      ,192  ,127      ,12.161 ,10.407 ,1.169   
6     ,2      ,196  ,127      ,12.114 ,12.278 ,0.987   
6     ,2      ,20   ,127      ,5.24   ,7.851  ,0.667   
6     ,2      ,200  ,127      ,12.11  ,11.873 ,1.02    
6     ,2      ,204  ,127      ,12.14  ,12.374 ,0.981   
6     ,2      ,208  ,127      ,12.197 ,11.687 ,1.044   
6     ,2      ,212  ,127      ,12.244 ,11.626 ,1.053   
6     ,2      ,216  ,127      ,11.545 ,11.642 ,0.992   
6     ,2      ,220  ,127      ,12.487 ,10.785 ,1.158   
6     ,2      ,224  ,127      ,11.938 ,10.983 ,1.087   
6     ,2      ,228  ,127      ,11.986 ,11.892 ,1.008   
6     ,2      ,232  ,127      ,11.965 ,11.849 ,1.01    
6     ,2      ,236  ,127      ,12.029 ,11.907 ,1.01    
6     ,2      ,24   ,127      ,5.235  ,7.782  ,0.673   
6     ,2      ,240  ,127      ,12.082 ,11.797 ,1.024   
6     ,2      ,244  ,127      ,11.967 ,11.899 ,1.006   
6     ,2      ,248  ,127      ,11.547 ,11.823 ,0.977   
6     ,2      ,252  ,127      ,13.945 ,14.766 ,0.944   
6     ,2      ,256  ,127      ,15.115 ,15.486 ,0.976   
6     ,2      ,260  ,127      ,15.12  ,16.361 ,0.924   
6     ,2      ,264  ,127      ,15.045 ,15.999 ,0.94    
6     ,2      ,268  ,127      ,15.12  ,16.133 ,0.937   
6     ,2      ,272  ,127      ,15.153 ,15.76  ,0.961   
6     ,2      ,276  ,127      ,15.116 ,15.73  ,0.961   
6     ,2      ,28   ,127      ,4.76   ,7.805  ,0.61    
6     ,2      ,280  ,127      ,13.707 ,15.759 ,0.87    
6     ,2      ,284  ,127      ,14.543 ,17.056 ,0.853   
6     ,2      ,288  ,127      ,14.287 ,16.998 ,0.84    
6     ,2      ,292  ,127      ,14.219 ,17.159 ,0.829   
6     ,2      ,296  ,127      ,14.22  ,17.106 ,0.831   
6     ,2      ,300  ,127      ,14.286 ,16.975 ,0.842   
6     ,2      ,304  ,127      ,14.221 ,16.735 ,0.85    
6     ,2      ,308  ,127      ,14.225 ,16.829 ,0.845   
6     ,2      ,312  ,127      ,13.189 ,16.825 ,0.784   
6     ,2      ,316  ,127      ,14.949 ,16.992 ,0.88    
6     ,2      ,32   ,127      ,6.335  ,5.792  ,1.094   
6     ,2      ,320  ,127      ,16.021 ,17.313 ,0.925   
6     ,2      ,324  ,127      ,16.026 ,17.762 ,0.902   
6     ,2      ,328  ,127      ,15.907 ,17.337 ,0.918   
6     ,2      ,332  ,127      ,15.982 ,17.854 ,0.895   
6     ,2      ,336  ,127      ,16.021 ,17.318 ,0.925   
6     ,2      ,340  ,127      ,16.021 ,17.495 ,0.916   
6     ,2      ,344  ,127      ,14.944 ,17.522 ,0.853   
6     ,2      ,348  ,127      ,15.832 ,17.929 ,0.883   
6     ,2      ,352  ,127      ,15.631 ,18.085 ,0.864   
6     ,2      ,356  ,127      ,15.626 ,17.522 ,0.892   
6     ,2      ,36   ,127      ,6.335  ,7.149  ,0.886   
6     ,2      ,360  ,127      ,15.548 ,17.439 ,0.892   
6     ,2      ,364  ,127      ,15.586 ,17.774 ,0.877   
6     ,2      ,368  ,127      ,15.792 ,17.66  ,0.894   
6     ,2      ,372  ,127      ,15.565 ,17.677 ,0.881   
6     ,2      ,376  ,127      ,14.851 ,17.616 ,0.843   
6     ,2      ,380  ,127      ,17.119 ,17.834 ,0.96    
6     ,2      ,384  ,127      ,18.772 ,18.154 ,1.034   
6     ,2      ,388  ,127      ,18.647 ,18.967 ,0.983   
6     ,2      ,392  ,127      ,18.826 ,18.468 ,1.019   
6     ,2      ,396  ,127      ,18.752 ,19.571 ,0.958   
6     ,2      ,40   ,127      ,6.348  ,9.639  ,0.659   
6     ,2      ,400  ,127      ,18.723 ,19.089 ,0.981   
6     ,2      ,404  ,127      ,18.703 ,19.086 ,0.98    
6     ,2      ,408  ,127      ,16.681 ,18.72  ,0.891   
6     ,2      ,412  ,127      ,18.487 ,18.156 ,1.018   
6     ,2      ,416  ,127      ,18.382 ,18.626 ,0.987   
6     ,2      ,420  ,127      ,18.283 ,18.924 ,0.966   
6     ,2      ,424  ,127      ,18.257 ,18.791 ,0.972   
6     ,2      ,428  ,127      ,18.297 ,19.053 ,0.96    
6     ,2      ,432  ,127      ,18.365 ,18.783 ,0.978   
6     ,2      ,436  ,127      ,18.309 ,18.835 ,0.972   
6     ,2      ,44   ,127      ,6.362  ,8.68   ,0.733   
6     ,2      ,440  ,127      ,17.007 ,18.784 ,0.905   
6     ,2      ,444  ,127      ,18.323 ,18.824 ,0.973   
6     ,2      ,448  ,127      ,19.597 ,19.262 ,1.017   
6     ,2      ,452  ,127      ,19.54  ,19.648 ,0.994   
6     ,2      ,456  ,127      ,19.507 ,19.313 ,1.01    
6     ,2      ,460  ,127      ,19.859 ,19.55  ,1.016   
6     ,2      ,464  ,127      ,19.55  ,19.142 ,1.021   
6     ,2      ,468  ,127      ,19.46  ,19.14  ,1.017   
6     ,2      ,472  ,127      ,18.181 ,19.206 ,0.947   
6     ,2      ,476  ,127      ,20.013 ,19.557 ,1.023   
6     ,2      ,48   ,127      ,6.377  ,9.72   ,0.656   
6     ,2      ,480  ,127      ,19.947 ,19.74  ,1.01    
6     ,2      ,484  ,127      ,19.947 ,19.832 ,1.006   
6     ,2      ,488  ,127      ,19.947 ,19.651 ,1.015   
6     ,2      ,492  ,127      ,19.899 ,19.658 ,1.012   
6     ,2      ,496  ,127      ,19.765 ,19.55  ,1.011   
6     ,2      ,500  ,127      ,19.943 ,19.497 ,1.023   
6     ,2      ,504  ,127      ,18.804 ,19.561 ,0.961   
6     ,2      ,508  ,127      ,20.437 ,18.993 ,1.076   
6     ,2      ,512  ,127      ,21.999 ,19.71  ,1.116   
6     ,2      ,52   ,127      ,6.393  ,9.818  ,0.651   
6     ,2      ,56   ,127      ,6.363  ,9.787  ,0.65    
6     ,2      ,60   ,127      ,7.432  ,9.707  ,0.766   
6     ,2      ,64   ,127      ,7.748  ,9.039  ,0.857   
6     ,2      ,68   ,127      ,7.505  ,11.799 ,0.636   
6     ,2      ,72   ,127      ,7.546  ,10.878 ,0.694   
6     ,2      ,76   ,127      ,7.562  ,11.358 ,0.666   
6     ,2      ,80   ,127      ,7.567  ,11.721 ,0.646   
6     ,2      ,84   ,127      ,7.549  ,10.653 ,0.709   
6     ,2      ,88   ,127      ,6.923  ,10.305 ,0.672   
6     ,2      ,92   ,127      ,7.412  ,8.347  ,0.888   
6     ,2      ,96   ,127      ,7.542  ,9.004  ,0.838   
6     ,3      ,64   ,127      ,7.609  ,10.404 ,0.731   
6     ,4      ,32   ,127      ,6.204  ,5.354  ,1.159   
6     ,4      ,512  ,127      ,21.526 ,20.03  ,1.075   
6     ,6      ,512  ,127      ,18.136 ,18.403 ,0.985   
6     ,7      ,1024 ,127      ,35.644 ,31.096 ,1.146   
7     ,0      ,15   ,127      ,4.847  ,7.654  ,0.633   
7     ,0      ,7    ,127      ,2.863  ,4.843  ,0.591   
7     ,1      ,100  ,127      ,7.544  ,10.868 ,0.694   
7     ,1      ,104  ,127      ,7.59   ,10.6   ,0.716   
7     ,1      ,108  ,127      ,7.613  ,10.985 ,0.693   
7     ,1      ,112  ,127      ,7.561  ,10.777 ,0.702   
7     ,1      ,116  ,127      ,6.896  ,10.607 ,0.65    
7     ,1      ,120  ,127      ,6.918  ,10.632 ,0.651   
7     ,1      ,124  ,127      ,9.229  ,8.504  ,1.085   
7     ,1      ,128  ,127      ,9.063  ,9.655  ,0.939   
7     ,1      ,132  ,127      ,9.029  ,12.653 ,0.714   
7     ,1      ,136  ,127      ,9.052  ,12.596 ,0.719   
7     ,1      ,140  ,127      ,9.047  ,12.581 ,0.719   
7     ,1      ,144  ,127      ,8.971  ,12.672 ,0.708   
7     ,1      ,148  ,127      ,8.033  ,12.607 ,0.637   
7     ,1      ,152  ,127      ,7.997  ,12.595 ,0.635   
7     ,1      ,156  ,127      ,12.939 ,8.877  ,1.458   
7     ,1      ,16   ,127      ,5.249  ,7.869  ,0.667   
7     ,1      ,160  ,127      ,12.673 ,10.136 ,1.25    
7     ,1      ,164  ,127      ,12.817 ,11.255 ,1.139   
7     ,1      ,168  ,127      ,12.854 ,11.157 ,1.152   
7     ,1      ,172  ,127      ,12.793 ,11.488 ,1.114   
7     ,1      ,176  ,127      ,12.779 ,11.063 ,1.155   
7     ,1      ,180  ,127      ,10.951 ,11.005 ,0.995   
7     ,1      ,184  ,127      ,10.952 ,11.139 ,0.983   
7     ,1      ,188  ,127      ,11.962 ,9.632  ,1.242   
7     ,1      ,192  ,127      ,12.11  ,10.406 ,1.164   
7     ,1      ,196  ,127      ,12.113 ,12.309 ,0.984   
7     ,1      ,20   ,127      ,5.402  ,7.835  ,0.69    
7     ,1      ,200  ,127      ,12.144 ,11.896 ,1.021   
7     ,1      ,204  ,127      ,12.137 ,12.305 ,0.986   
7     ,1      ,208  ,127      ,12.226 ,11.705 ,1.045   
7     ,1      ,212  ,127      ,11.626 ,11.655 ,0.998   
7     ,1      ,216  ,127      ,11.064 ,11.618 ,0.952   
7     ,1      ,220  ,127      ,12.517 ,10.148 ,1.234   
7     ,1      ,224  ,127      ,11.939 ,11.06  ,1.079   
7     ,1      ,228  ,127      ,11.935 ,11.858 ,1.006   
7     ,1      ,232  ,127      ,11.991 ,11.835 ,1.013   
7     ,1      ,236  ,127      ,11.99  ,11.925 ,1.005   
7     ,1      ,24   ,127      ,5.256  ,7.762  ,0.677   
7     ,1      ,240  ,127      ,12.013 ,11.794 ,1.019   
7     ,1      ,244  ,127      ,11.545 ,11.852 ,0.974   
7     ,1      ,248  ,127      ,11.6   ,11.858 ,0.978   
7     ,1      ,252  ,127      ,13.977 ,13.943 ,1.002   
7     ,1      ,256  ,127      ,15.144 ,15.482 ,0.978   
7     ,1      ,260  ,127      ,15.123 ,16.385 ,0.923   
7     ,1      ,264  ,127      ,15.044 ,15.977 ,0.942   
7     ,1      ,268  ,127      ,15.123 ,16.145 ,0.937   
7     ,1      ,272  ,127      ,15.16  ,15.673 ,0.967   
7     ,1      ,276  ,127      ,13.667 ,15.751 ,0.868   
7     ,1      ,28   ,127      ,4.75   ,7.754  ,0.613   
7     ,1      ,280  ,127      ,13.134 ,15.787 ,0.832   
7     ,1      ,284  ,127      ,14.586 ,16.21  ,0.9     
7     ,1      ,288  ,127      ,14.321 ,16.997 ,0.843   
7     ,1      ,292  ,127      ,14.221 ,17.179 ,0.828   
7     ,1      ,296  ,127      ,14.188 ,17.091 ,0.83    
7     ,1      ,300  ,127      ,14.32  ,16.951 ,0.845   
7     ,1      ,304  ,127      ,14.279 ,16.739 ,0.853   
7     ,1      ,308  ,127      ,13.218 ,16.787 ,0.787   
7     ,1      ,312  ,127      ,13.282 ,16.84  ,0.789   
7     ,1      ,316  ,127      ,14.939 ,16.595 ,0.9     
7     ,1      ,32   ,127      ,6.335  ,5.584  ,1.135   
7     ,1      ,320  ,127      ,16.024 ,17.403 ,0.921   
7     ,1      ,324  ,127      ,16.064 ,17.781 ,0.903   
7     ,1      ,328  ,127      ,15.954 ,17.447 ,0.914   
7     ,1      ,332  ,127      ,16.024 ,17.892 ,0.896   
7     ,1      ,336  ,127      ,15.984 ,17.408 ,0.918   
7     ,1      ,340  ,127      ,14.983 ,17.531 ,0.855   
7     ,1      ,344  ,127      ,14.379 ,17.371 ,0.828   
7     ,1      ,348  ,127      ,15.866 ,17.794 ,0.892   
7     ,1      ,352  ,127      ,15.659 ,18.064 ,0.867   
7     ,1      ,356  ,127      ,15.683 ,17.574 ,0.892   
7     ,1      ,36   ,127      ,6.333  ,6.23   ,1.017   
7     ,1      ,360  ,127      ,15.563 ,17.578 ,0.885   
7     ,1      ,364  ,127      ,15.667 ,17.814 ,0.879   
7     ,1      ,368  ,127      ,15.615 ,17.587 ,0.888   
7     ,1      ,372  ,127      ,14.93  ,17.693 ,0.844   
7     ,1      ,376  ,127      ,14.836 ,17.714 ,0.838   
7     ,1      ,380  ,127      ,17.169 ,17.033 ,1.008   
7     ,1      ,384  ,127      ,18.726 ,18.199 ,1.029   
7     ,1      ,388  ,127      ,18.722 ,19.011 ,0.985   
7     ,1      ,392  ,127      ,18.692 ,18.881 ,0.99    
7     ,1      ,396  ,127      ,18.76  ,19.589 ,0.958   
7     ,1      ,40   ,127      ,6.35   ,9.635  ,0.659   
7     ,1      ,400  ,127      ,18.751 ,19.215 ,0.976   
7     ,1      ,404  ,127      ,16.811 ,18.536 ,0.907   
7     ,1      ,408  ,127      ,16.143 ,18.708 ,0.863   
7     ,1      ,412  ,127      ,18.284 ,17.963 ,1.018   
7     ,1      ,416  ,127      ,18.297 ,18.659 ,0.981   
7     ,1      ,420  ,127      ,18.212 ,18.842 ,0.967   
7     ,1      ,424  ,127      ,18.437 ,18.858 ,0.978   
7     ,1      ,428  ,127      ,18.295 ,18.953 ,0.965   
7     ,1      ,432  ,127      ,18.382 ,18.723 ,0.982   
7     ,1      ,436  ,127      ,16.953 ,18.741 ,0.905   
7     ,1      ,44   ,127      ,6.478  ,8.681  ,0.746   
7     ,1      ,440  ,127      ,16.949 ,18.83  ,0.9     
7     ,1      ,444  ,127      ,18.408 ,18.563 ,0.992   
7     ,1      ,448  ,127      ,19.519 ,19.336 ,1.009   
7     ,1      ,452  ,127      ,19.546 ,19.763 ,0.989   
7     ,1      ,456  ,127      ,19.459 ,19.302 ,1.008   
7     ,1      ,460  ,127      ,19.549 ,19.449 ,1.005   
7     ,1      ,464  ,127      ,19.548 ,19.165 ,1.02    
7     ,1      ,468  ,127      ,18.187 ,19.116 ,0.951   
7     ,1      ,472  ,127      ,17.646 ,19.234 ,0.917   
7     ,1      ,476  ,127      ,20.007 ,19.251 ,1.039   
7     ,1      ,48   ,127      ,6.38   ,9.757  ,0.654   
7     ,1      ,480  ,127      ,19.945 ,19.829 ,1.006   
7     ,1      ,484  ,127      ,19.995 ,19.926 ,1.003   
7     ,1      ,488  ,127      ,19.851 ,19.573 ,1.014   
7     ,1      ,492  ,127      ,19.989 ,19.78  ,1.011   
7     ,1      ,496  ,127      ,19.941 ,19.572 ,1.019   
7     ,1      ,500  ,127      ,18.896 ,19.612 ,0.963   
7     ,1      ,504  ,127      ,18.804 ,19.655 ,0.957   
7     ,1      ,508  ,127      ,20.566 ,18.811 ,1.093   
7     ,1      ,512  ,127      ,21.695 ,19.793 ,1.096   
7     ,1      ,52   ,127      ,6.348  ,9.752  ,0.651   
7     ,1      ,56   ,127      ,6.362  ,9.812  ,0.648   
7     ,1      ,60   ,127      ,7.489  ,9.784  ,0.765   
7     ,1      ,64   ,127      ,7.744  ,8.981  ,0.862   
7     ,1      ,68   ,127      ,7.713  ,11.61  ,0.664   
7     ,1      ,72   ,127      ,7.527  ,11.068 ,0.68    
7     ,1      ,76   ,127      ,7.548  ,11.414 ,0.661   
7     ,1      ,80   ,127      ,7.602  ,11.716 ,0.649   
7     ,1      ,84   ,127      ,6.924  ,10.79  ,0.642   
7     ,1      ,88   ,127      ,5.992  ,10.288 ,0.582   
7     ,1      ,92   ,127      ,7.464  ,8.248  ,0.905   
7     ,1      ,96   ,127      ,7.543  ,9.011  ,0.837   
7     ,2      ,16   ,127      ,5.069  ,7.562  ,0.67    
7     ,5      ,100  ,127      ,7.528  ,10.758 ,0.7     
7     ,5      ,104  ,127      ,7.54   ,10.666 ,0.707   
7     ,5      ,108  ,127      ,7.562  ,10.792 ,0.701   
7     ,5      ,112  ,127      ,7.595  ,10.863 ,0.699   
7     ,5      ,116  ,127      ,7.578  ,10.779 ,0.703   
7     ,5      ,120  ,127      ,6.902  ,10.58  ,0.652   
7     ,5      ,124  ,127      ,9.115  ,9.06   ,1.006   
7     ,5      ,128  ,127      ,9.044  ,11.888 ,0.761   
7     ,5      ,132  ,127      ,9.076  ,12.741 ,0.712   
7     ,5      ,136  ,127      ,9.056  ,12.634 ,0.717   
7     ,5      ,140  ,127      ,9.049  ,12.565 ,0.72    
7     ,5      ,144  ,127      ,9.061  ,12.673 ,0.715   
7     ,5      ,148  ,127      ,9.033  ,12.704 ,0.711   
7     ,5      ,152  ,127      ,7.98   ,12.727 ,0.627   
7     ,5      ,156  ,127      ,12.747 ,9.318  ,1.368   
7     ,5      ,16   ,127      ,5.257  ,7.856  ,0.669   
7     ,5      ,160  ,127      ,12.731 ,11.952 ,1.065   
7     ,5      ,164  ,127      ,12.785 ,11.131 ,1.149   
7     ,5      ,168  ,127      ,12.826 ,11.175 ,1.148   
7     ,5      ,172  ,127      ,12.839 ,11.134 ,1.153   
7     ,5      ,176  ,127      ,12.751 ,11.084 ,1.15    
7     ,5      ,180  ,127      ,12.79  ,11.068 ,1.156   
7     ,5      ,184  ,127      ,10.908 ,11.085 ,0.984   
7     ,5      ,188  ,127      ,12.014 ,9.929  ,1.21    
7     ,5      ,192  ,127      ,12.116 ,11.413 ,1.062   
7     ,5      ,196  ,127      ,12.11  ,11.792 ,1.027   
7     ,5      ,20   ,127      ,5.243  ,7.857  ,0.667   
7     ,5      ,200  ,127      ,12.154 ,11.957 ,1.016   
7     ,5      ,204  ,127      ,12.082 ,11.646 ,1.037   
7     ,5      ,208  ,127      ,12.197 ,11.814 ,1.032   
7     ,5      ,212  ,127      ,12.198 ,11.638 ,1.048   
7     ,5      ,216  ,127      ,10.979 ,11.763 ,0.933   
7     ,5      ,220  ,127      ,12.02  ,10.561 ,1.138   
7     ,5      ,224  ,127      ,11.938 ,11.731 ,1.018   
7     ,5      ,228  ,127      ,11.91  ,11.815 ,1.008   
7     ,5      ,232  ,127      ,11.988 ,11.782 ,1.018   
7     ,5      ,236  ,127      ,12.019 ,11.8   ,1.019   
7     ,5      ,24   ,127      ,5.241  ,7.777  ,0.674   
7     ,5      ,240  ,127      ,11.937 ,11.934 ,1.0     
7     ,5      ,244  ,127      ,12.079 ,11.871 ,1.017   
7     ,5      ,248  ,127      ,11.597 ,11.88  ,0.976   
7     ,5      ,252  ,127      ,15.256 ,14.694 ,1.038   
7     ,5      ,256  ,127      ,15.191 ,15.943 ,0.953   
7     ,5      ,260  ,127      ,15.119 ,16.046 ,0.942   
7     ,5      ,264  ,127      ,15.123 ,15.976 ,0.947   
7     ,5      ,268  ,127      ,15.145 ,15.721 ,0.963   
7     ,5      ,272  ,127      ,15.151 ,15.75  ,0.962   
7     ,5      ,276  ,127      ,15.191 ,15.801 ,0.961   
7     ,5      ,28   ,127      ,5.237  ,7.763  ,0.675   
7     ,5      ,280  ,127      ,13.139 ,15.787 ,0.832   
7     ,5      ,284  ,127      ,14.321 ,16.326 ,0.877   
7     ,5      ,288  ,127      ,14.288 ,16.94  ,0.843   
7     ,5      ,292  ,127      ,14.256 ,17.057 ,0.836   
7     ,5      ,296  ,127      ,14.194 ,16.896 ,0.84    
7     ,5      ,300  ,127      ,14.295 ,16.842 ,0.849   
7     ,5      ,304  ,127      ,14.286 ,16.727 ,0.854   
7     ,5      ,308  ,127      ,14.216 ,16.752 ,0.849   
7     ,5      ,312  ,127      ,13.252 ,16.809 ,0.788   
7     ,5      ,316  ,127      ,16.767 ,16.948 ,0.989   
7     ,5      ,32   ,127      ,6.336  ,5.632  ,1.125   
7     ,5      ,320  ,127      ,16.023 ,17.565 ,0.912   
7     ,5      ,324  ,127      ,15.945 ,17.26  ,0.924   
7     ,5      ,328  ,127      ,15.984 ,17.471 ,0.915   
7     ,5      ,332  ,127      ,16.057 ,17.271 ,0.93    
7     ,5      ,336  ,127      ,15.979 ,17.368 ,0.92    
7     ,5      ,340  ,127      ,16.057 ,17.408 ,0.922   
7     ,5      ,344  ,127      ,14.284 ,17.383 ,0.822   
7     ,5      ,348  ,127      ,15.588 ,17.919 ,0.87    
7     ,5      ,352  ,127      ,15.626 ,18.089 ,0.864   
7     ,5      ,356  ,127      ,15.707 ,17.498 ,0.898   
7     ,5      ,36   ,127      ,6.334  ,9.21   ,0.688   
7     ,5      ,360  ,127      ,15.631 ,17.433 ,0.897   
7     ,5      ,364  ,127      ,15.634 ,17.733 ,0.882   
7     ,5      ,368  ,127      ,15.6   ,17.635 ,0.885   
7     ,5      ,372  ,127      ,15.623 ,17.716 ,0.882   
7     ,5      ,376  ,127      ,14.825 ,17.684 ,0.838   
7     ,5      ,380  ,127      ,18.924 ,17.385 ,1.089   
7     ,5      ,384  ,127      ,18.685 ,18.284 ,1.022   
7     ,5      ,388  ,127      ,18.722 ,18.37  ,1.019   
7     ,5      ,392  ,127      ,18.678 ,19.099 ,0.978   
7     ,5      ,396  ,127      ,18.677 ,19.085 ,0.979   
7     ,5      ,40   ,127      ,6.408  ,9.629  ,0.665   
7     ,5      ,400  ,127      ,18.691 ,19.114 ,0.978   
7     ,5      ,404  ,127      ,18.568 ,18.733 ,0.991   
7     ,5      ,408  ,127      ,16.326 ,18.655 ,0.875   
7     ,5      ,412  ,127      ,18.381 ,18.227 ,1.008   
7     ,5      ,416  ,127      ,18.215 ,18.625 ,0.978   
7     ,5      ,420  ,127      ,18.173 ,18.787 ,0.967   
7     ,5      ,424  ,127      ,18.359 ,18.751 ,0.979   
7     ,5      ,428  ,127      ,18.314 ,18.794 ,0.974   
7     ,5      ,432  ,127      ,18.34  ,18.82  ,0.974   
7     ,5      ,436  ,127      ,18.253 ,18.8   ,0.971   
7     ,5      ,44   ,127      ,6.363  ,9.802  ,0.649   
7     ,5      ,440  ,127      ,16.964 ,18.721 ,0.906   
7     ,5      ,444  ,127      ,19.528 ,18.927 ,1.032   
7     ,5      ,448  ,127      ,19.599 ,19.262 ,1.017   
7     ,5      ,452  ,127      ,19.503 ,19.179 ,1.017   
7     ,5      ,456  ,127      ,19.725 ,19.175 ,1.029   
7     ,5      ,460  ,127      ,19.456 ,19.168 ,1.015   
7     ,5      ,464  ,127      ,19.631 ,19.184 ,1.023   
7     ,5      ,468  ,127      ,19.404 ,19.182 ,1.012   
7     ,5      ,472  ,127      ,17.647 ,19.188 ,0.92    
7     ,5      ,476  ,127      ,19.946 ,19.552 ,1.02    
7     ,5      ,48   ,127      ,6.374  ,9.741  ,0.654   
7     ,5      ,480  ,127      ,19.765 ,19.8   ,0.998   
7     ,5      ,484  ,127      ,20.02  ,19.707 ,1.016   
7     ,5      ,488  ,127      ,19.899 ,19.7   ,1.01    
7     ,5      ,492  ,127      ,19.895 ,19.521 ,1.019   
7     ,5      ,496  ,127      ,19.887 ,19.542 ,1.018   
7     ,5      ,500  ,127      ,19.86  ,19.545 ,1.016   
7     ,5      ,504  ,127      ,18.841 ,19.417 ,0.97    
7     ,5      ,508  ,127      ,21.672 ,19.154 ,1.131   
7     ,5      ,512  ,127      ,21.661 ,19.723 ,1.098   
7     ,5      ,52   ,127      ,6.364  ,9.794  ,0.65    
7     ,5      ,56   ,127      ,6.363  ,9.835  ,0.647   
7     ,5      ,60   ,127      ,8.688  ,10.683 ,0.813   
7     ,5      ,64   ,127      ,7.73   ,10.416 ,0.742   
7     ,5      ,68   ,127      ,7.529  ,12.022 ,0.626   
7     ,5      ,72   ,127      ,7.5    ,10.986 ,0.683   
7     ,5      ,76   ,127      ,7.53   ,11.663 ,0.646   
7     ,5      ,80   ,127      ,7.548  ,11.652 ,0.648   
7     ,5      ,84   ,127      ,7.539  ,10.657 ,0.707   
7     ,5      ,88   ,127      ,5.992  ,10.303 ,0.582   
7     ,5      ,92   ,127      ,7.622  ,8.454  ,0.902   
7     ,5      ,96   ,127      ,7.561  ,10.248 ,0.738   
7     ,6      ,1024 ,127      ,35.886 ,31.956 ,1.123   
7     ,7      ,1024 ,127      ,24.87  ,24.378 ,1.02    
0.8798759271694846
