
Results For: strncpy
align1,align2 ,len  ,max_char ,n    ,new    ,old    ,new/old 
0     ,0      ,1024 ,127      ,1024 ,24.295 ,24.065 ,1.01    
0     ,0      ,1024 ,127      ,1056 ,27.761 ,28.922 ,0.96    
0     ,0      ,1024 ,127      ,1088 ,25.311 ,31.188 ,0.812   
0     ,0      ,1024 ,127      ,512  ,15.142 ,16.246 ,0.932   
0     ,0      ,1024 ,127      ,960  ,22.712 ,26.372 ,0.861   
0     ,0      ,1024 ,127      ,992  ,23.761 ,26.363 ,0.901   
0     ,0      ,1056 ,127      ,1024 ,24.177 ,24.09  ,1.004   
0     ,0      ,1088 ,127      ,1024 ,24.344 ,24.076 ,1.011   
0     ,0      ,128  ,127      ,128  ,6.791  ,9.642  ,0.704   
0     ,0      ,128  ,127      ,160  ,9.846  ,12.92  ,0.762   
0     ,0      ,128  ,127      ,192  ,8.378  ,13.275 ,0.631   
0     ,0      ,128  ,127      ,256  ,8.989  ,13.42  ,0.67    
0     ,0      ,128  ,127      ,64   ,5.357  ,7.699  ,0.696   
0     ,0      ,128  ,127      ,96   ,6.083  ,8.512  ,0.715   
0     ,0      ,16   ,127      ,32   ,4.832  ,8.904  ,0.543   
0     ,0      ,160  ,127      ,128  ,6.836  ,9.499  ,0.72    
0     ,0      ,192  ,127      ,128  ,6.752  ,9.53   ,0.708   
0     ,0      ,192  ,127      ,256  ,10.355 ,14.638 ,0.707   
0     ,0      ,2048 ,127      ,1024 ,24.287 ,24.004 ,1.012   
0     ,0      ,224  ,127      ,256  ,11.326 ,15.255 ,0.742   
0     ,0      ,256  ,127      ,128  ,7.021  ,9.457  ,0.742   
0     ,0      ,256  ,127      ,192  ,8.764  ,11.079 ,0.791   
0     ,0      ,256  ,127      ,224  ,9.242  ,11.628 ,0.795   
0     ,0      ,256  ,127      ,256  ,10.724 ,13.132 ,0.817   
0     ,0      ,256  ,127      ,288  ,12.363 ,19.785 ,0.625   
0     ,0      ,256  ,127      ,320  ,11.655 ,19.698 ,0.592   
0     ,0      ,256  ,127      ,512  ,14.867 ,20.001 ,0.743   
0     ,0      ,288  ,127      ,256  ,10.656 ,13.063 ,0.816   
0     ,0      ,32   ,127      ,16   ,5.273  ,6.362  ,0.829   
0     ,0      ,32   ,127      ,64   ,7.325  ,9.174  ,0.799   
0     ,0      ,320  ,127      ,256  ,11.157 ,12.922 ,0.863   
0     ,0      ,448  ,127      ,512  ,15.218 ,22.307 ,0.682   
0     ,0      ,480  ,127      ,512  ,17.2   ,21.552 ,0.798   
0     ,0      ,512  ,127      ,1024 ,21.314 ,24.988 ,0.853   
0     ,0      ,512  ,127      ,256  ,10.347 ,12.751 ,0.811   
0     ,0      ,512  ,127      ,448  ,14.183 ,18.25  ,0.777   
0     ,0      ,512  ,127      ,480  ,14.922 ,18.745 ,0.796   
0     ,0      ,512  ,127      ,512  ,15.492 ,16.375 ,0.946   
0     ,0      ,512  ,127      ,544  ,18.694 ,21.391 ,0.874   
0     ,0      ,512  ,127      ,576  ,16.125 ,22.459 ,0.718   
0     ,0      ,544  ,127      ,512  ,15.414 ,16.372 ,0.942   
0     ,0      ,576  ,127      ,512  ,15.544 ,16.43  ,0.946   
0     ,0      ,64   ,127      ,128  ,6.653  ,11.575 ,0.575   
0     ,0      ,64   ,127      ,32   ,4.607  ,6.933  ,0.664   
0     ,0      ,8    ,127      ,16   ,6.134  ,10.759 ,0.57    
0     ,0      ,96   ,127      ,128  ,8.71   ,11.959 ,0.728   
0     ,0      ,960  ,127      ,1024 ,24.049 ,29.962 ,0.803   
0     ,0      ,992  ,127      ,1024 ,26.068 ,28.133 ,0.927   
0     ,4      ,16   ,127      ,16   ,5.195  ,6.953  ,0.747   
0     ,4      ,32   ,127      ,16   ,5.218  ,6.33   ,0.824   
1     ,0      ,1024 ,127      ,1024 ,35.497 ,33.742 ,1.052   
1     ,0      ,1024 ,127      ,1056 ,37.315 ,36.722 ,1.016   
1     ,0      ,1024 ,127      ,1088 ,37.404 ,31.488 ,1.188   
1     ,0      ,1024 ,127      ,960  ,33.256 ,31.876 ,1.043   
1     ,0      ,1024 ,127      ,992  ,35.087 ,33.746 ,1.04    
1     ,0      ,1056 ,127      ,1024 ,35.553 ,32.631 ,1.09    
1     ,0      ,1088 ,127      ,1024 ,35.44  ,32.952 ,1.076   
1     ,0      ,128  ,127      ,128  ,9.155  ,11.792 ,0.776   
1     ,0      ,128  ,127      ,160  ,9.018  ,11.536 ,0.782   
1     ,0      ,128  ,127      ,192  ,9.198  ,14.156 ,0.65    
1     ,0      ,128  ,127      ,64   ,7.761  ,7.694  ,1.009   
1     ,0      ,128  ,127      ,96   ,7.227  ,10.455 ,0.691   
1     ,0      ,160  ,127      ,128  ,9.149  ,11.419 ,0.801   
1     ,0      ,192  ,127      ,128  ,9.046  ,11.29  ,0.801   
1     ,0      ,192  ,127      ,256  ,11.037 ,16.373 ,0.674   
1     ,0      ,224  ,127      ,256  ,12.799 ,15.44  ,0.829   
1     ,0      ,256  ,127      ,192  ,10.611 ,13.322 ,0.797   
1     ,0      ,256  ,127      ,224  ,11.034 ,14.906 ,0.74    
1     ,0      ,256  ,127      ,256  ,12.611 ,17.37  ,0.726   
1     ,0      ,256  ,127      ,288  ,15.727 ,18.24  ,0.862   
1     ,0      ,256  ,127      ,320  ,13.197 ,20.288 ,0.65    
1     ,0      ,288  ,127      ,256  ,12.554 ,17.042 ,0.737   
1     ,0      ,320  ,127      ,256  ,12.58  ,17.059 ,0.737   
1     ,0      ,448  ,127      ,512  ,19.184 ,22.754 ,0.843   
1     ,0      ,480  ,127      ,512  ,19.566 ,20.236 ,0.967   
1     ,0      ,512  ,127      ,448  ,18.058 ,19.101 ,0.945   
1     ,0      ,512  ,127      ,480  ,18.726 ,19.463 ,0.962   
1     ,0      ,512  ,127      ,512  ,19.435 ,20.386 ,0.953   
1     ,0      ,512  ,127      ,544  ,22.623 ,21.036 ,1.075   
1     ,0      ,512  ,127      ,576  ,21.148 ,23.092 ,0.916   
1     ,0      ,544  ,127      ,512  ,19.464 ,20.005 ,0.973   
1     ,0      ,576  ,127      ,512  ,19.42  ,20.084 ,0.967   
1     ,0      ,64   ,127      ,128  ,7.065  ,11.462 ,0.616   
1     ,0      ,96   ,127      ,128  ,9.21   ,10.707 ,0.86    
1     ,0      ,960  ,127      ,1024 ,35.467 ,29.995 ,1.182   
1     ,0      ,992  ,127      ,1024 ,36.08  ,35.231 ,1.024   
1     ,1      ,16   ,127      ,16   ,5.217  ,7.015  ,0.744   
1     ,2      ,16   ,127      ,16   ,5.202  ,6.969  ,0.746   
1     ,6      ,128  ,127      ,256  ,10.979 ,15.013 ,0.731   
1     ,6      ,2048 ,127      ,1024 ,36.733 ,35.74  ,1.028   
1     ,6      ,512  ,127      ,1024 ,28.297 ,27.312 ,1.036   
2     ,1      ,16   ,127      ,16   ,5.229  ,6.979  ,0.749   
2     ,2      ,16   ,127      ,16   ,5.195  ,6.905  ,0.752   
2     ,3      ,64   ,127      ,32   ,4.699  ,7.055  ,0.666   
2     ,4      ,1024 ,127      ,512  ,19.932 ,21.137 ,0.943   
2     ,4      ,16   ,127      ,16   ,5.204  ,6.988  ,0.745   
2     ,4      ,256  ,127      ,512  ,18.681 ,21.87  ,0.854   
2     ,4      ,64   ,127      ,128  ,8.432  ,12.334 ,0.684   
2     ,5      ,16   ,127      ,16   ,5.211  ,6.932  ,0.752   
2     ,7      ,4    ,127      ,2    ,6.055  ,6.952  ,0.871   
3     ,2      ,128  ,127      ,256  ,10.261 ,14.185 ,0.723   
3     ,2      ,32   ,127      ,64   ,8.532  ,9.244  ,0.923   
3     ,2      ,512  ,127      ,256  ,13.234 ,17.275 ,0.766   
3     ,3      ,16   ,127      ,16   ,5.21   ,6.949  ,0.75    
3     ,6      ,16   ,127      ,16   ,5.219  ,7.0    ,0.746   
4     ,0      ,16   ,127      ,16   ,5.225  ,6.947  ,0.752   
4     ,0      ,16   ,127      ,32   ,4.776  ,9.623  ,0.496   
4     ,0      ,256  ,127      ,128  ,9.116  ,10.854 ,0.84    
4     ,0      ,64   ,127      ,128  ,7.092  ,11.644 ,0.609   
4     ,2      ,128  ,127      ,64   ,8.316  ,7.927  ,1.049   
4     ,2      ,16   ,127      ,16   ,5.237  ,6.974  ,0.751   
4     ,4      ,16   ,127      ,16   ,5.21   ,6.941  ,0.751   
4     ,6      ,16   ,127      ,16   ,5.242  ,6.957  ,0.754   
4     ,6      ,8    ,127      ,4    ,4.937  ,6.91   ,0.714   
5     ,2      ,16   ,127      ,16   ,5.231  ,6.947  ,0.753   
5     ,5      ,16   ,127      ,16   ,5.226  ,6.947  ,0.752   
5     ,6      ,128  ,127      ,64   ,9.253  ,8.8    ,1.051   
5     ,6      ,32   ,127      ,64   ,7.892  ,9.937  ,0.794   
5     ,6      ,8    ,127      ,16   ,6.132  ,10.552 ,0.581   
6     ,1      ,256  ,127      ,128  ,9.765  ,11.042 ,0.884   
6     ,3      ,16   ,127      ,16   ,5.217  ,6.949  ,0.751   
6     ,4      ,16   ,127      ,16   ,5.246  ,6.963  ,0.753   
6     ,4      ,16   ,127      ,32   ,4.812  ,9.649  ,0.499   
6     ,4      ,4    ,127      ,8    ,5.914  ,10.807 ,0.547   
6     ,4      ,64   ,127      ,32   ,4.657  ,6.984  ,0.667   
6     ,5      ,16   ,127      ,8    ,4.891  ,7.469  ,0.655   
6     ,6      ,16   ,127      ,16   ,5.267  ,7.014  ,0.751   
6     ,7      ,16   ,127      ,16   ,5.243  ,6.948  ,0.755   
7     ,2      ,2    ,127      ,4    ,5.837  ,9.901  ,0.59    
7     ,2      ,32   ,127      ,16   ,5.213  ,6.292  ,0.829   
7     ,2      ,8    ,127      ,16   ,6.015  ,10.529 ,0.571   
7     ,6      ,16   ,127      ,16   ,5.262  ,6.973  ,0.755   
7     ,7      ,16   ,127      ,16   ,5.287  ,7.027  ,0.752   
0.7930778330852035
