
Results For: strncat
align1,align2 ,len1 ,len2 ,max_char ,n    ,new    ,old    ,new/old 
0     ,0      ,1024 ,1024 ,127      ,1024 ,37.78  ,41.538 ,0.91    
0     ,0      ,1024 ,1024 ,127      ,1056 ,40.024 ,46.738 ,0.856   
0     ,0      ,1024 ,1024 ,127      ,1088 ,39.983 ,46.432 ,0.861   
0     ,0      ,1024 ,1024 ,127      ,128  ,36.496 ,25.1   ,1.454   
0     ,0      ,1024 ,1024 ,127      ,2    ,18.597 ,20.89  ,0.89    
0     ,0      ,1024 ,1024 ,127      ,2048 ,39.091 ,44.716 ,0.874   
0     ,0      ,1024 ,1024 ,127      ,32   ,18.642 ,22.859 ,0.816   
0     ,0      ,1024 ,1024 ,127      ,512  ,31.491 ,31.789 ,0.991   
0     ,0      ,1024 ,1024 ,127      ,8    ,19.202 ,20.844 ,0.921   
0     ,0      ,1024 ,1024 ,127      ,960  ,36.714 ,43.85  ,0.837   
0     ,0      ,1024 ,1024 ,127      ,992  ,37.557 ,44.432 ,0.845   
0     ,0      ,1024 ,1056 ,127      ,1024 ,38.371 ,41.125 ,0.933   
0     ,0      ,1024 ,1088 ,127      ,1024 ,38.35  ,40.963 ,0.936   
0     ,0      ,1024 ,256  ,127      ,128  ,21.309 ,23.16  ,0.92    
0     ,0      ,1024 ,256  ,127      ,2    ,19.36  ,19.643 ,0.986   
0     ,0      ,1024 ,256  ,127      ,2048 ,38.217 ,37.853 ,1.01    
0     ,0      ,1024 ,256  ,127      ,32   ,19.488 ,19.681 ,0.99    
0     ,0      ,1024 ,256  ,127      ,512  ,27.69  ,29.644 ,0.934   
0     ,0      ,1024 ,256  ,127      ,8    ,19.198 ,19.785 ,0.97    
0     ,0      ,1024 ,960  ,127      ,1024 ,38.141 ,42.11  ,0.906   
0     ,0      ,1024 ,992  ,127      ,1024 ,38.67  ,41.55  ,0.931   
0     ,0      ,128  ,128  ,127      ,128  ,19.875 ,22.218 ,0.895   
0     ,0      ,128  ,128  ,127      ,160  ,23.842 ,23.008 ,1.036   
0     ,0      ,128  ,128  ,127      ,192  ,23.76  ,23.237 ,1.023   
0     ,0      ,128  ,128  ,127      ,2    ,17.761 ,18.864 ,0.942   
0     ,0      ,128  ,128  ,127      ,2048 ,23.099 ,22.645 ,1.02    
0     ,0      ,128  ,128  ,127      ,32   ,17.645 ,18.957 ,0.931   
0     ,0      ,128  ,128  ,127      ,512  ,23.209 ,22.531 ,1.03    
0     ,0      ,128  ,128  ,127      ,64   ,19.586 ,20.816 ,0.941   
0     ,0      ,128  ,128  ,127      ,8    ,17.586 ,18.713 ,0.94    
0     ,0      ,128  ,128  ,127      ,96   ,20.025 ,21.571 ,0.928   
0     ,0      ,128  ,160  ,127      ,128  ,21.56  ,22.526 ,0.957   
0     ,0      ,128  ,192  ,127      ,128  ,21.055 ,22.459 ,0.937   
0     ,0      ,128  ,32   ,127      ,128  ,19.622 ,22.676 ,0.865   
0     ,0      ,128  ,32   ,127      ,2    ,17.796 ,18.749 ,0.949   
0     ,0      ,128  ,32   ,127      ,2048 ,20.414 ,22.842 ,0.894   
0     ,0      ,128  ,32   ,127      ,32   ,17.653 ,19.365 ,0.912   
0     ,0      ,128  ,32   ,127      ,512  ,20.396 ,22.858 ,0.892   
0     ,0      ,128  ,32   ,127      ,8    ,17.589 ,18.987 ,0.926   
0     ,0      ,128  ,64   ,127      ,128  ,20.041 ,23.021 ,0.871   
0     ,0      ,128  ,96   ,127      ,128  ,19.979 ,22.938 ,0.871   
0     ,0      ,16   ,16   ,127      ,128  ,18.414 ,18.365 ,1.003   
0     ,0      ,16   ,16   ,127      ,2    ,19.855 ,19.118 ,1.039   
0     ,0      ,16   ,16   ,127      ,2048 ,19.003 ,18.684 ,1.017   
0     ,0      ,16   ,16   ,127      ,32   ,18.495 ,18.173 ,1.018   
0     ,0      ,16   ,16   ,127      ,512  ,18.603 ,18.464 ,1.008   
0     ,0      ,16   ,16   ,127      ,8    ,18.477 ,18.201 ,1.015   
0     ,0      ,16   ,4    ,127      ,128  ,18.456 ,18.243 ,1.012   
0     ,0      ,16   ,4    ,127      ,2    ,19.692 ,18.908 ,1.041   
0     ,0      ,16   ,4    ,127      ,2048 ,19.009 ,18.623 ,1.021   
0     ,0      ,16   ,4    ,127      ,32   ,18.499 ,18.235 ,1.014   
0     ,0      ,16   ,4    ,127      ,512  ,18.552 ,18.422 ,1.007   
0     ,0      ,16   ,4    ,127      ,8    ,18.351 ,18.237 ,1.006   
0     ,0      ,256  ,192  ,127      ,256  ,23.951 ,25.565 ,0.937   
0     ,0      ,256  ,224  ,127      ,256  ,23.92  ,25.817 ,0.927   
0     ,0      ,256  ,256  ,127      ,128  ,20.605 ,22.212 ,0.928   
0     ,0      ,256  ,256  ,127      ,192  ,22.324 ,23.665 ,0.943   
0     ,0      ,256  ,256  ,127      ,2    ,18.571 ,18.831 ,0.986   
0     ,0      ,256  ,256  ,127      ,2048 ,26.997 ,25.89  ,1.043   
0     ,0      ,256  ,256  ,127      ,224  ,23.305 ,24.479 ,0.952   
0     ,0      ,256  ,256  ,127      ,256  ,24.106 ,25.366 ,0.95    
0     ,0      ,256  ,256  ,127      ,288  ,27.132 ,27.491 ,0.987   
0     ,0      ,256  ,256  ,127      ,32   ,18.664 ,18.965 ,0.984   
0     ,0      ,256  ,256  ,127      ,320  ,28.65  ,27.564 ,1.039   
0     ,0      ,256  ,256  ,127      ,512  ,27.056 ,25.997 ,1.041   
0     ,0      ,256  ,256  ,127      ,8    ,18.311 ,18.795 ,0.974   
0     ,0      ,256  ,288  ,127      ,256  ,24.849 ,25.573 ,0.972   
0     ,0      ,256  ,320  ,127      ,256  ,24.477 ,25.763 ,0.95    
0     ,0      ,256  ,64   ,127      ,128  ,19.975 ,22.973 ,0.869   
0     ,0      ,256  ,64   ,127      ,2    ,17.81  ,18.925 ,0.941   
0     ,0      ,256  ,64   ,127      ,2048 ,26.494 ,26.551 ,0.998   
0     ,0      ,256  ,64   ,127      ,32   ,17.767 ,19.019 ,0.934   
0     ,0      ,256  ,64   ,127      ,512  ,26.432 ,26.719 ,0.989   
0     ,0      ,256  ,64   ,127      ,8    ,17.761 ,19.677 ,0.903   
0     ,0      ,32   ,32   ,127      ,128  ,22.26  ,19.921 ,1.117   
0     ,0      ,32   ,32   ,127      ,2    ,18.347 ,19.414 ,0.945   
0     ,0      ,32   ,32   ,127      ,2048 ,22.75  ,20.243 ,1.124   
0     ,0      ,32   ,32   ,127      ,32   ,17.509 ,19.272 ,0.909   
0     ,0      ,32   ,32   ,127      ,512  ,22.483 ,20.041 ,1.122   
0     ,0      ,32   ,32   ,127      ,8    ,17.617 ,18.825 ,0.936   
0     ,0      ,32   ,8    ,127      ,128  ,19.502 ,18.968 ,1.028   
0     ,0      ,32   ,8    ,127      ,2    ,19.407 ,18.46  ,1.051   
0     ,0      ,32   ,8    ,127      ,2048 ,19.774 ,19.119 ,1.034   
0     ,0      ,32   ,8    ,127      ,32   ,18.491 ,18.109 ,1.021   
0     ,0      ,32   ,8    ,127      ,512  ,19.647 ,18.976 ,1.035   
0     ,0      ,32   ,8    ,127      ,8    ,18.338 ,18.181 ,1.009   
0     ,0      ,4    ,4    ,127      ,128  ,18.435 ,18.769 ,0.982   
0     ,0      ,4    ,4    ,127      ,2    ,20.424 ,20.127 ,1.015   
0     ,0      ,4    ,4    ,127      ,2048 ,19.343 ,19.593 ,0.987   
0     ,0      ,4    ,4    ,127      ,32   ,18.297 ,18.739 ,0.976   
0     ,0      ,4    ,4    ,127      ,512  ,18.785 ,19.161 ,0.98    
0     ,0      ,4    ,4    ,127      ,8    ,18.267 ,18.618 ,0.981   
0     ,0      ,512  ,128  ,127      ,128  ,20.113 ,22.42  ,0.897   
0     ,0      ,512  ,128  ,127      ,2    ,18.124 ,19.308 ,0.939   
0     ,0      ,512  ,128  ,127      ,2048 ,29.725 ,29.868 ,0.995   
0     ,0      ,512  ,128  ,127      ,32   ,18.037 ,19.325 ,0.933   
0     ,0      ,512  ,128  ,127      ,512  ,26.017 ,28.883 ,0.901   
0     ,0      ,512  ,128  ,127      ,8    ,17.981 ,19.205 ,0.936   
0     ,0      ,512  ,448  ,127      ,512  ,27.812 ,29.935 ,0.929   
0     ,0      ,512  ,480  ,127      ,512  ,28.458 ,29.613 ,0.961   
0     ,0      ,512  ,512  ,127      ,128  ,22.43  ,23.096 ,0.971   
0     ,0      ,512  ,512  ,127      ,2    ,18.859 ,18.851 ,1.0     
0     ,0      ,512  ,512  ,127      ,2048 ,32.025 ,29.213 ,1.096   
0     ,0      ,512  ,512  ,127      ,32   ,18.987 ,19.313 ,0.983   
0     ,0      ,512  ,512  ,127      ,448  ,28.891 ,28.895 ,1.0     
0     ,0      ,512  ,512  ,127      ,480  ,30.267 ,29.564 ,1.024   
0     ,0      ,512  ,512  ,127      ,512  ,31.55  ,29.149 ,1.082   
0     ,0      ,512  ,512  ,127      ,544  ,33.454 ,31.227 ,1.071   
0     ,0      ,512  ,512  ,127      ,576  ,33.4   ,30.933 ,1.08    
0     ,0      ,512  ,512  ,127      ,8    ,18.596 ,18.917 ,0.983   
0     ,0      ,512  ,544  ,127      ,512  ,29.657 ,31.019 ,0.956   
0     ,0      ,512  ,576  ,127      ,512  ,28.048 ,31.405 ,0.893   
0     ,0      ,64   ,16   ,127      ,128  ,24.243 ,24.421 ,0.993   
0     ,0      ,64   ,16   ,127      ,2    ,19.11  ,18.282 ,1.045   
0     ,0      ,64   ,16   ,127      ,2048 ,24.274 ,24.442 ,0.993   
0     ,0      ,64   ,16   ,127      ,32   ,18.399 ,18.151 ,1.014   
0     ,0      ,64   ,16   ,127      ,512  ,24.419 ,24.464 ,0.998   
0     ,0      ,64   ,16   ,127      ,8    ,18.406 ,18.208 ,1.011   
0     ,0      ,64   ,64   ,127      ,128  ,22.54  ,21.349 ,1.056   
0     ,0      ,64   ,64   ,127      ,2    ,17.84  ,18.965 ,0.941   
0     ,0      ,64   ,64   ,127      ,2048 ,22.705 ,21.477 ,1.057   
0     ,0      ,64   ,64   ,127      ,32   ,17.556 ,18.754 ,0.936   
0     ,0      ,64   ,64   ,127      ,512  ,22.533 ,21.368 ,1.055   
0     ,0      ,64   ,64   ,127      ,8    ,17.542 ,19.406 ,0.904   
0     ,0      ,8    ,8    ,127      ,128  ,18.542 ,18.268 ,1.015   
0     ,0      ,8    ,8    ,127      ,2    ,19.993 ,19.366 ,1.032   
0     ,0      ,8    ,8    ,127      ,2048 ,19.154 ,18.836 ,1.017   
0     ,0      ,8    ,8    ,127      ,32   ,18.552 ,18.266 ,1.016   
0     ,0      ,8    ,8    ,127      ,512  ,18.7   ,18.389 ,1.017   
0     ,0      ,8    ,8    ,127      ,8    ,18.386 ,18.155 ,1.013   
0     ,2      ,2    ,2    ,127      ,128  ,18.512 ,18.229 ,1.016   
0     ,2      ,2    ,2    ,127      ,2    ,20.705 ,20.061 ,1.032   
0     ,2      ,2    ,2    ,127      ,2048 ,19.383 ,19.002 ,1.02    
0     ,2      ,2    ,2    ,127      ,32   ,18.951 ,18.486 ,1.025   
0     ,2      ,2    ,2    ,127      ,512  ,18.8   ,18.589 ,1.011   
0     ,2      ,2    ,2    ,127      ,8    ,19.021 ,18.39  ,1.034   
0     ,4      ,128  ,1    ,127      ,128  ,25.564 ,24.113 ,1.06    
0     ,4      ,128  ,1    ,127      ,2    ,19.204 ,18.375 ,1.045   
0     ,4      ,128  ,1    ,127      ,2048 ,26.276 ,24.652 ,1.066   
0     ,4      ,128  ,1    ,127      ,32   ,18.694 ,18.47  ,1.012   
0     ,4      ,128  ,1    ,127      ,512  ,26.378 ,24.612 ,1.072   
0     ,4      ,128  ,1    ,127      ,8    ,18.506 ,18.381 ,1.007   
1     ,0      ,1024 ,1024 ,127      ,1024 ,55.97  ,52.858 ,1.059   
1     ,0      ,1024 ,1024 ,127      ,1056 ,58.407 ,54.7   ,1.068   
1     ,0      ,1024 ,1024 ,127      ,1088 ,58.698 ,54.96  ,1.068   
1     ,0      ,1024 ,1024 ,127      ,960  ,55.068 ,50.871 ,1.083   
1     ,0      ,1024 ,1024 ,127      ,992  ,53.889 ,53.231 ,1.012   
1     ,0      ,1024 ,1056 ,127      ,1024 ,54.465 ,54.605 ,0.997   
1     ,0      ,1024 ,1088 ,127      ,1024 ,54.293 ,53.14  ,1.022   
1     ,0      ,1024 ,960  ,127      ,1024 ,53.762 ,51.96  ,1.035   
1     ,0      ,1024 ,992  ,127      ,1024 ,51.486 ,54.61  ,0.943   
1     ,0      ,128  ,128  ,127      ,128  ,23.744 ,26.305 ,0.903   
1     ,0      ,128  ,128  ,127      ,160  ,24.882 ,26.767 ,0.93    
1     ,0      ,128  ,128  ,127      ,192  ,24.92  ,26.999 ,0.923   
1     ,0      ,128  ,128  ,127      ,64   ,20.231 ,21.0   ,0.963   
1     ,0      ,128  ,128  ,127      ,96   ,21.991 ,24.682 ,0.891   
1     ,0      ,128  ,160  ,127      ,128  ,25.481 ,26.513 ,0.961   
1     ,0      ,128  ,192  ,127      ,128  ,24.881 ,25.701 ,0.968   
1     ,0      ,128  ,64   ,127      ,128  ,24.002 ,27.216 ,0.882   
1     ,0      ,128  ,96   ,127      ,128  ,23.775 ,26.751 ,0.889   
1     ,0      ,256  ,192  ,127      ,256  ,28.851 ,30.107 ,0.958   
1     ,0      ,256  ,224  ,127      ,256  ,29.169 ,31.399 ,0.929   
1     ,0      ,256  ,256  ,127      ,192  ,26.505 ,26.439 ,1.002   
1     ,0      ,256  ,256  ,127      ,224  ,27.09  ,28.808 ,0.94    
1     ,0      ,256  ,256  ,127      ,256  ,29.259 ,30.922 ,0.946   
1     ,0      ,256  ,256  ,127      ,288  ,31.752 ,30.927 ,1.027   
1     ,0      ,256  ,256  ,127      ,320  ,31.88  ,31.008 ,1.028   
1     ,0      ,256  ,288  ,127      ,256  ,30.04  ,31.478 ,0.954   
1     ,0      ,256  ,320  ,127      ,256  ,29.326 ,31.108 ,0.943   
1     ,0      ,512  ,448  ,127      ,512  ,37.902 ,36.982 ,1.025   
1     ,0      ,512  ,480  ,127      ,512  ,37.721 ,39.102 ,0.965   
1     ,0      ,512  ,512  ,127      ,448  ,35.933 ,33.645 ,1.068   
1     ,0      ,512  ,512  ,127      ,480  ,36.922 ,36.809 ,1.003   
1     ,0      ,512  ,512  ,127      ,512  ,38.664 ,37.021 ,1.044   
1     ,0      ,512  ,512  ,127      ,544  ,40.427 ,38.466 ,1.051   
1     ,0      ,512  ,512  ,127      ,576  ,39.739 ,38.736 ,1.026   
1     ,0      ,512  ,544  ,127      ,512  ,37.213 ,40.966 ,0.908   
1     ,0      ,512  ,576  ,127      ,512  ,38.079 ,38.781 ,0.982   
1     ,1      ,16   ,10   ,127      ,128  ,19.462 ,19.192 ,1.014   
1     ,1      ,16   ,10   ,127      ,2    ,19.739 ,19.212 ,1.027   
1     ,1      ,16   ,10   ,127      ,2048 ,19.977 ,19.791 ,1.009   
1     ,1      ,16   ,10   ,127      ,32   ,19.309 ,18.926 ,1.02    
1     ,1      ,16   ,10   ,127      ,512  ,20.069 ,19.625 ,1.023   
1     ,1      ,16   ,10   ,127      ,8    ,19.207 ,19.048 ,1.008   
1     ,2      ,16   ,1    ,127      ,128  ,19.582 ,19.45  ,1.007   
1     ,2      ,16   ,1    ,127      ,2    ,20.06  ,19.311 ,1.039   
1     ,2      ,16   ,1    ,127      ,2048 ,20.317 ,19.926 ,1.02    
1     ,2      ,16   ,1    ,127      ,32   ,19.41  ,19.178 ,1.012   
1     ,2      ,16   ,1    ,127      ,512  ,20.264 ,19.994 ,1.013   
1     ,2      ,16   ,1    ,127      ,8    ,19.231 ,19.297 ,0.997   
1     ,6      ,1024 ,1024 ,127      ,128  ,33.485 ,31.614 ,1.059   
1     ,6      ,1024 ,1024 ,127      ,2    ,18.783 ,21.145 ,0.888   
1     ,6      ,1024 ,1024 ,127      ,2048 ,56.378 ,52.37  ,1.077   
1     ,6      ,1024 ,1024 ,127      ,32   ,22.21  ,22.758 ,0.976   
1     ,6      ,1024 ,1024 ,127      ,512  ,42.678 ,41.007 ,1.041   
1     ,6      ,1024 ,1024 ,127      ,8    ,19.401 ,21.261 ,0.913   
1     ,6      ,1024 ,256  ,127      ,128  ,27.325 ,26.806 ,1.019   
1     ,6      ,1024 ,256  ,127      ,2    ,19.625 ,19.737 ,0.994   
1     ,6      ,1024 ,256  ,127      ,2048 ,57.457 ,54.497 ,1.054   
1     ,6      ,1024 ,256  ,127      ,32   ,20.1   ,19.612 ,1.025   
1     ,6      ,1024 ,256  ,127      ,512  ,39.775 ,38.884 ,1.023   
1     ,6      ,1024 ,256  ,127      ,8    ,19.247 ,19.69  ,0.977   
2     ,1      ,16   ,1    ,127      ,128  ,19.555 ,19.37  ,1.01    
2     ,1      ,16   ,1    ,127      ,2    ,19.909 ,18.953 ,1.05    
2     ,1      ,16   ,1    ,127      ,2048 ,20.181 ,19.859 ,1.016   
2     ,1      ,16   ,1    ,127      ,32   ,19.324 ,19.099 ,1.012   
2     ,1      ,16   ,1    ,127      ,512  ,20.271 ,19.791 ,1.024   
2     ,1      ,16   ,1    ,127      ,8    ,19.098 ,19.165 ,0.997   
2     ,2      ,32   ,10   ,127      ,128  ,20.111 ,19.461 ,1.033   
2     ,2      ,32   ,10   ,127      ,2    ,19.477 ,18.72  ,1.04    
2     ,2      ,32   ,10   ,127      ,2048 ,20.619 ,19.893 ,1.036   
2     ,2      ,32   ,10   ,127      ,32   ,18.983 ,18.656 ,1.018   
2     ,2      ,32   ,10   ,127      ,512  ,20.609 ,19.821 ,1.04    
2     ,2      ,32   ,10   ,127      ,8    ,18.955 ,18.685 ,1.014   
2     ,4      ,32   ,1    ,127      ,128  ,20.321 ,19.81  ,1.026   
2     ,4      ,32   ,1    ,127      ,2    ,19.533 ,18.79  ,1.04    
2     ,4      ,32   ,1    ,127      ,2048 ,20.86  ,20.307 ,1.027   
2     ,4      ,32   ,1    ,127      ,32   ,19.074 ,18.769 ,1.016   
2     ,4      ,32   ,1    ,127      ,512  ,20.91  ,20.208 ,1.035   
2     ,4      ,32   ,1    ,127      ,8    ,19.044 ,18.83  ,1.011   
2     ,4      ,512  ,128  ,127      ,128  ,26.26  ,26.745 ,0.982   
2     ,4      ,512  ,128  ,127      ,2    ,18.067 ,19.139 ,0.944   
2     ,4      ,512  ,128  ,127      ,2048 ,37.234 ,38.834 ,0.959   
2     ,4      ,512  ,128  ,127      ,32   ,18.108 ,19.416 ,0.933   
2     ,4      ,512  ,128  ,127      ,512  ,37.443 ,38.305 ,0.977   
2     ,4      ,512  ,128  ,127      ,8    ,18.184 ,19.229 ,0.946   
2     ,4      ,512  ,512  ,127      ,128  ,27.536 ,26.601 ,1.035   
2     ,4      ,512  ,512  ,127      ,2    ,19.027 ,18.958 ,1.004   
2     ,4      ,512  ,512  ,127      ,2048 ,38.146 ,37.191 ,1.026   
2     ,4      ,512  ,512  ,127      ,32   ,19.2   ,19.226 ,0.999   
2     ,4      ,512  ,512  ,127      ,512  ,38.372 ,37.407 ,1.026   
2     ,4      ,512  ,512  ,127      ,8    ,18.75  ,19.038 ,0.985   
2     ,5      ,256  ,1    ,127      ,128  ,26.009 ,25.788 ,1.009   
2     ,5      ,256  ,1    ,127      ,2    ,19.087 ,18.37  ,1.039   
2     ,5      ,256  ,1    ,127      ,2048 ,29.871 ,29.481 ,1.013   
2     ,5      ,256  ,1    ,127      ,32   ,18.494 ,18.352 ,1.008   
2     ,5      ,256  ,1    ,127      ,512  ,29.982 ,29.652 ,1.011   
2     ,5      ,256  ,1    ,127      ,8    ,18.332 ,18.305 ,1.001   
3     ,2      ,256  ,256  ,127      ,128  ,25.579 ,25.91  ,0.987   
3     ,2      ,256  ,256  ,127      ,2    ,18.511 ,18.672 ,0.991   
3     ,2      ,256  ,256  ,127      ,2048 ,30.344 ,29.956 ,1.013   
3     ,2      ,256  ,256  ,127      ,32   ,19.201 ,19.147 ,1.003   
3     ,2      ,256  ,256  ,127      ,512  ,30.56  ,29.764 ,1.027   
3     ,2      ,256  ,256  ,127      ,8    ,18.363 ,18.796 ,0.977   
3     ,2      ,256  ,64   ,127      ,128  ,25.06  ,26.855 ,0.933   
3     ,2      ,256  ,64   ,127      ,2    ,17.762 ,18.949 ,0.937   
3     ,2      ,256  ,64   ,127      ,2048 ,29.816 ,30.364 ,0.982   
3     ,2      ,256  ,64   ,127      ,32   ,17.796 ,19.107 ,0.931   
3     ,2      ,256  ,64   ,127      ,512  ,29.724 ,30.254 ,0.982   
3     ,2      ,256  ,64   ,127      ,8    ,17.723 ,19.257 ,0.92    
3     ,3      ,64   ,10   ,127      ,128  ,24.68  ,22.931 ,1.076   
3     ,3      ,64   ,10   ,127      ,2    ,19.361 ,18.527 ,1.045   
3     ,3      ,64   ,10   ,127      ,2048 ,24.788 ,23.034 ,1.076   
3     ,3      ,64   ,10   ,127      ,32   ,18.854 ,18.55  ,1.016   
3     ,3      ,64   ,10   ,127      ,512  ,24.834 ,23.048 ,1.078   
3     ,3      ,64   ,10   ,127      ,8    ,18.692 ,18.562 ,1.007   
3     ,6      ,64   ,1    ,127      ,128  ,24.73  ,23.011 ,1.075   
3     ,6      ,64   ,1    ,127      ,2    ,19.406 ,18.595 ,1.044   
3     ,6      ,64   ,1    ,127      ,2048 ,25.207 ,23.327 ,1.081   
3     ,6      ,64   ,1    ,127      ,32   ,18.932 ,18.596 ,1.018   
3     ,6      ,64   ,1    ,127      ,512  ,25.21  ,23.305 ,1.082   
3     ,6      ,64   ,1    ,127      ,8    ,18.722 ,18.593 ,1.007   
4     ,0      ,128  ,1    ,127      ,128  ,25.245 ,24.551 ,1.028   
4     ,0      ,128  ,1    ,127      ,2    ,18.769 ,18.533 ,1.013   
4     ,0      ,128  ,1    ,127      ,2048 ,25.317 ,26.528 ,0.954   
4     ,0      ,128  ,1    ,127      ,32   ,18.455 ,18.505 ,0.997   
4     ,0      ,128  ,1    ,127      ,512  ,25.414 ,26.531 ,0.958   
4     ,0      ,128  ,1    ,127      ,8    ,18.491 ,18.576 ,0.995   
4     ,0      ,128  ,128  ,127      ,128  ,23.307 ,26.094 ,0.893   
4     ,0      ,128  ,128  ,127      ,2    ,17.682 ,18.839 ,0.939   
4     ,0      ,128  ,128  ,127      ,2048 ,24.347 ,25.053 ,0.972   
4     ,0      ,128  ,128  ,127      ,32   ,17.577 ,18.859 ,0.932   
4     ,0      ,128  ,128  ,127      ,512  ,24.459 ,25.107 ,0.974   
4     ,0      ,128  ,128  ,127      ,8    ,17.607 ,18.671 ,0.943   
4     ,0      ,128  ,32   ,127      ,128  ,23.581 ,25.828 ,0.913   
4     ,0      ,128  ,32   ,127      ,2    ,17.728 ,18.792 ,0.943   
4     ,0      ,128  ,32   ,127      ,2048 ,23.767 ,27.092 ,0.877   
4     ,0      ,128  ,32   ,127      ,32   ,17.617 ,19.348 ,0.911   
4     ,0      ,128  ,32   ,127      ,512  ,23.694 ,27.069 ,0.875   
4     ,0      ,128  ,32   ,127      ,8    ,17.663 ,18.948 ,0.932   
4     ,0      ,4    ,4    ,127      ,128  ,18.345 ,18.789 ,0.976   
4     ,0      ,4    ,4    ,127      ,2    ,20.226 ,19.532 ,1.036   
4     ,0      ,4    ,4    ,127      ,2048 ,19.073 ,19.595 ,0.973   
4     ,0      ,4    ,4    ,127      ,32   ,18.28  ,18.918 ,0.966   
4     ,0      ,4    ,4    ,127      ,512  ,18.67  ,19.215 ,0.972   
4     ,0      ,4    ,4    ,127      ,8    ,18.292 ,18.74  ,0.976   
4     ,2      ,32   ,1    ,127      ,128  ,20.172 ,19.438 ,1.038   
4     ,2      ,32   ,1    ,127      ,2    ,18.976 ,18.646 ,1.018   
4     ,2      ,32   ,1    ,127      ,2048 ,20.499 ,19.882 ,1.031   
4     ,2      ,32   ,1    ,127      ,32   ,18.707 ,18.717 ,0.999   
4     ,2      ,32   ,1    ,127      ,512  ,20.585 ,19.824 ,1.038   
4     ,2      ,32   ,1    ,127      ,8    ,18.751 ,18.76  ,1.0     
4     ,4      ,128  ,10   ,127      ,128  ,26.087 ,25.215 ,1.035   
4     ,4      ,128  ,10   ,127      ,2    ,19.114 ,18.308 ,1.044   
4     ,4      ,128  ,10   ,127      ,2048 ,26.328 ,26.22  ,1.004   
4     ,4      ,128  ,10   ,127      ,32   ,18.666 ,18.5   ,1.009   
4     ,4      ,128  ,10   ,127      ,512  ,26.308 ,26.25  ,1.002   
4     ,4      ,128  ,10   ,127      ,8    ,18.516 ,18.405 ,1.006   
4     ,6      ,512  ,1    ,127      ,128  ,26.213 ,25.395 ,1.032   
4     ,6      ,512  ,1    ,127      ,2    ,19.01  ,18.198 ,1.045   
4     ,6      ,512  ,1    ,127      ,2048 ,36.555 ,36.915 ,0.99    
4     ,6      ,512  ,1    ,127      ,32   ,18.49  ,18.272 ,1.012   
4     ,6      ,512  ,1    ,127      ,512  ,36.526 ,36.031 ,1.014   
4     ,6      ,512  ,1    ,127      ,8    ,18.502 ,18.196 ,1.017   
5     ,2      ,256  ,1    ,127      ,128  ,25.15  ,24.787 ,1.015   
5     ,2      ,256  ,1    ,127      ,2    ,18.617 ,18.398 ,1.012   
5     ,2      ,256  ,1    ,127      ,2048 ,29.715 ,27.686 ,1.073   
5     ,2      ,256  ,1    ,127      ,32   ,18.264 ,18.404 ,0.992   
5     ,2      ,256  ,1    ,127      ,512  ,29.935 ,27.681 ,1.081   
5     ,2      ,256  ,1    ,127      ,8    ,18.275 ,18.354 ,0.996   
5     ,5      ,256  ,10   ,127      ,128  ,26.016 ,25.34  ,1.027   
5     ,5      ,256  ,10   ,127      ,2    ,19.027 ,18.229 ,1.044   
5     ,5      ,256  ,10   ,127      ,2048 ,29.844 ,30.212 ,0.988   
5     ,5      ,256  ,10   ,127      ,32   ,18.493 ,18.317 ,1.01    
5     ,5      ,256  ,10   ,127      ,512  ,29.945 ,30.112 ,0.994   
5     ,5      ,256  ,10   ,127      ,8    ,18.534 ,18.31  ,1.012   
5     ,6      ,64   ,16   ,127      ,128  ,24.287 ,24.588 ,0.988   
5     ,6      ,64   ,16   ,127      ,2    ,19.15  ,18.265 ,1.048   
5     ,6      ,64   ,16   ,127      ,2048 ,24.366 ,24.515 ,0.994   
5     ,6      ,64   ,16   ,127      ,32   ,18.395 ,18.255 ,1.008   
5     ,6      ,64   ,16   ,127      ,512  ,24.41  ,24.544 ,0.995   
5     ,6      ,64   ,16   ,127      ,8    ,18.477 ,18.205 ,1.015   
5     ,6      ,64   ,64   ,127      ,128  ,23.683 ,24.597 ,0.963   
5     ,6      ,64   ,64   ,127      ,2    ,17.837 ,18.879 ,0.945   
5     ,6      ,64   ,64   ,127      ,2048 ,23.792 ,24.81  ,0.959   
5     ,6      ,64   ,64   ,127      ,32   ,17.584 ,18.756 ,0.938   
5     ,6      ,64   ,64   ,127      ,512  ,23.721 ,24.585 ,0.965   
5     ,6      ,64   ,64   ,127      ,8    ,17.604 ,18.888 ,0.932   
6     ,3      ,64   ,1    ,127      ,128  ,23.656 ,23.159 ,1.021   
6     ,3      ,64   ,1    ,127      ,2    ,18.869 ,18.543 ,1.018   
6     ,3      ,64   ,1    ,127      ,2048 ,23.848 ,23.482 ,1.016   
6     ,3      ,64   ,1    ,127      ,32   ,18.62  ,18.581 ,1.002   
6     ,3      ,64   ,1    ,127      ,512  ,23.891 ,23.481 ,1.017   
6     ,3      ,64   ,1    ,127      ,8    ,18.64  ,18.561 ,1.004   
6     ,4      ,32   ,32   ,127      ,128  ,22.496 ,21.466 ,1.048   
6     ,4      ,32   ,32   ,127      ,2    ,18.33  ,19.288 ,0.95    
6     ,4      ,32   ,32   ,127      ,2048 ,22.657 ,21.694 ,1.044   
6     ,4      ,32   ,32   ,127      ,32   ,21.217 ,21.532 ,0.985   
6     ,4      ,32   ,32   ,127      ,512  ,22.448 ,21.429 ,1.048   
6     ,4      ,32   ,32   ,127      ,8    ,17.582 ,18.902 ,0.93    
6     ,4      ,32   ,8    ,127      ,128  ,19.65  ,19.037 ,1.032   
6     ,4      ,32   ,8    ,127      ,2    ,19.258 ,18.365 ,1.049   
6     ,4      ,32   ,8    ,127      ,2048 ,19.738 ,19.142 ,1.031   
6     ,4      ,32   ,8    ,127      ,32   ,18.385 ,18.195 ,1.01    
6     ,4      ,32   ,8    ,127      ,512  ,19.565 ,19.066 ,1.026   
6     ,4      ,32   ,8    ,127      ,8    ,18.435 ,18.231 ,1.011   
6     ,4      ,512  ,1    ,127      ,128  ,25.025 ,25.523 ,0.98    
6     ,4      ,512  ,1    ,127      ,2    ,18.37  ,18.226 ,1.008   
6     ,4      ,512  ,1    ,127      ,2048 ,36.197 ,34.522 ,1.049   
6     ,4      ,512  ,1    ,127      ,32   ,18.269 ,18.262 ,1.0     
6     ,4      ,512  ,1    ,127      ,512  ,36.252 ,36.051 ,1.006   
6     ,4      ,512  ,1    ,127      ,8    ,18.266 ,18.265 ,1.0     
6     ,6      ,512  ,10   ,127      ,128  ,26.016 ,25.314 ,1.028   
6     ,6      ,512  ,10   ,127      ,2    ,19.013 ,18.214 ,1.044   
6     ,6      ,512  ,10   ,127      ,2048 ,36.986 ,36.775 ,1.006   
6     ,6      ,512  ,10   ,127      ,32   ,18.491 ,18.184 ,1.017   
6     ,6      ,512  ,10   ,127      ,512  ,36.755 ,36.134 ,1.017   
6     ,6      ,512  ,10   ,127      ,8    ,18.42  ,18.195 ,1.012   
6     ,7      ,1024 ,1    ,127      ,128  ,26.033 ,25.387 ,1.025   
6     ,7      ,1024 ,1    ,127      ,2    ,18.949 ,18.191 ,1.042   
6     ,7      ,1024 ,1    ,127      ,2048 ,54.098 ,52.607 ,1.028   
6     ,7      ,1024 ,1    ,127      ,32   ,18.739 ,18.225 ,1.028   
6     ,7      ,1024 ,1    ,127      ,512  ,37.166 ,36.03  ,1.032   
6     ,7      ,1024 ,1    ,127      ,8    ,18.455 ,18.188 ,1.015   
7     ,2      ,16   ,16   ,127      ,128  ,18.459 ,18.345 ,1.006   
7     ,2      ,16   ,16   ,127      ,2    ,19.713 ,19.039 ,1.035   
7     ,2      ,16   ,16   ,127      ,2048 ,18.961 ,18.659 ,1.016   
7     ,2      ,16   ,16   ,127      ,32   ,18.478 ,18.256 ,1.012   
7     ,2      ,16   ,16   ,127      ,512  ,18.592 ,18.419 ,1.009   
7     ,2      ,16   ,16   ,127      ,8    ,18.31  ,18.153 ,1.009   
7     ,2      ,16   ,4    ,127      ,128  ,18.156 ,18.25  ,0.995   
7     ,2      ,16   ,4    ,127      ,2    ,19.201 ,19.123 ,1.004   
7     ,2      ,16   ,4    ,127      ,2048 ,18.471 ,18.629 ,0.991   
7     ,2      ,16   ,4    ,127      ,32   ,18.279 ,18.215 ,1.004   
7     ,2      ,16   ,4    ,127      ,512  ,18.242 ,18.342 ,0.995   
7     ,2      ,16   ,4    ,127      ,8    ,18.263 ,18.176 ,1.005   
7     ,6      ,1024 ,1    ,127      ,128  ,23.956 ,22.648 ,1.058   
7     ,6      ,1024 ,1    ,127      ,2    ,18.959 ,18.481 ,1.026   
7     ,6      ,1024 ,1    ,127      ,2048 ,34.851 ,35.187 ,0.99    
7     ,6      ,1024 ,1    ,127      ,32   ,18.495 ,18.233 ,1.014   
7     ,6      ,1024 ,1    ,127      ,512  ,29.885 ,29.051 ,1.029   
7     ,6      ,1024 ,1    ,127      ,8    ,18.401 ,18.188 ,1.012   
7     ,7      ,1024 ,10   ,127      ,128  ,26.178 ,25.3   ,1.035   
7     ,7      ,1024 ,10   ,127      ,2    ,19.069 ,18.2   ,1.048   
7     ,7      ,1024 ,10   ,127      ,2048 ,54.201 ,52.959 ,1.023   
7     ,7      ,1024 ,10   ,127      ,32   ,18.66  ,18.234 ,1.023   
7     ,7      ,1024 ,10   ,127      ,512  ,37.116 ,36.226 ,1.025   
7     ,7      ,1024 ,10   ,127      ,8    ,18.433 ,18.205 ,1.013   
0.9929204751360298
