
Results For: strncat
align1,align2 ,len1 ,len2 ,max_char ,n    ,new    ,old    ,new/old 
0     ,0      ,1024 ,1024 ,127      ,1024 ,41.556 ,45.587 ,0.912   
0     ,0      ,1024 ,1024 ,127      ,1056 ,42.548 ,49.242 ,0.864   
0     ,0      ,1024 ,1024 ,127      ,1088 ,42.088 ,48.199 ,0.873   
0     ,0      ,1024 ,1024 ,127      ,128  ,23.005 ,25.579 ,0.899   
0     ,0      ,1024 ,1024 ,127      ,2    ,18.664 ,21.227 ,0.879   
0     ,0      ,1024 ,1024 ,127      ,2048 ,42.755 ,46.664 ,0.916   
0     ,0      ,1024 ,1024 ,127      ,32   ,18.687 ,20.896 ,0.894   
0     ,0      ,1024 ,1024 ,127      ,512  ,30.633 ,34.074 ,0.899   
0     ,0      ,1024 ,1024 ,127      ,8    ,18.668 ,20.792 ,0.898   
0     ,0      ,1024 ,1024 ,127      ,960  ,39.432 ,47.19  ,0.836   
0     ,0      ,1024 ,1024 ,127      ,992  ,39.853 ,46.615 ,0.855   
0     ,0      ,1024 ,1056 ,127      ,1024 ,41.739 ,45.891 ,0.91    
0     ,0      ,1024 ,1088 ,127      ,1024 ,41.898 ,46.486 ,0.901   
0     ,0      ,1024 ,256  ,127      ,128  ,21.272 ,23.293 ,0.913   
0     ,0      ,1024 ,256  ,127      ,2    ,19.075 ,20.111 ,0.949   
0     ,0      ,1024 ,256  ,127      ,2048 ,39.867 ,40.68  ,0.98    
0     ,0      ,1024 ,256  ,127      ,32   ,19.179 ,21.361 ,0.898   
0     ,0      ,1024 ,256  ,127      ,512  ,28.972 ,30.214 ,0.959   
0     ,0      ,1024 ,256  ,127      ,8    ,18.907 ,20.788 ,0.909   
0     ,0      ,1024 ,960  ,127      ,1024 ,40.647 ,45.212 ,0.899   
0     ,0      ,1024 ,992  ,127      ,1024 ,40.69  ,45.446 ,0.895   
0     ,0      ,128  ,128  ,127      ,128  ,20.545 ,22.825 ,0.9     
0     ,0      ,128  ,128  ,127      ,160  ,24.798 ,24.139 ,1.027   
0     ,0      ,128  ,128  ,127      ,192  ,24.644 ,23.956 ,1.029   
0     ,0      ,128  ,128  ,127      ,2    ,18.953 ,19.604 ,0.967   
0     ,0      ,128  ,128  ,127      ,2048 ,23.957 ,23.195 ,1.033   
0     ,0      ,128  ,128  ,127      ,32   ,18.129 ,19.631 ,0.923   
0     ,0      ,128  ,128  ,127      ,512  ,24.042 ,23.15  ,1.039   
0     ,0      ,128  ,128  ,127      ,64   ,19.891 ,21.434 ,0.928   
0     ,0      ,128  ,128  ,127      ,8    ,18.256 ,19.259 ,0.948   
0     ,0      ,128  ,128  ,127      ,96   ,20.622 ,22.159 ,0.931   
0     ,0      ,128  ,160  ,127      ,128  ,22.305 ,23.209 ,0.961   
0     ,0      ,128  ,192  ,127      ,128  ,20.984 ,23.741 ,0.884   
0     ,0      ,128  ,32   ,127      ,128  ,20.127 ,23.288 ,0.864   
0     ,0      ,128  ,32   ,127      ,2    ,18.247 ,19.268 ,0.947   
0     ,0      ,128  ,32   ,127      ,2048 ,20.847 ,23.472 ,0.888   
0     ,0      ,128  ,32   ,127      ,32   ,18.198 ,19.921 ,0.913   
0     ,0      ,128  ,32   ,127      ,512  ,20.911 ,23.458 ,0.891   
0     ,0      ,128  ,32   ,127      ,8    ,18.203 ,19.305 ,0.943   
0     ,0      ,128  ,64   ,127      ,128  ,20.783 ,23.67  ,0.878   
0     ,0      ,128  ,96   ,127      ,128  ,20.689 ,23.528 ,0.879   
0     ,0      ,16   ,16   ,127      ,128  ,18.929 ,18.94  ,0.999   
0     ,0      ,16   ,16   ,127      ,2    ,19.793 ,19.696 ,1.005   
0     ,0      ,16   ,16   ,127      ,2048 ,19.45  ,19.303 ,1.008   
0     ,0      ,16   ,16   ,127      ,32   ,18.944 ,18.698 ,1.013   
0     ,0      ,16   ,16   ,127      ,512  ,19.007 ,18.987 ,1.001   
0     ,0      ,16   ,16   ,127      ,8    ,18.904 ,18.724 ,1.01    
0     ,0      ,16   ,4    ,127      ,128  ,18.935 ,18.818 ,1.006   
0     ,0      ,16   ,4    ,127      ,2    ,19.552 ,19.501 ,1.003   
0     ,0      ,16   ,4    ,127      ,2048 ,19.386 ,19.194 ,1.01    
0     ,0      ,16   ,4    ,127      ,32   ,18.937 ,18.866 ,1.004   
0     ,0      ,16   ,4    ,127      ,512  ,19.027 ,18.966 ,1.003   
0     ,0      ,16   ,4    ,127      ,8    ,18.931 ,18.734 ,1.011   
0     ,0      ,256  ,192  ,127      ,256  ,24.033 ,26.242 ,0.916   
0     ,0      ,256  ,224  ,127      ,256  ,24.873 ,26.662 ,0.933   
0     ,0      ,256  ,256  ,127      ,128  ,20.743 ,22.73  ,0.913   
0     ,0      ,256  ,256  ,127      ,192  ,22.301 ,24.244 ,0.92    
0     ,0      ,256  ,256  ,127      ,2    ,18.309 ,19.283 ,0.949   
0     ,0      ,256  ,256  ,127      ,2048 ,26.478 ,26.589 ,0.996   
0     ,0      ,256  ,256  ,127      ,224  ,23.881 ,25.239 ,0.946   
0     ,0      ,256  ,256  ,127      ,256  ,24.58  ,26.145 ,0.94    
0     ,0      ,256  ,256  ,127      ,288  ,27.366 ,28.013 ,0.977   
0     ,0      ,256  ,256  ,127      ,32   ,18.135 ,20.528 ,0.883   
0     ,0      ,256  ,256  ,127      ,320  ,27.91  ,28.14  ,0.992   
0     ,0      ,256  ,256  ,127      ,512  ,26.404 ,26.708 ,0.989   
0     ,0      ,256  ,256  ,127      ,8    ,18.109 ,19.844 ,0.913   
0     ,0      ,256  ,288  ,127      ,256  ,25.802 ,26.333 ,0.98    
0     ,0      ,256  ,320  ,127      ,256  ,25.035 ,26.243 ,0.954   
0     ,0      ,256  ,64   ,127      ,128  ,20.729 ,23.52  ,0.881   
0     ,0      ,256  ,64   ,127      ,2    ,18.445 ,19.405 ,0.951   
0     ,0      ,256  ,64   ,127      ,2048 ,26.34  ,27.448 ,0.96    
0     ,0      ,256  ,64   ,127      ,32   ,18.384 ,19.54  ,0.941   
0     ,0      ,256  ,64   ,127      ,512  ,26.34  ,27.238 ,0.967   
0     ,0      ,256  ,64   ,127      ,8    ,18.386 ,19.71  ,0.933   
0     ,0      ,32   ,32   ,127      ,128  ,22.997 ,20.679 ,1.112   
0     ,0      ,32   ,32   ,127      ,2    ,18.914 ,19.958 ,0.948   
0     ,0      ,32   ,32   ,127      ,2048 ,23.525 ,21.092 ,1.115   
0     ,0      ,32   ,32   ,127      ,32   ,18.103 ,19.808 ,0.914   
0     ,0      ,32   ,32   ,127      ,512  ,23.222 ,20.753 ,1.119   
0     ,0      ,32   ,32   ,127      ,8    ,18.207 ,19.231 ,0.947   
0     ,0      ,32   ,8    ,127      ,128  ,19.688 ,19.522 ,1.009   
0     ,0      ,32   ,8    ,127      ,2    ,19.306 ,19.094 ,1.011   
0     ,0      ,32   ,8    ,127      ,2048 ,19.85  ,19.515 ,1.017   
0     ,0      ,32   ,8    ,127      ,32   ,18.994 ,18.66  ,1.018   
0     ,0      ,32   ,8    ,127      ,512  ,19.677 ,19.469 ,1.011   
0     ,0      ,32   ,8    ,127      ,8    ,18.826 ,18.734 ,1.005   
0     ,0      ,4    ,4    ,127      ,128  ,18.939 ,19.299 ,0.981   
0     ,0      ,4    ,4    ,127      ,2    ,20.576 ,20.576 ,1.0     
0     ,0      ,4    ,4    ,127      ,2048 ,19.805 ,20.186 ,0.981   
0     ,0      ,4    ,4    ,127      ,32   ,18.899 ,19.497 ,0.969   
0     ,0      ,4    ,4    ,127      ,512  ,19.152 ,19.674 ,0.973   
0     ,0      ,4    ,4    ,127      ,8    ,18.965 ,19.411 ,0.977   
0     ,0      ,512  ,128  ,127      ,128  ,20.957 ,23.002 ,0.911   
0     ,0      ,512  ,128  ,127      ,2    ,19.191 ,20.154 ,0.952   
0     ,0      ,512  ,128  ,127      ,2048 ,29.516 ,30.195 ,0.977   
0     ,0      ,512  ,128  ,127      ,32   ,18.745 ,19.988 ,0.938   
0     ,0      ,512  ,128  ,127      ,512  ,26.758 ,29.688 ,0.901   
0     ,0      ,512  ,128  ,127      ,8    ,18.617 ,19.753 ,0.942   
0     ,0      ,512  ,448  ,127      ,512  ,28.717 ,30.488 ,0.942   
0     ,0      ,512  ,480  ,127      ,512  ,29.351 ,30.522 ,0.962   
0     ,0      ,512  ,512  ,127      ,128  ,21.327 ,23.597 ,0.904   
0     ,0      ,512  ,512  ,127      ,2    ,18.308 ,19.373 ,0.945   
0     ,0      ,512  ,512  ,127      ,2048 ,30.718 ,30.103 ,1.02    
0     ,0      ,512  ,512  ,127      ,32   ,18.383 ,19.673 ,0.934   
0     ,0      ,512  ,512  ,127      ,448  ,28.427 ,29.61  ,0.96    
0     ,0      ,512  ,512  ,127      ,480  ,30.155 ,30.521 ,0.988   
0     ,0      ,512  ,512  ,127      ,512  ,34.125 ,29.763 ,1.147   
0     ,0      ,512  ,512  ,127      ,544  ,32.44  ,32.222 ,1.007   
0     ,0      ,512  ,512  ,127      ,576  ,32.078 ,31.781 ,1.009   
0     ,0      ,512  ,512  ,127      ,8    ,18.332 ,19.467 ,0.942   
0     ,0      ,512  ,544  ,127      ,512  ,30.496 ,31.033 ,0.983   
0     ,0      ,512  ,576  ,127      ,512  ,29.214 ,31.766 ,0.92    
0     ,0      ,64   ,16   ,127      ,128  ,25.076 ,23.406 ,1.071   
0     ,0      ,64   ,16   ,127      ,2    ,19.084 ,18.889 ,1.01    
0     ,0      ,64   ,16   ,127      ,2048 ,25.145 ,23.511 ,1.069   
0     ,0      ,64   ,16   ,127      ,32   ,18.936 ,18.726 ,1.011   
0     ,0      ,64   ,16   ,127      ,512  ,25.13  ,23.517 ,1.069   
0     ,0      ,64   ,16   ,127      ,8    ,18.911 ,18.723 ,1.01    
0     ,0      ,64   ,64   ,127      ,128  ,23.206 ,21.949 ,1.057   
0     ,0      ,64   ,64   ,127      ,2    ,18.354 ,19.426 ,0.945   
0     ,0      ,64   ,64   ,127      ,2048 ,23.37  ,22.034 ,1.061   
0     ,0      ,64   ,64   ,127      ,32   ,18.204 ,19.289 ,0.944   
0     ,0      ,64   ,64   ,127      ,512  ,23.204 ,21.988 ,1.055   
0     ,0      ,64   ,64   ,127      ,8    ,18.211 ,19.317 ,0.943   
0     ,0      ,8    ,8    ,127      ,128  ,19.068 ,18.775 ,1.016   
0     ,0      ,8    ,8    ,127      ,2    ,20.039 ,19.955 ,1.004   
0     ,0      ,8    ,8    ,127      ,2048 ,19.727 ,19.409 ,1.016   
0     ,0      ,8    ,8    ,127      ,32   ,19.088 ,18.991 ,1.005   
0     ,0      ,8    ,8    ,127      ,512  ,19.263 ,18.949 ,1.017   
0     ,0      ,8    ,8    ,127      ,8    ,18.911 ,18.684 ,1.012   
0     ,2      ,2    ,2    ,127      ,128  ,18.915 ,18.979 ,0.997   
0     ,2      ,2    ,2    ,127      ,2    ,20.639 ,20.596 ,1.002   
0     ,2      ,2    ,2    ,127      ,2048 ,19.734 ,19.825 ,0.995   
0     ,2      ,2    ,2    ,127      ,32   ,18.857 ,18.932 ,0.996   
0     ,2      ,2    ,2    ,127      ,512  ,19.191 ,19.379 ,0.99    
0     ,2      ,2    ,2    ,127      ,8    ,18.89  ,18.899 ,1.0     
0     ,4      ,128  ,1    ,127      ,128  ,25.811 ,24.657 ,1.047   
0     ,4      ,128  ,1    ,127      ,2    ,19.106 ,18.927 ,1.009   
0     ,4      ,128  ,1    ,127      ,2048 ,27.196 ,25.584 ,1.063   
0     ,4      ,128  ,1    ,127      ,32   ,19.155 ,19.032 ,1.006   
0     ,4      ,128  ,1    ,127      ,512  ,27.391 ,25.704 ,1.066   
0     ,4      ,128  ,1    ,127      ,8    ,19.151 ,18.971 ,1.009   
1     ,0      ,1024 ,1024 ,127      ,1024 ,55.06  ,52.83  ,1.042   
1     ,0      ,1024 ,1024 ,127      ,1056 ,57.497 ,54.742 ,1.05    
1     ,0      ,1024 ,1024 ,127      ,1088 ,57.5   ,54.58  ,1.054   
1     ,0      ,1024 ,1024 ,127      ,960  ,54.158 ,50.388 ,1.075   
1     ,0      ,1024 ,1024 ,127      ,992  ,53.19  ,53.024 ,1.003   
1     ,0      ,1024 ,1056 ,127      ,1024 ,54.792 ,54.328 ,1.009   
1     ,0      ,1024 ,1088 ,127      ,1024 ,54.593 ,52.478 ,1.04    
1     ,0      ,1024 ,960  ,127      ,1024 ,54.797 ,52.368 ,1.046   
1     ,0      ,1024 ,992  ,127      ,1024 ,52.699 ,54.882 ,0.96    
1     ,0      ,128  ,128  ,127      ,128  ,24.859 ,26.867 ,0.925   
1     ,0      ,128  ,128  ,127      ,160  ,25.882 ,27.401 ,0.945   
1     ,0      ,128  ,128  ,127      ,192  ,26.067 ,27.618 ,0.944   
1     ,0      ,128  ,128  ,127      ,64   ,20.465 ,21.493 ,0.952   
1     ,0      ,128  ,128  ,127      ,96   ,22.85  ,25.388 ,0.9     
1     ,0      ,128  ,160  ,127      ,128  ,25.968 ,26.911 ,0.965   
1     ,0      ,128  ,192  ,127      ,128  ,24.811 ,26.372 ,0.941   
1     ,0      ,128  ,64   ,127      ,128  ,24.772 ,27.527 ,0.9     
1     ,0      ,128  ,96   ,127      ,128  ,24.66  ,27.546 ,0.895   
1     ,0      ,256  ,192  ,127      ,256  ,29.335 ,30.851 ,0.951   
1     ,0      ,256  ,224  ,127      ,256  ,30.502 ,32.045 ,0.952   
1     ,0      ,256  ,256  ,127      ,192  ,26.794 ,27.617 ,0.97    
1     ,0      ,256  ,256  ,127      ,224  ,27.633 ,29.302 ,0.943   
1     ,0      ,256  ,256  ,127      ,256  ,29.68  ,31.439 ,0.944   
1     ,0      ,256  ,256  ,127      ,288  ,31.931 ,31.522 ,1.013   
1     ,0      ,256  ,256  ,127      ,320  ,31.874 ,31.575 ,1.009   
1     ,0      ,256  ,288  ,127      ,256  ,30.936 ,32.07  ,0.965   
1     ,0      ,256  ,320  ,127      ,256  ,29.497 ,31.827 ,0.927   
1     ,0      ,512  ,448  ,127      ,512  ,38.309 ,37.873 ,1.012   
1     ,0      ,512  ,480  ,127      ,512  ,38.479 ,40.104 ,0.959   
1     ,0      ,512  ,512  ,127      ,448  ,35.986 ,34.24  ,1.051   
1     ,0      ,512  ,512  ,127      ,480  ,37.185 ,37.452 ,0.993   
1     ,0      ,512  ,512  ,127      ,512  ,38.75  ,38.369 ,1.01    
1     ,0      ,512  ,512  ,127      ,544  ,40.018 ,39.42  ,1.015   
1     ,0      ,512  ,512  ,127      ,576  ,39.782 ,39.578 ,1.005   
1     ,0      ,512  ,544  ,127      ,512  ,38.461 ,40.792 ,0.943   
1     ,0      ,512  ,576  ,127      ,512  ,38.562 ,38.956 ,0.99    
1     ,1      ,16   ,10   ,127      ,128  ,19.989 ,19.856 ,1.007   
1     ,1      ,16   ,10   ,127      ,2    ,19.659 ,19.739 ,0.996   
1     ,1      ,16   ,10   ,127      ,2048 ,20.52  ,20.409 ,1.005   
1     ,1      ,16   ,10   ,127      ,32   ,19.779 ,19.565 ,1.011   
1     ,1      ,16   ,10   ,127      ,512  ,20.496 ,20.272 ,1.011   
1     ,1      ,16   ,10   ,127      ,8    ,19.723 ,19.623 ,1.005   
1     ,2      ,16   ,1    ,127      ,128  ,20.043 ,19.966 ,1.004   
1     ,2      ,16   ,1    ,127      ,2    ,19.901 ,19.774 ,1.006   
1     ,2      ,16   ,1    ,127      ,2048 ,20.79  ,20.564 ,1.011   
1     ,2      ,16   ,1    ,127      ,32   ,19.842 ,19.825 ,1.001   
1     ,2      ,16   ,1    ,127      ,512  ,20.869 ,20.604 ,1.013   
1     ,2      ,16   ,1    ,127      ,8    ,19.85  ,20.001 ,0.992   
1     ,6      ,1024 ,1024 ,127      ,128  ,32.169 ,27.969 ,1.15    
1     ,6      ,1024 ,1024 ,127      ,2    ,18.835 ,21.442 ,0.878   
1     ,6      ,1024 ,1024 ,127      ,2048 ,55.3   ,51.621 ,1.071   
1     ,6      ,1024 ,1024 ,127      ,32   ,21.597 ,21.085 ,1.024   
1     ,6      ,1024 ,1024 ,127      ,512  ,41.882 ,39.315 ,1.065   
1     ,6      ,1024 ,1024 ,127      ,8    ,18.738 ,21.051 ,0.89    
1     ,6      ,1024 ,256  ,127      ,128  ,28.634 ,27.268 ,1.05    
1     ,6      ,1024 ,256  ,127      ,2    ,19.35  ,20.354 ,0.951   
1     ,6      ,1024 ,256  ,127      ,2048 ,57.533 ,54.419 ,1.057   
1     ,6      ,1024 ,256  ,127      ,32   ,19.378 ,21.281 ,0.911   
1     ,6      ,1024 ,256  ,127      ,512  ,39.879 ,39.55  ,1.008   
1     ,6      ,1024 ,256  ,127      ,8    ,19.207 ,20.728 ,0.927   
2     ,1      ,16   ,1    ,127      ,128  ,20.138 ,20.026 ,1.006   
2     ,1      ,16   ,1    ,127      ,2    ,19.945 ,19.804 ,1.007   
2     ,1      ,16   ,1    ,127      ,2048 ,20.819 ,20.547 ,1.013   
2     ,1      ,16   ,1    ,127      ,32   ,19.927 ,19.609 ,1.016   
2     ,1      ,16   ,1    ,127      ,512  ,20.889 ,20.553 ,1.016   
2     ,1      ,16   ,1    ,127      ,8    ,19.798 ,19.877 ,0.996   
2     ,2      ,32   ,10   ,127      ,128  ,20.334 ,19.888 ,1.022   
2     ,2      ,32   ,10   ,127      ,2    ,19.308 ,19.289 ,1.001   
2     ,2      ,32   ,10   ,127      ,2048 ,20.699 ,20.3   ,1.02    
2     ,2      ,32   ,10   ,127      ,32   ,19.487 ,19.165 ,1.017   
2     ,2      ,32   ,10   ,127      ,512  ,20.735 ,20.339 ,1.019   
2     ,2      ,32   ,10   ,127      ,8    ,19.356 ,19.215 ,1.007   
2     ,4      ,32   ,1    ,127      ,128  ,20.504 ,20.232 ,1.013   
2     ,4      ,32   ,1    ,127      ,2    ,19.544 ,19.346 ,1.01    
2     ,4      ,32   ,1    ,127      ,2048 ,21.049 ,20.728 ,1.016   
2     ,4      ,32   ,1    ,127      ,32   ,19.683 ,19.293 ,1.02    
2     ,4      ,32   ,1    ,127      ,512  ,21.096 ,20.634 ,1.022   
2     ,4      ,32   ,1    ,127      ,8    ,19.608 ,19.415 ,1.01    
2     ,4      ,512  ,128  ,127      ,128  ,27.046 ,27.616 ,0.979   
2     ,4      ,512  ,128  ,127      ,2    ,19.266 ,20.009 ,0.963   
2     ,4      ,512  ,128  ,127      ,2048 ,38.255 ,39.026 ,0.98    
2     ,4      ,512  ,128  ,127      ,32   ,18.703 ,20.211 ,0.925   
2     ,4      ,512  ,128  ,127      ,512  ,38.281 ,39.185 ,0.977   
2     ,4      ,512  ,128  ,127      ,8    ,18.72  ,19.816 ,0.945   
2     ,4      ,512  ,512  ,127      ,128  ,28.184 ,27.119 ,1.039   
2     ,4      ,512  ,512  ,127      ,2    ,18.306 ,19.551 ,0.936   
2     ,4      ,512  ,512  ,127      ,2048 ,38.087 ,38.148 ,0.998   
2     ,4      ,512  ,512  ,127      ,32   ,18.732 ,19.595 ,0.956   
2     ,4      ,512  ,512  ,127      ,512  ,38.28  ,38.334 ,0.999   
2     ,4      ,512  ,512  ,127      ,8    ,18.396 ,19.554 ,0.941   
2     ,5      ,256  ,1    ,127      ,128  ,26.649 ,26.93  ,0.99    
2     ,5      ,256  ,1    ,127      ,2    ,18.986 ,18.866 ,1.006   
2     ,5      ,256  ,1    ,127      ,2048 ,30.769 ,30.135 ,1.021   
2     ,5      ,256  ,1    ,127      ,32   ,18.984 ,18.876 ,1.006   
2     ,5      ,256  ,1    ,127      ,512  ,30.898 ,30.206 ,1.023   
2     ,5      ,256  ,1    ,127      ,8    ,19.001 ,18.839 ,1.009   
3     ,2      ,256  ,256  ,127      ,128  ,25.552 ,26.492 ,0.965   
3     ,2      ,256  ,256  ,127      ,2    ,18.32  ,19.306 ,0.949   
3     ,2      ,256  ,256  ,127      ,2048 ,30.464 ,30.452 ,1.0     
3     ,2      ,256  ,256  ,127      ,32   ,18.46  ,20.686 ,0.892   
3     ,2      ,256  ,256  ,127      ,512  ,30.386 ,30.595 ,0.993   
3     ,2      ,256  ,256  ,127      ,8    ,18.183 ,19.576 ,0.929   
3     ,2      ,256  ,64   ,127      ,128  ,25.712 ,27.529 ,0.934   
3     ,2      ,256  ,64   ,127      ,2    ,18.34  ,19.463 ,0.942   
3     ,2      ,256  ,64   ,127      ,2048 ,30.419 ,30.879 ,0.985   
3     ,2      ,256  ,64   ,127      ,32   ,18.415 ,19.649 ,0.937   
3     ,2      ,256  ,64   ,127      ,512  ,30.312 ,30.911 ,0.981   
3     ,2      ,256  ,64   ,127      ,8    ,18.384 ,19.583 ,0.939   
3     ,3      ,64   ,10   ,127      ,128  ,25.511 ,23.879 ,1.068   
3     ,3      ,64   ,10   ,127      ,2    ,19.304 ,19.059 ,1.013   
3     ,3      ,64   ,10   ,127      ,2048 ,25.721 ,23.921 ,1.075   
3     ,3      ,64   ,10   ,127      ,32   ,19.321 ,19.09  ,1.012   
3     ,3      ,64   ,10   ,127      ,512  ,25.736 ,23.973 ,1.074   
3     ,3      ,64   ,10   ,127      ,8    ,19.279 ,19.099 ,1.009   
3     ,6      ,64   ,1    ,127      ,128  ,25.575 ,23.882 ,1.071   
3     ,6      ,64   ,1    ,127      ,2    ,19.302 ,19.129 ,1.009   
3     ,6      ,64   ,1    ,127      ,2048 ,26.151 ,24.305 ,1.076   
3     ,6      ,64   ,1    ,127      ,32   ,19.479 ,19.15  ,1.017   
3     ,6      ,64   ,1    ,127      ,512  ,26.177 ,24.345 ,1.075   
3     ,6      ,64   ,1    ,127      ,8    ,19.374 ,19.137 ,1.012   
4     ,0      ,128  ,1    ,127      ,128  ,25.857 ,25.154 ,1.028   
4     ,0      ,128  ,1    ,127      ,2    ,18.989 ,19.048 ,0.997   
4     ,0      ,128  ,1    ,127      ,2048 ,26.081 ,27.093 ,0.963   
4     ,0      ,128  ,1    ,127      ,32   ,19.143 ,19.082 ,1.003   
4     ,0      ,128  ,1    ,127      ,512  ,26.175 ,27.043 ,0.968   
4     ,0      ,128  ,1    ,127      ,8    ,19.073 ,19.086 ,0.999   
4     ,0      ,128  ,128  ,127      ,128  ,24.372 ,26.819 ,0.909   
4     ,0      ,128  ,128  ,127      ,2    ,18.855 ,19.67  ,0.959   
4     ,0      ,128  ,128  ,127      ,2048 ,25.292 ,25.929 ,0.975   
4     ,0      ,128  ,128  ,127      ,32   ,18.143 ,19.629 ,0.924   
4     ,0      ,128  ,128  ,127      ,512  ,25.319 ,25.99  ,0.974   
4     ,0      ,128  ,128  ,127      ,8    ,18.081 ,19.243 ,0.94    
4     ,0      ,128  ,32   ,127      ,128  ,24.234 ,26.618 ,0.91    
4     ,0      ,128  ,32   ,127      ,2    ,18.341 ,19.246 ,0.953   
4     ,0      ,128  ,32   ,127      ,2048 ,24.56  ,27.675 ,0.887   
4     ,0      ,128  ,32   ,127      ,32   ,18.2   ,19.821 ,0.918   
4     ,0      ,128  ,32   ,127      ,512  ,24.586 ,27.725 ,0.887   
4     ,0      ,128  ,32   ,127      ,8    ,18.304 ,19.408 ,0.943   
4     ,0      ,4    ,4    ,127      ,128  ,18.857 ,19.262 ,0.979   
4     ,0      ,4    ,4    ,127      ,2    ,20.231 ,20.43  ,0.99    
4     ,0      ,4    ,4    ,127      ,2048 ,19.774 ,20.037 ,0.987   
4     ,0      ,4    ,4    ,127      ,32   ,18.909 ,19.423 ,0.974   
4     ,0      ,4    ,4    ,127      ,512  ,19.271 ,19.691 ,0.979   
4     ,0      ,4    ,4    ,127      ,8    ,18.939 ,19.256 ,0.984   
4     ,2      ,32   ,1    ,127      ,128  ,20.302 ,20.028 ,1.014   
4     ,2      ,32   ,1    ,127      ,2    ,19.356 ,19.234 ,1.006   
4     ,2      ,32   ,1    ,127      ,2048 ,20.656 ,20.495 ,1.008   
4     ,2      ,32   ,1    ,127      ,32   ,19.421 ,19.287 ,1.007   
4     ,2      ,32   ,1    ,127      ,512  ,20.771 ,20.428 ,1.017   
4     ,2      ,32   ,1    ,127      ,8    ,19.283 ,19.297 ,0.999   
4     ,4      ,128  ,10   ,127      ,128  ,26.71  ,26.308 ,1.015   
4     ,4      ,128  ,10   ,127      ,2    ,19.043 ,18.845 ,1.011   
4     ,4      ,128  ,10   ,127      ,2048 ,27.066 ,26.769 ,1.011   
4     ,4      ,128  ,10   ,127      ,32   ,19.134 ,19.039 ,1.005   
4     ,4      ,128  ,10   ,127      ,512  ,27.164 ,26.775 ,1.015   
4     ,4      ,128  ,10   ,127      ,8    ,19.039 ,18.925 ,1.006   
4     ,6      ,512  ,1    ,127      ,128  ,26.844 ,25.921 ,1.036   
4     ,6      ,512  ,1    ,127      ,2    ,18.901 ,18.72  ,1.01    
4     ,6      ,512  ,1    ,127      ,2048 ,37.069 ,37.153 ,0.998   
4     ,6      ,512  ,1    ,127      ,32   ,18.97  ,18.805 ,1.009   
4     ,6      ,512  ,1    ,127      ,512  ,37.47  ,36.536 ,1.026   
4     ,6      ,512  ,1    ,127      ,8    ,18.991 ,18.719 ,1.015   
5     ,2      ,256  ,1    ,127      ,128  ,25.655 ,25.373 ,1.011   
5     ,2      ,256  ,1    ,127      ,2    ,18.813 ,18.952 ,0.993   
5     ,2      ,256  ,1    ,127      ,2048 ,30.332 ,28.193 ,1.076   
5     ,2      ,256  ,1    ,127      ,32   ,18.956 ,18.931 ,1.001   
5     ,2      ,256  ,1    ,127      ,512  ,30.537 ,28.169 ,1.084   
5     ,2      ,256  ,1    ,127      ,8    ,18.859 ,18.889 ,0.998   
5     ,5      ,256  ,10   ,127      ,128  ,26.601 ,25.804 ,1.031   
5     ,5      ,256  ,10   ,127      ,2    ,18.939 ,18.764 ,1.009   
5     ,5      ,256  ,10   ,127      ,2048 ,30.702 ,30.343 ,1.012   
5     ,5      ,256  ,10   ,127      ,32   ,18.972 ,18.876 ,1.005   
5     ,5      ,256  ,10   ,127      ,512  ,30.833 ,30.482 ,1.012   
5     ,5      ,256  ,10   ,127      ,8    ,18.951 ,18.852 ,1.005   
5     ,6      ,64   ,16   ,127      ,128  ,25.072 ,24.993 ,1.003   
5     ,6      ,64   ,16   ,127      ,2    ,19.04  ,18.767 ,1.015   
5     ,6      ,64   ,16   ,127      ,2048 ,25.178 ,25.018 ,1.006   
5     ,6      ,64   ,16   ,127      ,32   ,18.979 ,18.715 ,1.014   
5     ,6      ,64   ,16   ,127      ,512  ,25.211 ,24.933 ,1.011   
5     ,6      ,64   ,16   ,127      ,8    ,18.968 ,18.775 ,1.01    
5     ,6      ,64   ,64   ,127      ,128  ,24.266 ,25.282 ,0.96    
5     ,6      ,64   ,64   ,127      ,2    ,18.393 ,19.364 ,0.95    
5     ,6      ,64   ,64   ,127      ,2048 ,24.418 ,25.525 ,0.957   
5     ,6      ,64   ,64   ,127      ,32   ,18.19  ,19.301 ,0.942   
5     ,6      ,64   ,64   ,127      ,512  ,24.2   ,25.246 ,0.959   
5     ,6      ,64   ,64   ,127      ,8    ,18.199 ,19.231 ,0.946   
6     ,3      ,64   ,1    ,127      ,128  ,24.385 ,23.794 ,1.025   
6     ,3      ,64   ,1    ,127      ,2    ,19.12  ,19.086 ,1.002   
6     ,3      ,64   ,1    ,127      ,2048 ,24.597 ,24.192 ,1.017   
6     ,3      ,64   ,1    ,127      ,32   ,19.29  ,19.123 ,1.009   
6     ,3      ,64   ,1    ,127      ,512  ,24.62  ,24.148 ,1.02    
6     ,3      ,64   ,1    ,127      ,8    ,19.184 ,19.117 ,1.003   
6     ,4      ,32   ,32   ,127      ,128  ,23.22  ,21.967 ,1.057   
6     ,4      ,32   ,32   ,127      ,2    ,19.01  ,19.925 ,0.954   
6     ,4      ,32   ,32   ,127      ,2048 ,23.459 ,22.26  ,1.054   
6     ,4      ,32   ,32   ,127      ,32   ,21.83  ,22.01  ,0.992   
6     ,4      ,32   ,32   ,127      ,512  ,23.246 ,21.988 ,1.057   
6     ,4      ,32   ,32   ,127      ,8    ,18.243 ,19.282 ,0.946   
6     ,4      ,32   ,8    ,127      ,128  ,19.73  ,19.44  ,1.015   
6     ,4      ,32   ,8    ,127      ,2    ,19.164 ,18.886 ,1.015   
6     ,4      ,32   ,8    ,127      ,2048 ,19.886 ,19.496 ,1.02    
6     ,4      ,32   ,8    ,127      ,32   ,18.824 ,18.695 ,1.007   
6     ,4      ,32   ,8    ,127      ,512  ,19.738 ,19.387 ,1.018   
6     ,4      ,32   ,8    ,127      ,8    ,18.956 ,18.765 ,1.01    
6     ,4      ,512  ,1    ,127      ,128  ,25.545 ,26.098 ,0.979   
6     ,4      ,512  ,1    ,127      ,2    ,18.711 ,18.767 ,0.997   
6     ,4      ,512  ,1    ,127      ,2048 ,36.742 ,35.115 ,1.046   
6     ,4      ,512  ,1    ,127      ,32   ,18.91  ,18.795 ,1.006   
6     ,4      ,512  ,1    ,127      ,512  ,36.922 ,36.554 ,1.01    
6     ,4      ,512  ,1    ,127      ,8    ,18.874 ,18.833 ,1.002   
6     ,6      ,512  ,10   ,127      ,128  ,26.573 ,25.781 ,1.031   
6     ,6      ,512  ,10   ,127      ,2    ,18.907 ,18.724 ,1.01    
6     ,6      ,512  ,10   ,127      ,2048 ,37.299 ,37.294 ,1.0     
6     ,6      ,512  ,10   ,127      ,32   ,18.982 ,18.78  ,1.011   
6     ,6      ,512  ,10   ,127      ,512  ,37.673 ,36.833 ,1.023   
6     ,6      ,512  ,10   ,127      ,8    ,18.959 ,18.735 ,1.012   
6     ,7      ,1024 ,1    ,127      ,128  ,26.723 ,25.956 ,1.03    
6     ,7      ,1024 ,1    ,127      ,2    ,18.873 ,18.724 ,1.008   
6     ,7      ,1024 ,1    ,127      ,2048 ,54.9   ,53.162 ,1.033   
6     ,7      ,1024 ,1    ,127      ,32   ,18.964 ,18.759 ,1.011   
6     ,7      ,1024 ,1    ,127      ,512  ,38.07  ,36.777 ,1.035   
6     ,7      ,1024 ,1    ,127      ,8    ,19.01  ,18.737 ,1.015   
7     ,2      ,16   ,16   ,127      ,128  ,18.875 ,18.914 ,0.998   
7     ,2      ,16   ,16   ,127      ,2    ,19.585 ,19.44  ,1.007   
7     ,2      ,16   ,16   ,127      ,2048 ,19.449 ,19.228 ,1.012   
7     ,2      ,16   ,16   ,127      ,32   ,18.968 ,18.874 ,1.005   
7     ,2      ,16   ,16   ,127      ,512  ,19.021 ,18.986 ,1.002   
7     ,2      ,16   ,16   ,127      ,8    ,18.904 ,18.694 ,1.011   
7     ,2      ,16   ,4    ,127      ,128  ,18.882 ,18.745 ,1.007   
7     ,2      ,16   ,4    ,127      ,2    ,19.362 ,19.233 ,1.007   
7     ,2      ,16   ,4    ,127      ,2048 ,19.15  ,19.154 ,1.0     
7     ,2      ,16   ,4    ,127      ,32   ,18.938 ,18.688 ,1.013   
7     ,2      ,16   ,4    ,127      ,512  ,18.911 ,18.915 ,1.0     
7     ,2      ,16   ,4    ,127      ,8    ,18.848 ,18.726 ,1.007   
7     ,6      ,1024 ,1    ,127      ,128  ,24.478 ,23.054 ,1.062   
7     ,6      ,1024 ,1    ,127      ,2    ,18.933 ,18.72  ,1.011   
7     ,6      ,1024 ,1    ,127      ,2048 ,35.782 ,35.418 ,1.01    
7     ,6      ,1024 ,1    ,127      ,32   ,18.95  ,18.755 ,1.01    
7     ,6      ,1024 ,1    ,127      ,512  ,30.034 ,29.522 ,1.017   
7     ,6      ,1024 ,1    ,127      ,8    ,18.984 ,18.727 ,1.014   
7     ,7      ,1024 ,10   ,127      ,128  ,26.769 ,25.809 ,1.037   
7     ,7      ,1024 ,10   ,127      ,2    ,18.919 ,18.724 ,1.01    
7     ,7      ,1024 ,10   ,127      ,2048 ,54.838 ,53.758 ,1.02    
7     ,7      ,1024 ,10   ,127      ,32   ,18.975 ,18.765 ,1.011   
7     ,7      ,1024 ,10   ,127      ,512  ,38.12  ,36.882 ,1.034   
7     ,7      ,1024 ,10   ,127      ,8    ,18.927 ,18.722 ,1.011   
0.9852347894767888
