
Results For: wcscat
align1,align2 ,len1 ,len2 ,max_char   ,__wcscat_avx2 ,__wcscat_generic 
0     ,0      ,0    ,0    ,1273       ,19.033        ,19.155           ,0.994 
0     ,0      ,0    ,0    ,2147483647 ,18.726        ,18.915           ,0.99  
0     ,0      ,1    ,1    ,1273       ,18.588        ,19.023           ,0.977 
0     ,0      ,1    ,1    ,2147483647 ,18.466        ,19.035           ,0.97  
0     ,1      ,1    ,1    ,1273       ,18.481        ,19.372           ,0.954 
1     ,0      ,1    ,1    ,2147483647 ,18.479        ,19.055           ,0.97  
0     ,0      ,2    ,2    ,1273       ,18.709        ,19.419           ,0.963 
0     ,0      ,2    ,2    ,2147483647 ,18.759        ,19.324           ,0.971 
0     ,2      ,2    ,2    ,1273       ,18.733        ,19.352           ,0.968 
2     ,0      ,2    ,2    ,2147483647 ,18.749        ,19.291           ,0.972 
0     ,0      ,3    ,3    ,1273       ,18.748        ,19.245           ,0.974 
0     ,0      ,3    ,3    ,2147483647 ,18.792        ,19.294           ,0.974 
0     ,3      ,3    ,3    ,1273       ,18.635        ,18.573           ,1.003 
3     ,0      ,3    ,3    ,2147483647 ,18.542        ,19.02            ,0.975 
0     ,0      ,4    ,4    ,1273       ,18.217        ,19.191           ,0.949 
0     ,0      ,4    ,4    ,2147483647 ,18.224        ,19.098           ,0.954 
0     ,4      ,4    ,4    ,1273       ,17.432        ,18.485           ,0.943 
4     ,0      ,4    ,4    ,2147483647 ,18.29         ,19.038           ,0.961 
0     ,0      ,5    ,5    ,1273       ,18.224        ,18.896           ,0.964 
0     ,0      ,5    ,5    ,2147483647 ,18.253        ,18.943           ,0.964 
0     ,5      ,5    ,5    ,1273       ,17.49         ,18.543           ,0.943 
5     ,0      ,5    ,5    ,2147483647 ,18.349        ,18.915           ,0.97  
0     ,0      ,6    ,6    ,1273       ,18.117        ,18.542           ,0.977 
0     ,0      ,6    ,6    ,2147483647 ,18.224        ,18.598           ,0.98  
0     ,6      ,6    ,6    ,1273       ,21.127        ,21.531           ,0.981 
6     ,0      ,6    ,6    ,2147483647 ,18.293        ,18.455           ,0.991 
0     ,0      ,7    ,7    ,1273       ,18.235        ,18.535           ,0.984 
0     ,0      ,7    ,7    ,2147483647 ,18.264        ,18.58            ,0.983 
0     ,7      ,7    ,7    ,1273       ,20.147        ,20.753           ,0.971 
7     ,0      ,7    ,7    ,2147483647 ,18.42         ,18.671           ,0.987 
0     ,0      ,8    ,8    ,1273       ,22.281        ,23.36            ,0.954 
0     ,0      ,8    ,8    ,2147483647 ,22.251        ,23.304           ,0.955 
0     ,0      ,9    ,9    ,1273       ,22.099        ,23.224           ,0.952 
0     ,0      ,9    ,9    ,2147483647 ,22.194        ,23.315           ,0.952 
0     ,1      ,9    ,9    ,1273       ,22.302        ,23.357           ,0.955 
1     ,0      ,9    ,9    ,2147483647 ,22.167        ,23.308           ,0.951 
0     ,0      ,10   ,10   ,1273       ,22.227        ,23.394           ,0.95  
0     ,0      ,10   ,10   ,2147483647 ,22.431        ,23.394           ,0.959 
0     ,2      ,10   ,10   ,1273       ,22.253        ,23.371           ,0.952 
2     ,0      ,10   ,10   ,2147483647 ,22.245        ,23.332           ,0.953 
0     ,0      ,11   ,11   ,1273       ,22.295        ,23.34            ,0.955 
0     ,0      ,11   ,11   ,2147483647 ,22.25         ,23.334           ,0.954 
0     ,3      ,11   ,11   ,1273       ,20.264        ,21.309           ,0.951 
3     ,0      ,11   ,11   ,2147483647 ,22.333        ,23.262           ,0.96  
0     ,0      ,12   ,12   ,1273       ,20.137        ,21.618           ,0.931 
0     ,0      ,12   ,12   ,2147483647 ,20.175        ,21.356           ,0.945 
0     ,4      ,12   ,12   ,1273       ,18.268        ,20.503           ,0.891 
4     ,0      ,12   ,12   ,2147483647 ,21.874        ,22.915           ,0.955 
0     ,0      ,13   ,13   ,1273       ,20.239        ,21.302           ,0.95  
0     ,0      ,13   ,13   ,2147483647 ,20.281        ,21.263           ,0.954 
0     ,5      ,13   ,13   ,1273       ,18.264        ,20.271           ,0.901 
5     ,0      ,13   ,13   ,2147483647 ,21.861        ,22.966           ,0.952 
0     ,0      ,14   ,14   ,1273       ,20.282        ,21.403           ,0.948 
0     ,0      ,14   ,14   ,2147483647 ,20.236        ,21.305           ,0.95  
0     ,6      ,14   ,14   ,1273       ,22.435        ,23.391           ,0.959 
6     ,0      ,14   ,14   ,2147483647 ,21.703        ,22.811           ,0.951 
0     ,0      ,15   ,15   ,1273       ,20.254        ,21.389           ,0.947 
0     ,0      ,15   ,15   ,2147483647 ,20.102        ,21.374           ,0.94  
0     ,7      ,15   ,15   ,1273       ,22.427        ,23.36            ,0.96  
7     ,0      ,15   ,15   ,2147483647 ,21.758        ,22.934           ,0.949 
0     ,0      ,16   ,16   ,1273       ,22.468        ,23.555           ,0.954 
7     ,2      ,16   ,16   ,1273       ,22.524        ,23.46            ,0.96  
0     ,0      ,16   ,4    ,1273       ,24.424        ,23.97            ,1.019 
7     ,2      ,16   ,4    ,1273       ,23.062        ,22.869           ,1.008 
0     ,0      ,32   ,32   ,1273       ,24.151        ,24.227           ,0.997 
6     ,4      ,32   ,32   ,1273       ,25.4          ,25.348           ,1.002 
0     ,0      ,32   ,8    ,1273       ,20.041        ,21.216           ,0.945 
6     ,4      ,32   ,8    ,1273       ,23.357        ,24.404           ,0.957 
0     ,0      ,64   ,64   ,1273       ,26.018        ,27.786           ,0.936 
5     ,6      ,64   ,64   ,1273       ,30.319        ,31.412           ,0.965 
0     ,0      ,64   ,16   ,1273       ,25.461        ,26.626           ,0.956 
5     ,6      ,64   ,16   ,1273       ,29.062        ,30.435           ,0.955 
0     ,0      ,128  ,128  ,1273       ,30.761        ,31.14            ,0.988 
4     ,0      ,128  ,128  ,1273       ,37.399        ,38.246           ,0.978 
0     ,0      ,128  ,32   ,1273       ,30.013        ,30.121           ,0.996 
4     ,0      ,128  ,32   ,1273       ,37.817        ,37.202           ,1.017 
0     ,0      ,256  ,256  ,1273       ,37.981        ,41.04            ,0.925 
3     ,2      ,256  ,256  ,1273       ,56.094        ,54.247           ,1.034 
0     ,0      ,256  ,64   ,1273       ,36.219        ,44.318           ,0.817 
3     ,2      ,256  ,64   ,1273       ,54.649        ,54.804           ,0.997 
0     ,0      ,512  ,512  ,1273       ,67.512        ,68.381           ,0.987 
2     ,4      ,512  ,512  ,1273       ,107.146       ,109.039          ,0.983 
0     ,0      ,512  ,128  ,1273       ,62.238        ,63.004           ,0.988 
2     ,4      ,512  ,128  ,1273       ,80.552        ,80.144           ,1.005 
0     ,0      ,1024 ,256  ,1273       ,98.284        ,116.715          ,0.842 
1     ,6      ,1024 ,256  ,1273       ,163.853       ,172.121          ,0.952 
1     ,2      ,16   ,1    ,1273       ,25.152        ,24.633           ,1.021 
2     ,1      ,16   ,1    ,2147483647 ,23.669        ,23.403           ,1.011 
1     ,1      ,16   ,10   ,1273       ,21.929        ,22.885           ,0.958 
1     ,1      ,16   ,10   ,2147483647 ,22.008        ,23.084           ,0.953 
2     ,4      ,32   ,1    ,1273       ,25.913        ,25.472           ,1.017 
4     ,2      ,32   ,1    ,2147483647 ,24.863        ,24.314           ,1.023 
2     ,2      ,32   ,10   ,1273       ,23.418        ,24.521           ,0.955 
2     ,2      ,32   ,10   ,2147483647 ,23.394        ,24.516           ,0.954 
3     ,6      ,64   ,1    ,1273       ,27.12         ,27.401           ,0.99  
6     ,3      ,64   ,1    ,2147483647 ,29.138        ,29.18            ,0.999 
3     ,3      ,64   ,10   ,1273       ,27.973        ,29.292           ,0.955 
3     ,3      ,64   ,10   ,2147483647 ,28.055        ,29.251           ,0.959 
4     ,0      ,128  ,1    ,1273       ,35.723        ,36.109           ,0.989 
0     ,4      ,128  ,1    ,2147483647 ,36.225        ,36.471           ,0.993 
4     ,4      ,128  ,10   ,1273       ,35.073        ,36.556           ,0.959 
4     ,4      ,128  ,10   ,2147483647 ,35.04         ,36.563           ,0.958 
5     ,2      ,256  ,1    ,1273       ,52.414        ,52.456           ,0.999 
2     ,5      ,256  ,1    ,2147483647 ,52.471        ,52.488           ,1.0   
5     ,5      ,256  ,10   ,1273       ,51.592        ,52.618           ,0.98  
5     ,5      ,256  ,10   ,2147483647 ,51.758        ,52.713           ,0.982 
6     ,4      ,512  ,1    ,1273       ,75.223        ,74.745           ,1.006 
4     ,6      ,512  ,1    ,2147483647 ,72.679        ,72.735           ,0.999 
6     ,6      ,512  ,10   ,1273       ,77.768        ,77.275           ,1.006 
6     ,6      ,512  ,10   ,2147483647 ,78.622        ,77.292           ,1.017 
7     ,6      ,1024 ,1    ,1273       ,95.971        ,96.063           ,0.999 
6     ,7      ,1024 ,1    ,2147483647 ,177.427       ,179.391          ,0.989 
7     ,7      ,1024 ,10   ,1273       ,176.591       ,180.069          ,0.981 
7     ,7      ,1024 ,10   ,2147483647 ,176.611       ,179.853          ,0.982 
1     ,0      ,32   ,31   ,1273       ,24.707        ,25.329           ,0.975 
0     ,0      ,32   ,31   ,1273       ,24.261        ,24.935           ,0.973 
1     ,0      ,64   ,31   ,1273       ,28.609        ,29.167           ,0.981 
0     ,0      ,64   ,31   ,1273       ,28.851        ,29.251           ,0.986 
1     ,0      ,96   ,31   ,1273       ,31.848        ,32.66            ,0.975 
0     ,0      ,96   ,31   ,1273       ,32.24         ,32.87            ,0.981 
1     ,0      ,128  ,31   ,1273       ,35.622        ,36.337           ,0.98  
0     ,0      ,128  ,31   ,1273       ,35.634        ,36.369           ,0.98  
1     ,0      ,160  ,31   ,1273       ,38.982        ,39.52            ,0.986 
0     ,0      ,160  ,31   ,1273       ,38.683        ,39.454           ,0.98  
1     ,0      ,192  ,31   ,1273       ,42.635        ,43.124           ,0.989 
0     ,0      ,192  ,31   ,1273       ,42.803        ,43.094           ,0.993 
1     ,0      ,224  ,31   ,1273       ,47.981        ,48.037           ,0.999 
0     ,0      ,224  ,31   ,1273       ,47.968        ,48.13            ,0.997 
1     ,0      ,256  ,31   ,1273       ,52.215        ,52.882           ,0.987 
0     ,0      ,256  ,31   ,1273       ,52.523        ,52.966           ,0.992 
1     ,0      ,320  ,31   ,1273       ,59.694        ,59.546           ,1.002 
0     ,0      ,320  ,31   ,1273       ,59.588        ,58.904           ,1.012 
1     ,0      ,384  ,31   ,1273       ,62.214        ,63.306           ,0.983 
0     ,0      ,384  ,31   ,1273       ,61.73         ,62.735           ,0.984 
1     ,0      ,448  ,31   ,1273       ,68.523        ,69.518           ,0.986 
0     ,0      ,448  ,31   ,1273       ,68.466        ,69.108           ,0.991 
1     ,0      ,512  ,31   ,1273       ,78.728        ,77.559           ,1.015 
0     ,0      ,512  ,31   ,1273       ,78.983        ,77.962           ,1.013 
1     ,0      ,640  ,31   ,1273       ,95.19         ,92.163           ,1.033 
0     ,0      ,640  ,31   ,1273       ,95.348        ,92.204           ,1.034 
1     ,0      ,768  ,31   ,1273       ,117.782       ,114.053          ,1.033 
0     ,0      ,768  ,31   ,1273       ,119.228       ,114.178          ,1.044 
1     ,0      ,896  ,31   ,1273       ,135.912       ,134.107          ,1.013 
0     ,0      ,896  ,31   ,1273       ,135.737       ,134.943          ,1.006 
1     ,0      ,1024 ,31   ,1273       ,192.696       ,193.52           ,0.996 
0     ,0      ,1024 ,31   ,1273       ,192.646       ,194.621          ,0.99  
1     ,0      ,1280 ,31   ,1273       ,199.171       ,197.074          ,1.011 
0     ,0      ,1280 ,31   ,1273       ,199.114       ,196.469          ,1.013 
1     ,0      ,1536 ,31   ,1273       ,221.033       ,221.47           ,0.998 
0     ,0      ,1536 ,31   ,1273       ,220.904       ,220.521          ,1.002 
1     ,0      ,1792 ,31   ,1273       ,251.953       ,249.707          ,1.009 
0     ,0      ,1792 ,31   ,1273       ,252.037       ,249.793          ,1.009 
0.9752833633099592
