
Results For: wcsncat
align1,align2 ,len1 ,len2 ,max_char   ,n    ,__wcsncat_avx2 ,__wcsncat_generic 
0     ,2      ,2    ,2    ,1273       ,2    ,19.822         ,21.406            ,0.926 
0     ,0      ,4    ,4    ,1273       ,2    ,19.711         ,21.27             ,0.927 
4     ,0      ,4    ,4    ,2147483647 ,2    ,19.531         ,21.171            ,0.923 
0     ,0      ,8    ,8    ,1273       ,2    ,18.515         ,21.688            ,0.854 
0     ,0      ,16   ,16   ,1273       ,2    ,18.337         ,21.434            ,0.856 
7     ,2      ,16   ,16   ,1273       ,2    ,18.325         ,21.458            ,0.854 
0     ,0      ,16   ,4    ,1273       ,2    ,19.038         ,20.707            ,0.919 
7     ,2      ,16   ,4    ,1273       ,2    ,18.933         ,21.206            ,0.893 
0     ,0      ,32   ,32   ,1273       ,2    ,18.272         ,21.353            ,0.856 
6     ,4      ,32   ,32   ,1273       ,2    ,18.136         ,21.092            ,0.86  
0     ,0      ,32   ,8    ,1273       ,2    ,18.283         ,21.38             ,0.855 
6     ,4      ,32   ,8    ,1273       ,2    ,18.058         ,20.833            ,0.867 
0     ,0      ,64   ,64   ,1273       ,2    ,19.082         ,20.877            ,0.914 
5     ,6      ,64   ,64   ,1273       ,2    ,19.027         ,21.163            ,0.899 
0     ,0      ,64   ,16   ,1273       ,2    ,18.092         ,20.856            ,0.867 
5     ,6      ,64   ,16   ,1273       ,2    ,18.073         ,20.99             ,0.861 
0     ,0      ,128  ,128  ,1273       ,2    ,19.04          ,21.163            ,0.9   
4     ,0      ,128  ,128  ,1273       ,2    ,19.142         ,21.229            ,0.902 
0     ,0      ,128  ,32   ,1273       ,2    ,18.244         ,20.962            ,0.87  
4     ,0      ,128  ,32   ,1273       ,2    ,18.233         ,20.982            ,0.869 
0     ,0      ,256  ,256  ,1273       ,2    ,18.649         ,23.722            ,0.786 
3     ,2      ,256  ,256  ,1273       ,2    ,18.81          ,23.307            ,0.807 
0     ,0      ,256  ,64   ,1273       ,2    ,19.412         ,21.227            ,0.915 
3     ,2      ,256  ,64   ,1273       ,2    ,19.239         ,21.262            ,0.905 
0     ,0      ,512  ,512  ,1273       ,2    ,26.903         ,32.906            ,0.818 
2     ,4      ,512  ,512  ,1273       ,2    ,27.179         ,32.687            ,0.831 
0     ,0      ,512  ,128  ,1273       ,2    ,19.668         ,21.935            ,0.897 
2     ,4      ,512  ,128  ,1273       ,2    ,19.84          ,22.217            ,0.893 
0     ,0      ,1024 ,256  ,1273       ,2    ,19.616         ,24.026            ,0.816 
1     ,6      ,1024 ,256  ,1273       ,2    ,19.667         ,24.374            ,0.807 
1     ,2      ,16   ,1    ,1273       ,2    ,19.909         ,21.46             ,0.928 
2     ,1      ,16   ,1    ,2147483647 ,2    ,19.757         ,21.299            ,0.928 
1     ,1      ,16   ,10   ,1273       ,2    ,18.796         ,21.863            ,0.86  
2     ,4      ,32   ,1    ,1273       ,2    ,19.491         ,20.908            ,0.932 
4     ,2      ,32   ,1    ,2147483647 ,2    ,19.196         ,21.189            ,0.906 
2     ,2      ,32   ,10   ,1273       ,2    ,18.451         ,21.328            ,0.865 
3     ,6      ,64   ,1    ,1273       ,2    ,19.088         ,20.629            ,0.925 
6     ,3      ,64   ,1    ,2147483647 ,2    ,18.657         ,20.726            ,0.9   
3     ,3      ,64   ,10   ,1273       ,2    ,18.188         ,20.997            ,0.866 
4     ,0      ,128  ,1    ,1273       ,2    ,18.533         ,20.177            ,0.919 
0     ,4      ,128  ,1    ,2147483647 ,2    ,18.864         ,20.256            ,0.931 
4     ,4      ,128  ,10   ,1273       ,2    ,17.994         ,20.963            ,0.858 
5     ,2      ,256  ,1    ,1273       ,2    ,18.533         ,20.577            ,0.901 
2     ,5      ,256  ,1    ,2147483647 ,2    ,18.736         ,20.145            ,0.93  
5     ,5      ,256  ,10   ,1273       ,2    ,18.4           ,24.279            ,0.758 
6     ,4      ,512  ,1    ,1273       ,2    ,18.495         ,20.358            ,0.908 
4     ,6      ,512  ,1    ,2147483647 ,2    ,18.526         ,19.946            ,0.929 
6     ,6      ,512  ,10   ,1273       ,2    ,17.684         ,20.404            ,0.867 
7     ,6      ,1024 ,1    ,1273       ,2    ,18.475         ,19.958            ,0.926 
6     ,7      ,1024 ,1    ,2147483647 ,2    ,17.771         ,19.859            ,0.895 
7     ,7      ,1024 ,10   ,1273       ,2    ,17.742         ,20.404            ,0.87  
0     ,2      ,2    ,2    ,1273       ,8    ,18.421         ,19.825            ,0.929 
0     ,0      ,4    ,4    ,1273       ,8    ,18.484         ,19.821            ,0.933 
4     ,0      ,4    ,4    ,2147483647 ,8    ,18.506         ,19.887            ,0.931 
0     ,0      ,8    ,8    ,1273       ,8    ,17.682         ,20.686            ,0.855 
0     ,0      ,16   ,16   ,1273       ,8    ,17.734         ,20.442            ,0.868 
7     ,2      ,16   ,16   ,1273       ,8    ,17.78          ,20.484            ,0.868 
0     ,0      ,16   ,4    ,1273       ,8    ,18.563         ,19.999            ,0.928 
7     ,2      ,16   ,4    ,1273       ,8    ,18.351         ,20.374            ,0.901 
0     ,0      ,32   ,32   ,1273       ,8    ,17.752         ,20.536            ,0.864 
6     ,4      ,32   ,32   ,1273       ,8    ,17.765         ,20.526            ,0.865 
0     ,0      ,32   ,8    ,1273       ,8    ,17.727         ,20.74             ,0.855 
6     ,4      ,32   ,8    ,1273       ,8    ,18.307         ,24.233            ,0.755 
0     ,0      ,64   ,64   ,1273       ,8    ,18.453         ,20.947            ,0.881 
5     ,6      ,64   ,64   ,1273       ,8    ,18.857         ,20.958            ,0.9   
0     ,0      ,64   ,16   ,1273       ,8    ,17.989         ,20.746            ,0.867 
5     ,6      ,64   ,16   ,1273       ,8    ,17.988         ,20.761            ,0.866 
0     ,0      ,128  ,128  ,1273       ,8    ,18.656         ,21.436            ,0.87  
4     ,0      ,128  ,128  ,1273       ,8    ,18.562         ,21.56             ,0.861 
0     ,0      ,128  ,32   ,1273       ,8    ,18.088         ,20.905            ,0.865 
4     ,0      ,128  ,32   ,1273       ,8    ,18.062         ,20.873            ,0.865 
0     ,0      ,256  ,256  ,1273       ,8    ,19.473         ,24.159            ,0.806 
3     ,2      ,256  ,256  ,1273       ,8    ,20.682         ,23.808            ,0.869 
0     ,0      ,256  ,64   ,1273       ,8    ,19.36          ,21.789            ,0.889 
3     ,2      ,256  ,64   ,1273       ,8    ,19.632         ,21.848            ,0.899 
0     ,0      ,512  ,512  ,1273       ,8    ,27.051         ,32.558            ,0.831 
2     ,4      ,512  ,512  ,1273       ,8    ,27.24          ,33.224            ,0.82  
0     ,0      ,512  ,128  ,1273       ,8    ,19.371         ,22.445            ,0.863 
2     ,4      ,512  ,128  ,1273       ,8    ,20.179         ,22.502            ,0.897 
0     ,0      ,1024 ,256  ,1273       ,8    ,20.215         ,24.878            ,0.813 
1     ,6      ,1024 ,256  ,1273       ,8    ,21.539         ,24.754            ,0.87  
1     ,2      ,16   ,1    ,1273       ,8    ,20.025         ,21.521            ,0.93  
2     ,1      ,16   ,1    ,2147483647 ,8    ,19.853         ,21.432            ,0.926 
1     ,1      ,16   ,10   ,1273       ,8    ,22.852         ,25.668            ,0.89  
2     ,4      ,32   ,1    ,1273       ,8    ,19.648         ,20.986            ,0.936 
4     ,2      ,32   ,1    ,2147483647 ,8    ,19.096         ,21.202            ,0.901 
2     ,2      ,32   ,10   ,1273       ,8    ,19.049         ,25.002            ,0.762 
3     ,6      ,64   ,1    ,1273       ,8    ,19.042         ,20.528            ,0.928 
6     ,3      ,64   ,1    ,2147483647 ,8    ,18.732         ,20.736            ,0.903 
3     ,3      ,64   ,10   ,1273       ,8    ,20.715         ,24.535            ,0.844 
4     ,0      ,128  ,1    ,1273       ,8    ,18.614         ,20.638            ,0.902 
0     ,4      ,128  ,1    ,2147483647 ,8    ,18.705         ,20.191            ,0.926 
4     ,4      ,128  ,10   ,1273       ,8    ,20.594         ,24.317            ,0.847 
5     ,2      ,256  ,1    ,1273       ,8    ,18.454         ,20.461            ,0.902 
2     ,5      ,256  ,1    ,2147483647 ,8    ,18.695         ,20.058            ,0.932 
5     ,5      ,256  ,10   ,1273       ,8    ,20.363         ,24.174            ,0.842 
6     ,4      ,512  ,1    ,1273       ,8    ,18.226         ,20.242            ,0.9   
4     ,6      ,512  ,1    ,2147483647 ,8    ,18.521         ,19.913            ,0.93  
6     ,6      ,512  ,10   ,1273       ,8    ,17.646         ,20.377            ,0.866 
7     ,6      ,1024 ,1    ,1273       ,8    ,18.629         ,19.938            ,0.934 
6     ,7      ,1024 ,1    ,2147483647 ,8    ,17.704         ,19.887            ,0.89  
7     ,7      ,1024 ,10   ,1273       ,8    ,17.645         ,20.365            ,0.866 
0     ,2      ,2    ,2    ,1273       ,32   ,18.557         ,19.77             ,0.939 
0     ,0      ,4    ,4    ,1273       ,32   ,18.53          ,19.777            ,0.937 
4     ,0      ,4    ,4    ,2147483647 ,32   ,18.629         ,19.895            ,0.936 
0     ,0      ,8    ,8    ,1273       ,32   ,23.576         ,20.577            ,1.146 
0     ,0      ,16   ,16   ,1273       ,32   ,23.628         ,20.449            ,1.155 
7     ,2      ,16   ,16   ,1273       ,32   ,23.684         ,22.711            ,1.043 
0     ,0      ,16   ,4    ,1273       ,32   ,25.51          ,22.139            ,1.152 
7     ,2      ,16   ,4    ,1273       ,32   ,24.152         ,22.689            ,1.064 
0     ,0      ,32   ,32   ,1273       ,32   ,19.417         ,21.59             ,0.899 
6     ,4      ,32   ,32   ,1273       ,32   ,25.814         ,22.876            ,1.128 
0     ,0      ,32   ,8    ,1273       ,32   ,20.798         ,22.969            ,0.905 
6     ,4      ,32   ,8    ,1273       ,32   ,24.578         ,25.874            ,0.95  
0     ,0      ,64   ,64   ,1273       ,32   ,20.909         ,22.259            ,0.939 
5     ,6      ,64   ,64   ,1273       ,32   ,26.8           ,23.795            ,1.126 
0     ,0      ,64   ,16   ,1273       ,32   ,21.027         ,22.263            ,0.944 
5     ,6      ,64   ,16   ,1273       ,32   ,27.391         ,23.638            ,1.159 
0     ,0      ,128  ,128  ,1273       ,32   ,22.219         ,22.461            ,0.989 
4     ,0      ,128  ,128  ,1273       ,32   ,25.258         ,22.828            ,1.106 
0     ,0      ,128  ,32   ,1273       ,32   ,20.027         ,22.359            ,0.896 
4     ,0      ,128  ,32   ,1273       ,32   ,25.587         ,22.485            ,1.138 
0     ,0      ,256  ,256  ,1273       ,32   ,31.888         ,27.372            ,1.165 
3     ,2      ,256  ,256  ,1273       ,32   ,32.76          ,27.112            ,1.208 
0     ,0      ,256  ,64   ,1273       ,32   ,21.572         ,22.969            ,0.939 
3     ,2      ,256  ,64   ,1273       ,32   ,26.624         ,24.536            ,1.085 
0     ,0      ,512  ,512  ,1273       ,32   ,29.552         ,36.099            ,0.819 
2     ,4      ,512  ,512  ,1273       ,32   ,30.584         ,36.681            ,0.834 
0     ,0      ,512  ,128  ,1273       ,32   ,23.229         ,23.174            ,1.002 
2     ,4      ,512  ,128  ,1273       ,32   ,28.403         ,25.739            ,1.104 
0     ,0      ,1024 ,256  ,1273       ,32   ,37.545         ,27.843            ,1.348 
1     ,6      ,1024 ,256  ,1273       ,32   ,34.195         ,27.555            ,1.241 
1     ,2      ,16   ,1    ,1273       ,32   ,27.431         ,23.911            ,1.147 
2     ,1      ,16   ,1    ,2147483647 ,32   ,26.178         ,23.561            ,1.111 
1     ,1      ,16   ,10   ,1273       ,32   ,24.677         ,23.565            ,1.047 
2     ,4      ,32   ,1    ,1273       ,32   ,28.709         ,23.383            ,1.228 
4     ,2      ,32   ,1    ,2147483647 ,32   ,27.014         ,23.642            ,1.143 
2     ,2      ,32   ,10   ,1273       ,32   ,25.902         ,26.531            ,0.976 
3     ,6      ,64   ,1    ,1273       ,32   ,28.425         ,22.943            ,1.239 
6     ,3      ,64   ,1    ,2147483647 ,32   ,26.581         ,22.945            ,1.158 
3     ,3      ,64   ,10   ,1273       ,32   ,25.467         ,25.906            ,0.983 
4     ,0      ,128  ,1    ,1273       ,32   ,26.423         ,22.953            ,1.151 
0     ,4      ,128  ,1    ,2147483647 ,32   ,25.992         ,22.828            ,1.139 
4     ,4      ,128  ,10   ,1273       ,32   ,25.298         ,25.64             ,0.987 
5     ,2      ,256  ,1    ,1273       ,32   ,26.271         ,22.748            ,1.155 
2     ,5      ,256  ,1    ,2147483647 ,32   ,27.764         ,22.424            ,1.238 
5     ,5      ,256  ,10   ,1273       ,32   ,25.281         ,25.654            ,0.985 
6     ,4      ,512  ,1    ,1273       ,32   ,26.299         ,22.842            ,1.151 
4     ,6      ,512  ,1    ,2147483647 ,32   ,27.48          ,22.473            ,1.223 
6     ,6      ,512  ,10   ,1273       ,32   ,24.567         ,22.153            ,1.109 
7     ,6      ,1024 ,1    ,1273       ,32   ,25.417         ,22.492            ,1.13  
6     ,7      ,1024 ,1    ,2147483647 ,32   ,24.802         ,22.449            ,1.105 
7     ,7      ,1024 ,10   ,1273       ,32   ,25.735         ,23.27             ,1.106 
0     ,2      ,2    ,2    ,1273       ,128  ,18.874         ,20.11             ,0.939 
0     ,0      ,4    ,4    ,1273       ,128  ,18.833         ,20.115            ,0.936 
4     ,0      ,4    ,4    ,2147483647 ,128  ,18.948         ,20.199            ,0.938 
0     ,0      ,8    ,8    ,1273       ,128  ,23.738         ,20.742            ,1.144 
0     ,0      ,16   ,16   ,1273       ,128  ,23.906         ,20.737            ,1.153 
7     ,2      ,16   ,16   ,1273       ,128  ,23.817         ,22.738            ,1.047 
0     ,0      ,16   ,4    ,1273       ,128  ,25.473         ,22.138            ,1.151 
7     ,2      ,16   ,4    ,1273       ,128  ,24.12          ,22.58             ,1.068 
0     ,0      ,32   ,32   ,1273       ,128  ,24.581         ,22.232            ,1.106 
6     ,4      ,32   ,32   ,1273       ,128  ,25.859         ,22.98             ,1.125 
0     ,0      ,32   ,8    ,1273       ,128  ,21.875         ,23.533            ,0.93  
6     ,4      ,32   ,8    ,1273       ,128  ,24.591         ,25.874            ,0.95  
0     ,0      ,64   ,64   ,1273       ,128  ,28.348         ,27.019            ,1.049 
5     ,6      ,64   ,64   ,1273       ,128  ,31.361         ,29.769            ,1.053 
0     ,0      ,64   ,16   ,1273       ,128  ,27.808         ,26.932            ,1.033 
5     ,6      ,64   ,16   ,1273       ,128  ,31.255         ,29.143            ,1.072 
0     ,0      ,128  ,128  ,1273       ,128  ,30.523         ,34.132            ,0.894 
4     ,0      ,128  ,128  ,1273       ,128  ,36.45          ,38.866            ,0.938 
0     ,0      ,128  ,32   ,1273       ,128  ,27.761         ,32.385            ,0.857 
4     ,0      ,128  ,32   ,1273       ,128  ,37.316         ,36.518            ,1.022 
0     ,0      ,256  ,256  ,1273       ,128  ,28.273         ,37.868            ,0.747 
3     ,2      ,256  ,256  ,1273       ,128  ,41.288         ,42.673            ,0.968 
0     ,0      ,256  ,64   ,1273       ,128  ,29.213         ,37.23             ,0.785 
3     ,2      ,256  ,64   ,1273       ,128  ,40.463         ,41.403            ,0.977 
0     ,0      ,512  ,512  ,1273       ,128  ,41.129         ,48.647            ,0.845 
2     ,4      ,512  ,512  ,1273       ,128  ,39.578         ,51.751            ,0.765 
0     ,0      ,512  ,128  ,1273       ,128  ,30.707         ,34.267            ,0.896 
2     ,4      ,512  ,128  ,1273       ,128  ,39.359         ,39.268            ,1.002 
0     ,0      ,1024 ,256  ,1273       ,128  ,28.986         ,38.303            ,0.757 
1     ,6      ,1024 ,256  ,1273       ,128  ,43.676         ,42.213            ,1.035 
1     ,2      ,16   ,1    ,1273       ,128  ,27.854         ,24.132            ,1.154 
2     ,1      ,16   ,1    ,2147483647 ,128  ,26.555         ,24.005            ,1.106 
1     ,1      ,16   ,10   ,1273       ,128  ,25.041         ,23.733            ,1.055 
2     ,4      ,32   ,1    ,1273       ,128  ,28.675         ,23.752            ,1.207 
4     ,2      ,32   ,1    ,2147483647 ,128  ,27.125         ,23.711            ,1.144 
2     ,2      ,32   ,10   ,1273       ,128  ,26.207         ,26.828            ,0.977 
3     ,6      ,64   ,1    ,1273       ,128  ,29.223         ,28.879            ,1.012 
6     ,3      ,64   ,1    ,2147483647 ,128  ,31.157         ,29.118            ,1.07  
3     ,3      ,64   ,10   ,1273       ,128  ,30.302         ,30.871            ,0.982 
4     ,0      ,128  ,1    ,1273       ,128  ,37.208         ,36.068            ,1.032 
0     ,4      ,128  ,1    ,2147483647 ,128  ,36.42          ,36.578            ,0.996 
4     ,4      ,128  ,10   ,1273       ,128  ,36.409         ,36.898            ,0.987 
5     ,2      ,256  ,1    ,1273       ,128  ,37.37          ,36.461            ,1.025 
2     ,5      ,256  ,1    ,2147483647 ,128  ,37.664         ,36.939            ,1.02  
5     ,5      ,256  ,10   ,1273       ,128  ,36.542         ,36.938            ,0.989 
6     ,4      ,512  ,1    ,1273       ,128  ,37.403         ,36.57             ,1.023 
4     ,6      ,512  ,1    ,2147483647 ,128  ,37.868         ,37.037            ,1.022 
6     ,6      ,512  ,10   ,1273       ,128  ,36.104         ,34.783            ,1.038 
7     ,6      ,1024 ,1    ,1273       ,128  ,30.506         ,34.586            ,0.882 
6     ,7      ,1024 ,1    ,2147483647 ,128  ,35.092         ,34.859            ,1.007 
7     ,7      ,1024 ,10   ,1273       ,128  ,37.383         ,37.669            ,0.992 
0     ,2      ,2    ,2    ,1273       ,512  ,19.511         ,20.758            ,0.94  
0     ,0      ,4    ,4    ,1273       ,512  ,19.404         ,20.662            ,0.939 
4     ,0      ,4    ,4    ,2147483647 ,512  ,19.265         ,20.51             ,0.939 
0     ,0      ,8    ,8    ,1273       ,512  ,24.102         ,21.045            ,1.145 
0     ,0      ,16   ,16   ,1273       ,512  ,24.194         ,20.92             ,1.156 
7     ,2      ,16   ,16   ,1273       ,512  ,24.024         ,23.004            ,1.044 
0     ,0      ,16   ,4    ,1273       ,512  ,25.704         ,22.322            ,1.152 
7     ,2      ,16   ,4    ,1273       ,512  ,24.366         ,22.834            ,1.067 
0     ,0      ,32   ,32   ,1273       ,512  ,24.766         ,22.453            ,1.103 
6     ,4      ,32   ,32   ,1273       ,512  ,26.039         ,22.977            ,1.133 
0     ,0      ,32   ,8    ,1273       ,512  ,21.912         ,23.599            ,0.928 
6     ,4      ,32   ,8    ,1273       ,512  ,24.577         ,25.958            ,0.947 
0     ,0      ,64   ,64   ,1273       ,512  ,28.326         ,27.197            ,1.042 
5     ,6      ,64   ,64   ,1273       ,512  ,31.478         ,29.826            ,1.055 
0     ,0      ,64   ,16   ,1273       ,512  ,27.807         ,26.96             ,1.031 
5     ,6      ,64   ,16   ,1273       ,512  ,31.106         ,29.145            ,1.067 
0     ,0      ,128  ,128  ,1273       ,512  ,32.101         ,35.701            ,0.899 
4     ,0      ,128  ,128  ,1273       ,512  ,38.298         ,38.38             ,0.998 
0     ,0      ,128  ,32   ,1273       ,512  ,31.061         ,34.141            ,0.91  
4     ,0      ,128  ,32   ,1273       ,512  ,38.849         ,36.293            ,1.07  
0     ,0      ,256  ,256  ,1273       ,512  ,40.806         ,58.018            ,0.703 
3     ,2      ,256  ,256  ,1273       ,512  ,55.594         ,62.534            ,0.889 
0     ,0      ,256  ,64   ,1273       ,512  ,40.802         ,52.084            ,0.783 
3     ,2      ,256  ,64   ,1273       ,512  ,58.131         ,61.962            ,0.938 
0     ,0      ,512  ,512  ,1273       ,512  ,63.626         ,89.34             ,0.712 
2     ,4      ,512  ,512  ,1273       ,512  ,114.649        ,100.634           ,1.139 
0     ,0      ,512  ,128  ,1273       ,512  ,59.76          ,80.615            ,0.741 
2     ,4      ,512  ,128  ,1273       ,512  ,82.994         ,98.085            ,0.846 
0     ,0      ,1024 ,256  ,1273       ,512  ,59.458         ,78.563            ,0.757 
1     ,6      ,1024 ,256  ,1273       ,512  ,85.027         ,88.564            ,0.96  
1     ,2      ,16   ,1    ,1273       ,512  ,27.178         ,23.647            ,1.149 
2     ,1      ,16   ,1    ,2147483647 ,512  ,25.837         ,23.347            ,1.107 
1     ,1      ,16   ,10   ,1273       ,512  ,24.408         ,23.266            ,1.049 
2     ,4      ,32   ,1    ,1273       ,512  ,28.04          ,23.272            ,1.205 
4     ,2      ,32   ,1    ,2147483647 ,512  ,26.702         ,23.397            ,1.141 
2     ,2      ,32   ,10   ,1273       ,512  ,25.803         ,26.275            ,0.982 
3     ,6      ,64   ,1    ,1273       ,512  ,28.927         ,28.614            ,1.011 
6     ,3      ,64   ,1    ,2147483647 ,512  ,30.762         ,28.957            ,1.062 
3     ,3      ,64   ,10   ,1273       ,512  ,30.168         ,30.966            ,0.974 
4     ,0      ,128  ,1    ,1273       ,512  ,37.078         ,35.99             ,1.03  
0     ,4      ,128  ,1    ,2147483647 ,512  ,38.232         ,36.836            ,1.038 
4     ,4      ,128  ,10   ,1273       ,512  ,37.51          ,36.956            ,1.015 
5     ,2      ,256  ,1    ,1273       ,512  ,53.702         ,48.467            ,1.108 
2     ,5      ,256  ,1    ,2147483647 ,512  ,55.079         ,52.677            ,1.046 
5     ,5      ,256  ,10   ,1273       ,512  ,53.716         ,52.313            ,1.027 
6     ,4      ,512  ,1    ,1273       ,512  ,77.965         ,76.559            ,1.018 
4     ,6      ,512  ,1    ,2147483647 ,512  ,77.968         ,80.789            ,0.965 
6     ,6      ,512  ,10   ,1273       ,512  ,76.338         ,79.355            ,0.962 
7     ,6      ,1024 ,1    ,1273       ,512  ,47.615         ,64.205            ,0.742 
6     ,7      ,1024 ,1    ,2147483647 ,512  ,76.735         ,73.286            ,1.047 
7     ,7      ,1024 ,10   ,1273       ,512  ,78.99          ,75.189            ,1.051 
1     ,0      ,128  ,128  ,1273       ,64   ,29.391         ,27.548            ,1.067 
0     ,0      ,128  ,128  ,1273       ,64   ,24.463         ,27.348            ,0.895 
1     ,0      ,128  ,64   ,1273       ,128  ,38.841         ,38.256            ,1.015 
0     ,0      ,128  ,64   ,1273       ,128  ,29.135         ,37.088            ,0.786 
1     ,0      ,128  ,128  ,1273       ,96   ,34.38          ,35.625            ,0.965 
0     ,0      ,128  ,128  ,1273       ,96   ,27.417         ,31.766            ,0.863 
1     ,0      ,128  ,96   ,1273       ,128  ,39.419         ,39.306            ,1.003 
0     ,0      ,128  ,96   ,1273       ,128  ,29.992         ,33.332            ,0.9   
1     ,0      ,128  ,128  ,1273       ,128  ,38.487         ,40.455            ,0.951 
1     ,0      ,128  ,128  ,1273       ,160  ,40.373         ,40.664            ,0.993 
0     ,0      ,128  ,128  ,1273       ,160  ,34.41          ,37.384            ,0.92  
1     ,0      ,128  ,160  ,1273       ,128  ,39.411         ,41.358            ,0.953 
0     ,0      ,128  ,160  ,1273       ,128  ,38.82          ,35.003            ,1.109 
1     ,0      ,128  ,128  ,1273       ,192  ,40.033         ,40.238            ,0.995 
0     ,0      ,128  ,128  ,1273       ,192  ,33.802         ,37.34             ,0.905 
1     ,0      ,128  ,192  ,1273       ,128  ,39.71          ,42.168            ,0.942 
0     ,0      ,128  ,192  ,1273       ,128  ,34.752         ,36.932            ,0.941 
1     ,0      ,256  ,256  ,1273       ,192  ,49.654         ,51.378            ,0.966 
0     ,0      ,256  ,256  ,1273       ,192  ,33.781         ,47.265            ,0.715 
1     ,0      ,256  ,192  ,1273       ,256  ,56.877         ,61.172            ,0.93  
0     ,0      ,256  ,192  ,1273       ,256  ,37.685         ,51.807            ,0.727 
1     ,0      ,256  ,256  ,1273       ,224  ,52.271         ,55.286            ,0.945 
0     ,0      ,256  ,256  ,1273       ,224  ,35.201         ,51.453            ,0.684 
1     ,0      ,256  ,224  ,1273       ,256  ,57.7           ,62.326            ,0.926 
0     ,0      ,256  ,224  ,1273       ,256  ,37.875         ,53.641            ,0.706 
1     ,0      ,256  ,256  ,1273       ,256  ,55.551         ,62.931            ,0.883 
0     ,0      ,256  ,256  ,1273       ,256  ,37.137         ,54.84             ,0.677 
1     ,0      ,256  ,256  ,1273       ,288  ,56.807         ,62.957            ,0.902 
0     ,0      ,256  ,256  ,1273       ,288  ,40.457         ,59.183            ,0.684 
1     ,0      ,256  ,288  ,1273       ,256  ,53.28          ,64.47             ,0.826 
0     ,0      ,256  ,288  ,1273       ,256  ,37.05          ,55.498            ,0.668 
1     ,0      ,256  ,256  ,1273       ,320  ,56.956         ,63.07             ,0.903 
0     ,0      ,256  ,256  ,1273       ,320  ,41.75          ,59.317            ,0.704 
1     ,0      ,256  ,320  ,1273       ,256  ,52.297         ,66.211            ,0.79  
0     ,0      ,256  ,320  ,1273       ,256  ,39.073         ,57.192            ,0.683 
1     ,0      ,512  ,512  ,1273       ,448  ,76.98          ,93.969            ,0.819 
0     ,0      ,512  ,512  ,1273       ,448  ,59.81          ,83.23             ,0.719 
1     ,0      ,512  ,448  ,1273       ,512  ,83.359         ,102.805           ,0.811 
0     ,0      ,512  ,448  ,1273       ,512  ,60.977         ,86.671            ,0.704 
1     ,0      ,512  ,512  ,1273       ,480  ,80.169         ,97.942            ,0.819 
0     ,0      ,512  ,512  ,1273       ,480  ,62.187         ,86.138            ,0.722 
1     ,0      ,512  ,480  ,1273       ,512  ,83.415         ,103.857           ,0.803 
0     ,0      ,512  ,480  ,1273       ,512  ,62.545         ,88.213            ,0.709 
1     ,0      ,512  ,512  ,1273       ,512  ,83.898         ,105.332           ,0.797 
1     ,0      ,512  ,512  ,1273       ,544  ,98.852         ,105.008           ,0.941 
0     ,0      ,512  ,512  ,1273       ,544  ,66.977         ,91.912            ,0.729 
1     ,0      ,512  ,544  ,1273       ,512  ,99.794         ,107.52            ,0.928 
0     ,0      ,512  ,544  ,1273       ,512  ,66.872         ,92.177            ,0.725 
1     ,0      ,512  ,512  ,1273       ,576  ,98.767         ,105.224           ,0.939 
0     ,0      ,512  ,512  ,1273       ,576  ,67.441         ,91.801            ,0.735 
1     ,0      ,512  ,576  ,1273       ,512  ,99.447         ,110.899           ,0.897 
0     ,0      ,512  ,576  ,1273       ,512  ,70.41          ,94.531            ,0.745 
1     ,0      ,1024 ,960  ,1273       ,1024 ,173.739        ,186.762           ,0.93  
0     ,0      ,1024 ,960  ,1273       ,1024 ,149.245        ,148.704           ,1.004 
1     ,0      ,1024 ,992  ,1273       ,1024 ,183.445        ,176.28            ,1.041 
0     ,0      ,1024 ,992  ,1273       ,1024 ,139.052        ,147.869           ,0.94  
0.9377044000599801
