
Results For: wcsncat
align1,align2 ,len1 ,len2 ,max_char   ,n    ,__wcsncat_evex ,__wcsncat_generic 
0     ,2      ,2    ,2    ,1273       ,2    ,20.455         ,21.406            ,0.956 
0     ,0      ,4    ,4    ,1273       ,2    ,20.296         ,21.27             ,0.954 
4     ,0      ,4    ,4    ,2147483647 ,2    ,20.055         ,21.171            ,0.947 
0     ,0      ,8    ,8    ,1273       ,2    ,19.075         ,21.688            ,0.88  
0     ,0      ,16   ,16   ,1273       ,2    ,18.979         ,21.434            ,0.885 
7     ,2      ,16   ,16   ,1273       ,2    ,18.864         ,21.458            ,0.879 
0     ,0      ,16   ,4    ,1273       ,2    ,19.608         ,20.707            ,0.947 
7     ,2      ,16   ,4    ,1273       ,2    ,19.528         ,21.206            ,0.921 
0     ,0      ,32   ,32   ,1273       ,2    ,18.935         ,21.353            ,0.887 
6     ,4      ,32   ,32   ,1273       ,2    ,18.872         ,21.092            ,0.895 
0     ,0      ,32   ,8    ,1273       ,2    ,18.895         ,21.38             ,0.884 
6     ,4      ,32   ,8    ,1273       ,2    ,18.722         ,20.833            ,0.899 
0     ,0      ,64   ,64   ,1273       ,2    ,18.653         ,20.877            ,0.893 
5     ,6      ,64   ,64   ,1273       ,2    ,18.583         ,21.163            ,0.878 
0     ,0      ,64   ,16   ,1273       ,2    ,18.644         ,20.856            ,0.894 
5     ,6      ,64   ,16   ,1273       ,2    ,18.625         ,20.99             ,0.887 
0     ,0      ,128  ,128  ,1273       ,2    ,18.544         ,21.163            ,0.876 
4     ,0      ,128  ,128  ,1273       ,2    ,18.625         ,21.229            ,0.877 
0     ,0      ,128  ,32   ,1273       ,2    ,18.854         ,20.962            ,0.899 
4     ,0      ,128  ,32   ,1273       ,2    ,18.725         ,20.982            ,0.892 
0     ,0      ,256  ,256  ,1273       ,2    ,18.74          ,23.722            ,0.79  
3     ,2      ,256  ,256  ,1273       ,2    ,18.685         ,23.307            ,0.802 
0     ,0      ,256  ,64   ,1273       ,2    ,18.987         ,21.227            ,0.894 
3     ,2      ,256  ,64   ,1273       ,2    ,19.099         ,21.262            ,0.898 
0     ,0      ,512  ,512  ,1273       ,2    ,34.539         ,32.906            ,1.05  
2     ,4      ,512  ,512  ,1273       ,2    ,32.157         ,32.687            ,0.984 
0     ,0      ,512  ,128  ,1273       ,2    ,19.21          ,21.935            ,0.876 
2     ,4      ,512  ,128  ,1273       ,2    ,19.42          ,22.217            ,0.874 
0     ,0      ,1024 ,256  ,1273       ,2    ,19.728         ,24.026            ,0.821 
1     ,6      ,1024 ,256  ,1273       ,2    ,19.638         ,24.374            ,0.806 
1     ,2      ,16   ,1    ,1273       ,2    ,20.335         ,21.46             ,0.948 
2     ,1      ,16   ,1    ,2147483647 ,2    ,20.289         ,21.299            ,0.953 
1     ,1      ,16   ,10   ,1273       ,2    ,19.383         ,21.863            ,0.887 
2     ,4      ,32   ,1    ,1273       ,2    ,20.089         ,20.908            ,0.961 
4     ,2      ,32   ,1    ,2147483647 ,2    ,19.839         ,21.189            ,0.936 
2     ,2      ,32   ,10   ,1273       ,2    ,18.998         ,21.328            ,0.891 
3     ,6      ,64   ,1    ,1273       ,2    ,19.751         ,20.629            ,0.957 
6     ,3      ,64   ,1    ,2147483647 ,2    ,19.204         ,20.726            ,0.927 
3     ,3      ,64   ,10   ,1273       ,2    ,18.656         ,20.997            ,0.889 
4     ,0      ,128  ,1    ,1273       ,2    ,19.153         ,20.177            ,0.949 
0     ,4      ,128  ,1    ,2147483647 ,2    ,19.379         ,20.256            ,0.957 
4     ,4      ,128  ,10   ,1273       ,2    ,18.533         ,20.963            ,0.884 
5     ,2      ,256  ,1    ,1273       ,2    ,19.078         ,20.577            ,0.927 
2     ,5      ,256  ,1    ,2147483647 ,2    ,19.307         ,20.145            ,0.958 
5     ,5      ,256  ,10   ,1273       ,2    ,23.337         ,24.279            ,0.961 
6     ,4      ,512  ,1    ,1273       ,2    ,18.944         ,20.358            ,0.931 
4     ,6      ,512  ,1    ,2147483647 ,2    ,19.077         ,19.946            ,0.956 
6     ,6      ,512  ,10   ,1273       ,2    ,18.229         ,20.404            ,0.893 
7     ,6      ,1024 ,1    ,1273       ,2    ,19.102         ,19.958            ,0.957 
6     ,7      ,1024 ,1    ,2147483647 ,2    ,18.289         ,19.859            ,0.921 
7     ,7      ,1024 ,10   ,1273       ,2    ,18.257         ,20.404            ,0.895 
0     ,2      ,2    ,2    ,1273       ,8    ,18.884         ,19.825            ,0.953 
0     ,0      ,4    ,4    ,1273       ,8    ,18.832         ,19.821            ,0.95  
4     ,0      ,4    ,4    ,2147483647 ,8    ,18.941         ,19.887            ,0.952 
0     ,0      ,8    ,8    ,1273       ,8    ,18.184         ,20.686            ,0.879 
0     ,0      ,16   ,16   ,1273       ,8    ,18.312         ,20.442            ,0.896 
7     ,2      ,16   ,16   ,1273       ,8    ,18.394         ,20.484            ,0.898 
0     ,0      ,16   ,4    ,1273       ,8    ,19.25          ,19.999            ,0.963 
7     ,2      ,16   ,4    ,1273       ,8    ,19.067         ,20.374            ,0.936 
0     ,0      ,32   ,32   ,1273       ,8    ,18.412         ,20.536            ,0.897 
6     ,4      ,32   ,32   ,1273       ,8    ,18.437         ,20.526            ,0.898 
0     ,0      ,32   ,8    ,1273       ,8    ,18.267         ,20.74             ,0.881 
6     ,4      ,32   ,8    ,1273       ,8    ,18.865         ,24.233            ,0.778 
0     ,0      ,64   ,64   ,1273       ,8    ,18.343         ,20.947            ,0.876 
5     ,6      ,64   ,64   ,1273       ,8    ,18.63          ,20.958            ,0.889 
0     ,0      ,64   ,16   ,1273       ,8    ,18.587         ,20.746            ,0.896 
5     ,6      ,64   ,16   ,1273       ,8    ,18.612         ,20.761            ,0.896 
0     ,0      ,128  ,128  ,1273       ,8    ,18.517         ,21.436            ,0.864 
4     ,0      ,128  ,128  ,1273       ,8    ,18.552         ,21.56             ,0.86  
0     ,0      ,128  ,32   ,1273       ,8    ,18.812         ,20.905            ,0.9   
4     ,0      ,128  ,32   ,1273       ,8    ,18.723         ,20.873            ,0.897 
0     ,0      ,256  ,256  ,1273       ,8    ,18.806         ,24.159            ,0.778 
3     ,2      ,256  ,256  ,1273       ,8    ,21.002         ,23.808            ,0.882 
0     ,0      ,256  ,64   ,1273       ,8    ,19.388         ,21.789            ,0.89  
3     ,2      ,256  ,64   ,1273       ,8    ,19.479         ,21.848            ,0.892 
0     ,0      ,512  ,512  ,1273       ,8    ,42.696         ,32.558            ,1.311 
2     ,4      ,512  ,512  ,1273       ,8    ,32.142         ,33.224            ,0.967 
0     ,0      ,512  ,128  ,1273       ,8    ,19.446         ,22.445            ,0.866 
2     ,4      ,512  ,128  ,1273       ,8    ,19.975         ,22.502            ,0.888 
0     ,0      ,1024 ,256  ,1273       ,8    ,19.56          ,24.878            ,0.786 
1     ,6      ,1024 ,256  ,1273       ,8    ,21.858         ,24.754            ,0.883 
1     ,2      ,16   ,1    ,1273       ,8    ,20.596         ,21.521            ,0.957 
2     ,1      ,16   ,1    ,2147483647 ,8    ,20.663         ,21.432            ,0.964 
1     ,1      ,16   ,10   ,1273       ,8    ,23.5           ,25.668            ,0.916 
2     ,4      ,32   ,1    ,1273       ,8    ,20.3           ,20.986            ,0.967 
4     ,2      ,32   ,1    ,2147483647 ,8    ,19.848         ,21.202            ,0.936 
2     ,2      ,32   ,10   ,1273       ,8    ,19.596         ,25.002            ,0.784 
3     ,6      ,64   ,1    ,1273       ,8    ,19.716         ,20.528            ,0.96  
6     ,3      ,64   ,1    ,2147483647 ,8    ,19.492         ,20.736            ,0.94  
3     ,3      ,64   ,10   ,1273       ,8    ,21.262         ,24.535            ,0.867 
4     ,0      ,128  ,1    ,1273       ,8    ,19.352         ,20.638            ,0.938 
0     ,4      ,128  ,1    ,2147483647 ,8    ,19.403         ,20.191            ,0.961 
4     ,4      ,128  ,10   ,1273       ,8    ,21.19          ,24.317            ,0.871 
5     ,2      ,256  ,1    ,1273       ,8    ,19.155         ,20.461            ,0.936 
2     ,5      ,256  ,1    ,2147483647 ,8    ,19.299         ,20.058            ,0.962 
5     ,5      ,256  ,10   ,1273       ,8    ,20.904         ,24.174            ,0.865 
6     ,4      ,512  ,1    ,1273       ,8    ,19.006         ,20.242            ,0.939 
4     ,6      ,512  ,1    ,2147483647 ,8    ,19.13          ,19.913            ,0.961 
6     ,6      ,512  ,10   ,1273       ,8    ,18.266         ,20.377            ,0.896 
7     ,6      ,1024 ,1    ,1273       ,8    ,19.131         ,19.938            ,0.96  
6     ,7      ,1024 ,1    ,2147483647 ,8    ,18.302         ,19.887            ,0.92  
7     ,7      ,1024 ,10   ,1273       ,8    ,18.276         ,20.365            ,0.897 
0     ,2      ,2    ,2    ,1273       ,32   ,18.915         ,19.77             ,0.957 
0     ,0      ,4    ,4    ,1273       ,32   ,18.852         ,19.777            ,0.953 
4     ,0      ,4    ,4    ,2147483647 ,32   ,18.877         ,19.895            ,0.949 
0     ,0      ,8    ,8    ,1273       ,32   ,24.261         ,20.577            ,1.179 
0     ,0      ,16   ,16   ,1273       ,32   ,24.318         ,20.449            ,1.189 
7     ,2      ,16   ,16   ,1273       ,32   ,24.355         ,22.711            ,1.072 
0     ,0      ,16   ,4    ,1273       ,32   ,26.193         ,22.139            ,1.183 
7     ,2      ,16   ,4    ,1273       ,32   ,24.716         ,22.689            ,1.089 
0     ,0      ,32   ,32   ,1273       ,32   ,20.651         ,21.59             ,0.957 
6     ,4      ,32   ,32   ,1273       ,32   ,26.461         ,22.876            ,1.157 
0     ,0      ,32   ,8    ,1273       ,32   ,21.517         ,22.969            ,0.937 
6     ,4      ,32   ,8    ,1273       ,32   ,25.372         ,25.874            ,0.981 
0     ,0      ,64   ,64   ,1273       ,32   ,21.298         ,22.259            ,0.957 
5     ,6      ,64   ,64   ,1273       ,32   ,27.896         ,23.795            ,1.172 
0     ,0      ,64   ,16   ,1273       ,32   ,21.81          ,22.263            ,0.98  
5     ,6      ,64   ,16   ,1273       ,32   ,27.996         ,23.638            ,1.184 
0     ,0      ,128  ,128  ,1273       ,32   ,21.718         ,22.461            ,0.967 
4     ,0      ,128  ,128  ,1273       ,32   ,26.158         ,22.828            ,1.146 
0     ,0      ,128  ,32   ,1273       ,32   ,21.277         ,22.359            ,0.952 
4     ,0      ,128  ,32   ,1273       ,32   ,26.25          ,22.485            ,1.167 
0     ,0      ,256  ,256  ,1273       ,32   ,22.631         ,27.372            ,0.827 
3     ,2      ,256  ,256  ,1273       ,32   ,29.144         ,27.112            ,1.075 
0     ,0      ,256  ,64   ,1273       ,32   ,21.95          ,22.969            ,0.956 
3     ,2      ,256  ,64   ,1273       ,32   ,26.764         ,24.536            ,1.091 
0     ,0      ,512  ,512  ,1273       ,32   ,36.258         ,36.099            ,1.004 
2     ,4      ,512  ,512  ,1273       ,32   ,36.067         ,36.681            ,0.983 
0     ,0      ,512  ,128  ,1273       ,32   ,22.65          ,23.174            ,0.977 
2     ,4      ,512  ,128  ,1273       ,32   ,29.434         ,25.739            ,1.144 
0     ,0      ,1024 ,256  ,1273       ,32   ,23.629         ,27.843            ,0.849 
1     ,6      ,1024 ,256  ,1273       ,32   ,32.888         ,27.555            ,1.194 
1     ,2      ,16   ,1    ,1273       ,32   ,28.188         ,23.911            ,1.179 
2     ,1      ,16   ,1    ,2147483647 ,32   ,26.806         ,23.561            ,1.138 
1     ,1      ,16   ,10   ,1273       ,32   ,25.479         ,23.565            ,1.081 
2     ,4      ,32   ,1    ,1273       ,32   ,29.396         ,23.383            ,1.257 
4     ,2      ,32   ,1    ,2147483647 ,32   ,27.763         ,23.642            ,1.174 
2     ,2      ,32   ,10   ,1273       ,32   ,26.507         ,26.531            ,0.999 
3     ,6      ,64   ,1    ,1273       ,32   ,28.982         ,22.943            ,1.263 
6     ,3      ,64   ,1    ,2147483647 ,32   ,27.218         ,22.945            ,1.186 
3     ,3      ,64   ,10   ,1273       ,32   ,26.045         ,25.906            ,1.005 
4     ,0      ,128  ,1    ,1273       ,32   ,27.289         ,22.953            ,1.189 
0     ,4      ,128  ,1    ,2147483647 ,32   ,26.413         ,22.828            ,1.157 
4     ,4      ,128  ,10   ,1273       ,32   ,25.844         ,25.64             ,1.008 
5     ,2      ,256  ,1    ,1273       ,32   ,27.052         ,22.748            ,1.189 
2     ,5      ,256  ,1    ,2147483647 ,32   ,28.289         ,22.424            ,1.262 
5     ,5      ,256  ,10   ,1273       ,32   ,25.809         ,25.654            ,1.006 
6     ,4      ,512  ,1    ,1273       ,32   ,26.974         ,22.842            ,1.181 
4     ,6      ,512  ,1    ,2147483647 ,32   ,28.112         ,22.473            ,1.251 
6     ,6      ,512  ,10   ,1273       ,32   ,25.499         ,22.153            ,1.151 
7     ,6      ,1024 ,1    ,1273       ,32   ,26.024         ,22.492            ,1.157 
6     ,7      ,1024 ,1    ,2147483647 ,32   ,25.494         ,22.449            ,1.136 
7     ,7      ,1024 ,10   ,1273       ,32   ,26.446         ,23.27             ,1.136 
0     ,2      ,2    ,2    ,1273       ,128  ,19.267         ,20.11             ,0.958 
0     ,0      ,4    ,4    ,1273       ,128  ,19.148         ,20.115            ,0.952 
4     ,0      ,4    ,4    ,2147483647 ,128  ,19.299         ,20.199            ,0.955 
0     ,0      ,8    ,8    ,1273       ,128  ,24.459         ,20.742            ,1.179 
0     ,0      ,16   ,16   ,1273       ,128  ,24.624         ,20.737            ,1.187 
7     ,2      ,16   ,16   ,1273       ,128  ,24.584         ,22.738            ,1.081 
0     ,0      ,16   ,4    ,1273       ,128  ,26.082         ,22.138            ,1.178 
7     ,2      ,16   ,4    ,1273       ,128  ,24.692         ,22.58             ,1.094 
0     ,0      ,32   ,32   ,1273       ,128  ,24.915         ,22.232            ,1.121 
6     ,4      ,32   ,32   ,1273       ,128  ,26.154         ,22.98             ,1.138 
0     ,0      ,32   ,8    ,1273       ,128  ,22.543         ,23.533            ,0.958 
6     ,4      ,32   ,8    ,1273       ,128  ,25.677         ,25.874            ,0.992 
0     ,0      ,64   ,64   ,1273       ,128  ,27.646         ,27.019            ,1.023 
5     ,6      ,64   ,64   ,1273       ,128  ,31.039         ,29.769            ,1.043 
0     ,0      ,64   ,16   ,1273       ,128  ,27.751         ,26.932            ,1.03  
5     ,6      ,64   ,16   ,1273       ,128  ,31.937         ,29.143            ,1.096 
0     ,0      ,128  ,128  ,1273       ,128  ,35.235         ,34.132            ,1.032 
4     ,0      ,128  ,128  ,1273       ,128  ,36.951         ,38.866            ,0.951 
0     ,0      ,128  ,32   ,1273       ,128  ,28.443         ,32.385            ,0.878 
4     ,0      ,128  ,32   ,1273       ,128  ,37.615         ,36.518            ,1.03  
0     ,0      ,256  ,256  ,1273       ,128  ,31.402         ,37.868            ,0.829 
3     ,2      ,256  ,256  ,1273       ,128  ,41.437         ,42.673            ,0.971 
0     ,0      ,256  ,64   ,1273       ,128  ,30.062         ,37.23             ,0.807 
3     ,2      ,256  ,64   ,1273       ,128  ,40.334         ,41.403            ,0.974 
0     ,0      ,512  ,512  ,1273       ,128  ,43.268         ,48.647            ,0.889 
2     ,4      ,512  ,512  ,1273       ,128  ,44.332         ,51.751            ,0.857 
0     ,0      ,512  ,128  ,1273       ,128  ,35.41          ,34.267            ,1.033 
2     ,4      ,512  ,128  ,1273       ,128  ,39.384         ,39.268            ,1.003 
0     ,0      ,1024 ,256  ,1273       ,128  ,32.292         ,38.303            ,0.843 
1     ,6      ,1024 ,256  ,1273       ,128  ,42.495         ,42.213            ,1.007 
1     ,2      ,16   ,1    ,1273       ,128  ,28.452         ,24.132            ,1.179 
2     ,1      ,16   ,1    ,2147483647 ,128  ,27.13          ,24.005            ,1.13  
1     ,1      ,16   ,10   ,1273       ,128  ,25.911         ,23.733            ,1.092 
2     ,4      ,32   ,1    ,1273       ,128  ,29.249         ,23.752            ,1.231 
4     ,2      ,32   ,1    ,2147483647 ,128  ,27.722         ,23.711            ,1.169 
2     ,2      ,32   ,10   ,1273       ,128  ,26.934         ,26.828            ,1.004 
3     ,6      ,64   ,1    ,1273       ,128  ,29.799         ,28.879            ,1.032 
6     ,3      ,64   ,1    ,2147483647 ,128  ,31.722         ,29.118            ,1.089 
3     ,3      ,64   ,10   ,1273       ,128  ,30.955         ,30.871            ,1.003 
4     ,0      ,128  ,1    ,1273       ,128  ,38.352         ,36.068            ,1.063 
0     ,4      ,128  ,1    ,2147483647 ,128  ,37.299         ,36.578            ,1.02  
4     ,4      ,128  ,10   ,1273       ,128  ,37.211         ,36.898            ,1.008 
5     ,2      ,256  ,1    ,1273       ,128  ,38.609         ,36.461            ,1.059 
2     ,5      ,256  ,1    ,2147483647 ,128  ,38.278         ,36.939            ,1.036 
5     ,5      ,256  ,10   ,1273       ,128  ,37.258         ,36.938            ,1.009 
6     ,4      ,512  ,1    ,1273       ,128  ,38.621         ,36.57             ,1.056 
4     ,6      ,512  ,1    ,2147483647 ,128  ,38.622         ,37.037            ,1.043 
6     ,6      ,512  ,10   ,1273       ,128  ,36.766         ,34.783            ,1.057 
7     ,6      ,1024 ,1    ,1273       ,128  ,30.436         ,34.586            ,0.88  
6     ,7      ,1024 ,1    ,2147483647 ,128  ,35.679         ,34.859            ,1.024 
7     ,7      ,1024 ,10   ,1273       ,128  ,38.09          ,37.669            ,1.011 
0     ,2      ,2    ,2    ,1273       ,512  ,19.785         ,20.758            ,0.953 
0     ,0      ,4    ,4    ,1273       ,512  ,19.73          ,20.662            ,0.955 
4     ,0      ,4    ,4    ,2147483647 ,512  ,19.569         ,20.51             ,0.954 
0     ,0      ,8    ,8    ,1273       ,512  ,24.821         ,21.045            ,1.179 
0     ,0      ,16   ,16   ,1273       ,512  ,24.877         ,20.92             ,1.189 
7     ,2      ,16   ,16   ,1273       ,512  ,24.762         ,23.004            ,1.076 
0     ,0      ,16   ,4    ,1273       ,512  ,26.463         ,22.322            ,1.186 
7     ,2      ,16   ,4    ,1273       ,512  ,24.942         ,22.834            ,1.092 
0     ,0      ,32   ,32   ,1273       ,512  ,25.091         ,22.453            ,1.118 
6     ,4      ,32   ,32   ,1273       ,512  ,26.484         ,22.977            ,1.153 
0     ,0      ,32   ,8    ,1273       ,512  ,22.575         ,23.599            ,0.957 
6     ,4      ,32   ,8    ,1273       ,512  ,25.686         ,25.958            ,0.99  
0     ,0      ,64   ,64   ,1273       ,512  ,27.655         ,27.197            ,1.017 
5     ,6      ,64   ,64   ,1273       ,512  ,31.239         ,29.826            ,1.047 
0     ,0      ,64   ,16   ,1273       ,512  ,27.755         ,26.96             ,1.029 
5     ,6      ,64   ,16   ,1273       ,512  ,31.956         ,29.145            ,1.096 
0     ,0      ,128  ,128  ,1273       ,512  ,32.012         ,35.701            ,0.897 
4     ,0      ,128  ,128  ,1273       ,512  ,38.248         ,38.38             ,0.997 
0     ,0      ,128  ,32   ,1273       ,512  ,30.346         ,34.141            ,0.889 
4     ,0      ,128  ,32   ,1273       ,512  ,39.305         ,36.293            ,1.083 
0     ,0      ,256  ,256  ,1273       ,512  ,43.447         ,58.018            ,0.749 
3     ,2      ,256  ,256  ,1273       ,512  ,54.518         ,62.534            ,0.872 
0     ,0      ,256  ,64   ,1273       ,512  ,41.795         ,52.084            ,0.802 
3     ,2      ,256  ,64   ,1273       ,512  ,58.191         ,61.962            ,0.939 
0     ,0      ,512  ,512  ,1273       ,512  ,67.387         ,89.34             ,0.754 
2     ,4      ,512  ,512  ,1273       ,512  ,116.366        ,100.634           ,1.156 
0     ,0      ,512  ,128  ,1273       ,512  ,62.145         ,80.615            ,0.771 
2     ,4      ,512  ,128  ,1273       ,512  ,81.633         ,98.085            ,0.832 
0     ,0      ,1024 ,256  ,1273       ,512  ,58.488         ,78.563            ,0.744 
1     ,6      ,1024 ,256  ,1273       ,512  ,85.223         ,88.564            ,0.962 
1     ,2      ,16   ,1    ,1273       ,512  ,27.813         ,23.647            ,1.176 
2     ,1      ,16   ,1    ,2147483647 ,512  ,26.456         ,23.347            ,1.133 
1     ,1      ,16   ,10   ,1273       ,512  ,25.132         ,23.266            ,1.08  
2     ,4      ,32   ,1    ,1273       ,512  ,28.669         ,23.272            ,1.232 
4     ,2      ,32   ,1    ,2147483647 ,512  ,27.23          ,23.397            ,1.164 
2     ,2      ,32   ,10   ,1273       ,512  ,26.585         ,26.275            ,1.012 
3     ,6      ,64   ,1    ,1273       ,512  ,29.381         ,28.614            ,1.027 
6     ,3      ,64   ,1    ,2147483647 ,512  ,31.492         ,28.957            ,1.088 
3     ,3      ,64   ,10   ,1273       ,512  ,30.793         ,30.966            ,0.994 
4     ,0      ,128  ,1    ,1273       ,512  ,37.748         ,35.99             ,1.049 
0     ,4      ,128  ,1    ,2147483647 ,512  ,39.212         ,36.836            ,1.065 
4     ,4      ,128  ,10   ,1273       ,512  ,38.319         ,36.956            ,1.037 
5     ,2      ,256  ,1    ,1273       ,512  ,54.906         ,48.467            ,1.133 
2     ,5      ,256  ,1    ,2147483647 ,512  ,55.663         ,52.677            ,1.057 
5     ,5      ,256  ,10   ,1273       ,512  ,54.403         ,52.313            ,1.04  
6     ,4      ,512  ,1    ,1273       ,512  ,78.273         ,76.559            ,1.022 
4     ,6      ,512  ,1    ,2147483647 ,512  ,78.786         ,80.789            ,0.975 
6     ,6      ,512  ,10   ,1273       ,512  ,77.205         ,79.355            ,0.973 
7     ,6      ,1024 ,1    ,1273       ,512  ,48.648         ,64.205            ,0.758 
6     ,7      ,1024 ,1    ,2147483647 ,512  ,78.058         ,73.286            ,1.065 
7     ,7      ,1024 ,10   ,1273       ,512  ,79.703         ,75.189            ,1.06  
1     ,0      ,128  ,128  ,1273       ,64   ,29.057         ,27.548            ,1.055 
0     ,0      ,128  ,128  ,1273       ,64   ,24.117         ,27.348            ,0.882 
1     ,0      ,128  ,64   ,1273       ,128  ,38.867         ,38.256            ,1.016 
0     ,0      ,128  ,64   ,1273       ,128  ,29.961         ,37.088            ,0.808 
1     ,0      ,128  ,128  ,1273       ,96   ,34.615         ,35.625            ,0.972 
0     ,0      ,128  ,128  ,1273       ,96   ,32.487         ,31.766            ,1.023 
1     ,0      ,128  ,96   ,1273       ,128  ,38.941         ,39.306            ,0.991 
0     ,0      ,128  ,96   ,1273       ,128  ,30.57          ,33.332            ,0.917 
1     ,0      ,128  ,128  ,1273       ,128  ,38.773         ,40.455            ,0.958 
1     ,0      ,128  ,128  ,1273       ,160  ,40.352         ,40.664            ,0.992 
0     ,0      ,128  ,128  ,1273       ,160  ,33.165         ,37.384            ,0.887 
1     ,0      ,128  ,160  ,1273       ,128  ,40.231         ,41.358            ,0.973 
0     ,0      ,128  ,160  ,1273       ,128  ,33.108         ,35.003            ,0.946 
1     ,0      ,128  ,128  ,1273       ,192  ,40.3           ,40.238            ,1.002 
0     ,0      ,128  ,128  ,1273       ,192  ,33.709         ,37.34             ,0.903 
1     ,0      ,128  ,192  ,1273       ,128  ,39.598         ,42.168            ,0.939 
0     ,0      ,128  ,192  ,1273       ,128  ,31.073         ,36.932            ,0.841 
1     ,0      ,256  ,256  ,1273       ,192  ,48.195         ,51.378            ,0.938 
0     ,0      ,256  ,256  ,1273       ,192  ,35.647         ,47.265            ,0.754 
1     ,0      ,256  ,192  ,1273       ,256  ,56.649         ,61.172            ,0.926 
0     ,0      ,256  ,192  ,1273       ,256  ,40.401         ,51.807            ,0.78  
1     ,0      ,256  ,256  ,1273       ,224  ,51.288         ,55.286            ,0.928 
0     ,0      ,256  ,256  ,1273       ,224  ,38.344         ,51.453            ,0.745 
1     ,0      ,256  ,224  ,1273       ,256  ,55.167         ,62.326            ,0.885 
0     ,0      ,256  ,224  ,1273       ,256  ,41.213         ,53.641            ,0.768 
1     ,0      ,256  ,256  ,1273       ,256  ,53.736         ,62.931            ,0.854 
0     ,0      ,256  ,256  ,1273       ,256  ,41.763         ,54.84             ,0.762 
1     ,0      ,256  ,256  ,1273       ,288  ,57.162         ,62.957            ,0.908 
0     ,0      ,256  ,256  ,1273       ,288  ,43.028         ,59.183            ,0.727 
1     ,0      ,256  ,288  ,1273       ,256  ,51.669         ,64.47             ,0.801 
0     ,0      ,256  ,288  ,1273       ,256  ,43.095         ,55.498            ,0.777 
1     ,0      ,256  ,256  ,1273       ,320  ,56.05          ,63.07             ,0.889 
0     ,0      ,256  ,256  ,1273       ,320  ,44.392         ,59.317            ,0.748 
1     ,0      ,256  ,320  ,1273       ,256  ,51.728         ,66.211            ,0.781 
0     ,0      ,256  ,320  ,1273       ,256  ,44.291         ,57.192            ,0.774 
1     ,0      ,512  ,512  ,1273       ,448  ,77.044         ,93.969            ,0.82  
0     ,0      ,512  ,512  ,1273       ,448  ,64.463         ,83.23             ,0.775 
1     ,0      ,512  ,448  ,1273       ,512  ,82.176         ,102.805           ,0.799 
0     ,0      ,512  ,448  ,1273       ,512  ,64.948         ,86.671            ,0.749 
1     ,0      ,512  ,512  ,1273       ,480  ,78.905         ,97.942            ,0.806 
0     ,0      ,512  ,512  ,1273       ,480  ,66.69          ,86.138            ,0.774 
1     ,0      ,512  ,480  ,1273       ,512  ,82.057         ,103.857           ,0.79  
0     ,0      ,512  ,480  ,1273       ,512  ,66.51          ,88.213            ,0.754 
1     ,0      ,512  ,512  ,1273       ,512  ,82.539         ,105.332           ,0.784 
1     ,0      ,512  ,512  ,1273       ,544  ,98.515         ,105.008           ,0.938 
0     ,0      ,512  ,512  ,1273       ,544  ,68.895         ,91.912            ,0.75  
1     ,0      ,512  ,544  ,1273       ,512  ,101.075        ,107.52            ,0.94  
0     ,0      ,512  ,544  ,1273       ,512  ,71.554         ,92.177            ,0.776 
1     ,0      ,512  ,512  ,1273       ,576  ,98.514         ,105.224           ,0.936 
0     ,0      ,512  ,512  ,1273       ,576  ,69.458         ,91.801            ,0.757 
1     ,0      ,512  ,576  ,1273       ,512  ,99.421         ,110.899           ,0.897 
0     ,0      ,512  ,576  ,1273       ,512  ,74.804         ,94.531            ,0.791 
1     ,0      ,1024 ,960  ,1273       ,1024 ,172.197        ,186.762           ,0.922 
0     ,0      ,1024 ,960  ,1273       ,1024 ,149.064        ,148.704           ,1.002 
1     ,0      ,1024 ,992  ,1273       ,1024 ,182.58         ,176.28            ,1.036 
0     ,0      ,1024 ,992  ,1273       ,1024 ,148.858        ,147.869           ,1.007 
0.9592914274003035
