
Results For: wcsncpy
align1,align2 ,len  ,max_char   ,n    ,__wcsncpy_evex ,__wcsncpy_generic 
1     ,1      ,16   ,1273       ,16   ,8.976          ,10.532            ,0.852 
1     ,1      ,16   ,2147483647 ,16   ,8.98           ,10.654            ,0.843 
1     ,2      ,16   ,1273       ,16   ,9.758          ,10.691            ,0.913 
2     ,1      ,16   ,2147483647 ,16   ,9.461          ,10.71             ,0.883 
7     ,2      ,2    ,1273       ,4    ,5.438          ,12.941            ,0.42  
2     ,7      ,4    ,1273       ,2    ,5.171          ,9.875             ,0.524 
7     ,2      ,2    ,2147483647 ,4    ,5.092          ,12.884            ,0.395 
2     ,7      ,4    ,2147483647 ,2    ,5.147          ,9.907             ,0.52  
2     ,2      ,16   ,1273       ,16   ,9.198          ,10.999            ,0.836 
2     ,2      ,16   ,2147483647 ,16   ,9.293          ,10.813            ,0.859 
2     ,4      ,16   ,1273       ,16   ,10.053         ,11.03             ,0.911 
4     ,2      ,16   ,2147483647 ,16   ,9.683          ,11.05             ,0.876 
6     ,4      ,4    ,1273       ,8    ,6.726          ,13.384            ,0.503 
4     ,6      ,8    ,1273       ,4    ,5.226          ,9.958             ,0.525 
6     ,4      ,4    ,2147483647 ,8    ,6.725          ,13.465            ,0.499 
4     ,6      ,8    ,2147483647 ,4    ,5.237          ,10.013            ,0.523 
3     ,3      ,16   ,1273       ,16   ,9.356          ,11.137            ,0.84  
3     ,3      ,16   ,2147483647 ,16   ,9.316          ,11.088            ,0.84  
3     ,6      ,16   ,1273       ,16   ,10.147         ,11.153            ,0.91  
6     ,3      ,16   ,2147483647 ,16   ,8.528          ,11.121            ,0.767 
5     ,6      ,8    ,1273       ,16   ,9.548          ,13.951            ,0.684 
6     ,5      ,16   ,1273       ,8    ,5.219          ,9.43              ,0.553 
5     ,6      ,8    ,2147483647 ,16   ,9.584          ,14.188            ,0.675 
6     ,5      ,16   ,2147483647 ,8    ,5.224          ,9.479             ,0.551 
4     ,4      ,16   ,1273       ,16   ,9.32           ,11.205            ,0.832 
4     ,4      ,16   ,2147483647 ,16   ,9.294          ,10.94             ,0.85  
4     ,0      ,16   ,1273       ,16   ,7.288          ,10.668            ,0.683 
0     ,4      ,16   ,2147483647 ,16   ,6.804          ,10.454            ,0.651 
4     ,0      ,16   ,1273       ,32   ,8.379          ,16.485            ,0.508 
0     ,4      ,32   ,1273       ,16   ,6.791          ,10.6              ,0.641 
4     ,0      ,16   ,2147483647 ,32   ,8.379          ,16.191            ,0.518 
0     ,4      ,32   ,2147483647 ,16   ,6.775          ,10.494            ,0.646 
5     ,5      ,16   ,1273       ,16   ,9.276          ,10.768            ,0.861 
5     ,5      ,16   ,2147483647 ,16   ,9.294          ,11.032            ,0.842 
5     ,2      ,16   ,1273       ,16   ,8.509          ,10.929            ,0.779 
2     ,5      ,16   ,2147483647 ,16   ,10.159         ,11.07             ,0.918 
3     ,2      ,32   ,1273       ,64   ,11.741         ,18.856            ,0.623 
2     ,3      ,64   ,1273       ,32   ,11.991         ,12.772            ,0.939 
3     ,2      ,32   ,2147483647 ,64   ,11.705         ,18.926            ,0.618 
2     ,3      ,64   ,2147483647 ,32   ,12.021         ,12.792            ,0.94  
6     ,6      ,16   ,1273       ,16   ,9.34           ,11.148            ,0.838 
6     ,6      ,16   ,2147483647 ,16   ,9.378          ,11.005            ,0.852 
6     ,4      ,16   ,1273       ,16   ,8.574          ,11.087            ,0.773 
4     ,6      ,16   ,2147483647 ,16   ,10.224         ,11.059            ,0.924 
2     ,4      ,64   ,1273       ,128  ,21.81          ,26.768            ,0.815 
4     ,2      ,128  ,1273       ,64   ,13.668         ,19.579            ,0.698 
2     ,4      ,64   ,2147483647 ,128  ,21.901         ,26.819            ,0.817 
4     ,2      ,128  ,2147483647 ,64   ,13.769         ,19.595            ,0.703 
7     ,7      ,16   ,1273       ,16   ,9.377          ,11.162            ,0.84  
7     ,7      ,16   ,2147483647 ,16   ,9.376          ,11.211            ,0.836 
7     ,6      ,16   ,1273       ,16   ,8.569          ,11.087            ,0.773 
6     ,7      ,16   ,2147483647 ,16   ,10.233         ,11.126            ,0.92  
1     ,6      ,128  ,1273       ,256  ,31.91          ,48.193            ,0.662 
6     ,1      ,256  ,1273       ,128  ,20.252         ,27.397            ,0.739 
1     ,6      ,128  ,2147483647 ,256  ,31.45          ,46.826            ,0.672 
6     ,1      ,256  ,2147483647 ,128  ,20.236         ,27.31             ,0.741 
0     ,0      ,8    ,1273       ,16   ,8.482          ,14.627            ,0.58  
0     ,0      ,32   ,1273       ,16   ,5.953          ,10.65             ,0.559 
7     ,2      ,8    ,1273       ,16   ,10.539         ,15.338            ,0.687 
7     ,2      ,32   ,1273       ,16   ,8.574          ,11.122            ,0.771 
0     ,0      ,16   ,1273       ,32   ,7.877          ,15.813            ,0.498 
0     ,0      ,64   ,1273       ,32   ,7.323          ,12.797            ,0.572 
6     ,4      ,16   ,1273       ,32   ,9.415          ,16.452            ,0.572 
6     ,4      ,64   ,1273       ,32   ,9.731          ,12.97             ,0.75  
0     ,0      ,32   ,1273       ,64   ,9.809          ,17.978            ,0.546 
0     ,0      ,128  ,1273       ,64   ,10.678         ,15.906            ,0.671 
5     ,6      ,32   ,1273       ,64   ,14.138         ,18.511            ,0.764 
5     ,6      ,128  ,1273       ,64   ,16.645         ,19.507            ,0.853 
0     ,0      ,64   ,1273       ,128  ,15.432         ,24.259            ,0.636 
0     ,0      ,256  ,1273       ,128  ,16.108         ,23.366            ,0.689 
4     ,0      ,64   ,1273       ,128  ,17.462         ,24.612            ,0.71  
4     ,0      ,256  ,1273       ,128  ,20.107         ,26.363            ,0.763 
0     ,0      ,128  ,1273       ,256  ,20.68          ,42.056            ,0.492 
0     ,0      ,512  ,1273       ,256  ,23.049         ,37.463            ,0.615 
3     ,2      ,128  ,1273       ,256  ,29.755         ,46.0              ,0.647 
3     ,2      ,512  ,1273       ,256  ,37.917         ,39.889            ,0.951 
0     ,0      ,256  ,1273       ,512  ,31.345         ,62.892            ,0.498 
0     ,0      ,1024 ,1273       ,512  ,37.188         ,60.422            ,0.615 
2     ,4      ,256  ,1273       ,512  ,50.889         ,67.56             ,0.753 
2     ,4      ,1024 ,1273       ,512  ,66.386         ,71.684            ,0.926 
0     ,0      ,512  ,1273       ,1024 ,58.277         ,104.621           ,0.557 
1     ,6      ,512  ,1273       ,1024 ,108.897        ,123.553           ,0.881 
1     ,0      ,128  ,1273       ,64   ,12.092         ,15.998            ,0.756 
1     ,0      ,64   ,1273       ,128  ,17.214         ,24.268            ,0.709 
1     ,0      ,128  ,1273       ,96   ,17.91          ,22.335            ,0.802 
0     ,0      ,128  ,1273       ,96   ,14.259         ,20.998            ,0.679 
1     ,0      ,96   ,1273       ,128  ,18.493         ,27.953            ,0.662 
0     ,0      ,96   ,1273       ,128  ,15.64          ,27.614            ,0.566 
1     ,0      ,128  ,1273       ,128  ,20.831         ,27.391            ,0.761 
0     ,0      ,128  ,1273       ,128  ,16.409         ,23.315            ,0.704 
1     ,0      ,128  ,1273       ,160  ,21.635         ,32.255            ,0.671 
0     ,0      ,128  ,1273       ,160  ,17.731         ,31.816            ,0.557 
1     ,0      ,160  ,1273       ,128  ,20.999         ,26.1              ,0.805 
0     ,0      ,160  ,1273       ,128  ,16.444         ,23.299            ,0.706 
1     ,0      ,128  ,1273       ,192  ,23.466         ,35.895            ,0.654 
0     ,0      ,128  ,1273       ,192  ,19.011         ,37.192            ,0.511 
1     ,0      ,192  ,1273       ,128  ,20.58          ,25.965            ,0.793 
0     ,0      ,192  ,1273       ,128  ,16.343         ,23.245            ,0.703 
1     ,0      ,256  ,1273       ,192  ,27.101         ,32.803            ,0.826 
0     ,0      ,256  ,1273       ,192  ,19.253         ,30.353            ,0.634 
1     ,0      ,192  ,1273       ,256  ,32.405         ,44.017            ,0.736 
0     ,0      ,192  ,1273       ,256  ,21.548         ,44.378            ,0.486 
1     ,0      ,256  ,1273       ,224  ,31.548         ,35.729            ,0.883 
0     ,0      ,256  ,1273       ,224  ,20.798         ,34.097            ,0.61  
1     ,0      ,224  ,1273       ,256  ,34.272         ,45.169            ,0.759 
0     ,0      ,224  ,1273       ,256  ,23.048         ,45.625            ,0.505 
1     ,0      ,256  ,1273       ,256  ,36.605         ,42.736            ,0.857 
0     ,0      ,256  ,1273       ,256  ,23.463         ,37.554            ,0.625 
1     ,0      ,256  ,1273       ,288  ,38.486         ,47.926            ,0.803 
0     ,0      ,256  ,1273       ,288  ,24.042         ,48.03             ,0.501 
1     ,0      ,288  ,1273       ,256  ,36.371         ,39.526            ,0.92  
0     ,0      ,288  ,1273       ,256  ,23.45          ,37.621            ,0.623 
1     ,0      ,256  ,1273       ,320  ,41.006         ,49.089            ,0.835 
0     ,0      ,256  ,1273       ,320  ,24.624         ,49.16             ,0.501 
1     ,0      ,320  ,1273       ,256  ,36.385         ,38.584            ,0.943 
0     ,0      ,320  ,1273       ,256  ,23.434         ,37.639            ,0.623 
1     ,0      ,512  ,1273       ,448  ,53.391         ,58.791            ,0.908 
0     ,0      ,512  ,1273       ,448  ,35.07          ,55.163            ,0.636 
1     ,0      ,448  ,1273       ,512  ,54.751         ,67.841            ,0.807 
0     ,0      ,448  ,1273       ,512  ,36.435         ,66.881            ,0.545 
1     ,0      ,512  ,1273       ,480  ,54.838         ,62.181            ,0.882 
0     ,0      ,512  ,1273       ,480  ,36.873         ,57.748            ,0.639 
1     ,0      ,480  ,1273       ,512  ,56.815         ,69.9              ,0.813 
0     ,0      ,480  ,1273       ,512  ,37.671         ,67.882            ,0.555 
1     ,0      ,512  ,1273       ,512  ,58.321         ,69.883            ,0.835 
0     ,0      ,512  ,1273       ,512  ,38.635         ,60.548            ,0.638 
1     ,0      ,512  ,1273       ,544  ,60.304         ,73.213            ,0.824 
0     ,0      ,512  ,1273       ,544  ,39.606         ,70.781            ,0.56  
1     ,0      ,544  ,1273       ,512  ,58.207         ,66.541            ,0.875 
0     ,0      ,544  ,1273       ,512  ,38.677         ,60.475            ,0.64  
1     ,0      ,512  ,1273       ,576  ,61.451         ,74.356            ,0.826 
0     ,0      ,512  ,1273       ,576  ,40.983         ,71.974            ,0.569 
1     ,0      ,576  ,1273       ,512  ,58.187         ,66.945            ,0.869 
0     ,0      ,576  ,1273       ,512  ,38.88          ,60.633            ,0.641 
1     ,0      ,1024 ,1273       ,960  ,104.385        ,109.603           ,0.952 
0     ,0      ,1024 ,1273       ,960  ,79.061         ,99.437            ,0.795 
1     ,0      ,960  ,1273       ,1024 ,105.885        ,116.097           ,0.912 
0     ,0      ,960  ,1273       ,1024 ,87.365         ,103.248           ,0.846 
1     ,0      ,1024 ,1273       ,992  ,106.511        ,111.018           ,0.959 
0     ,0      ,1024 ,1273       ,992  ,80.558         ,105.45            ,0.764 
1     ,0      ,992  ,1273       ,1024 ,108.145        ,121.306           ,0.892 
0     ,0      ,992  ,1273       ,1024 ,83.036         ,104.87            ,0.792 
1     ,0      ,1024 ,1273       ,1024 ,123.885        ,122.647           ,1.01  
0     ,0      ,1024 ,1273       ,1024 ,81.893         ,105.384           ,0.777 
1     ,0      ,1024 ,1273       ,1056 ,134.933        ,121.728           ,1.108 
0     ,0      ,1024 ,1273       ,1056 ,84.493         ,108.781           ,0.777 
1     ,0      ,1056 ,1273       ,1024 ,124.931        ,113.767           ,1.098 
0     ,0      ,1056 ,1273       ,1024 ,81.756         ,106.904           ,0.765 
1     ,0      ,1024 ,1273       ,1088 ,136.037        ,122.077           ,1.114 
0     ,0      ,1024 ,1273       ,1088 ,91.657         ,108.439           ,0.845 
1     ,0      ,1088 ,1273       ,1024 ,123.911        ,112.882           ,1.098 
0     ,0      ,1088 ,1273       ,1024 ,81.866         ,107.297           ,0.763 
0.7192023344430188
